122
AmoebozoaEP00007CuneaspBSH02190019_4976471__RGS7_BOVIN_Regulator_of_G-protein_signaling_7_OS_                      0.0000000 0.7045389 3.5616296 2.8602393 3.3781209 3.8599398 2.9468434 3.7829850 3.2671965 3.2167727 3.0094644 3.8965319 2.7890996 2.7890996 2.6932939 2.8879857 2.8133925 2.8011961 2.8497974 2.9478728 3.1362567 2.8720622 2.9862374 2.4012599 3.2677038 2.8508515 2.1283792 2.6759027 2.6747714 2.9437357 2.8050127 3.5358204 2.0496664 1.3676685 2.5896786 2.8272101 2.5320317 2.5386017 2.5000445 2.5357739 3.2822593 2.5954817 2.3263516 3.3515186 2.5291995 2.0651824 2.6709708 2.4401672 3.2034917 2.6610665 2.8101892 2.8101892 2.8101892 2.8101892 2.6136335 2.7938148 2.5825214 2.1973868 2.2041526 2.7661214 2.4316247 2.7821593 2.8052428 2.9904732 5.1696124 3.6916462 3.0072360 3.1302042 4.0160673 3.4568825 2.8944304 3.2991817 3.0854556 3.7254686 3.0940504 2.8166632 3.4755381 3.4591911 4.3168758 4.3168758 4.3168758 2.9502503 3.0221557 3.1954639 3.8852169 3.2947632 3.0301758 3.1407751 3.9126683 3.4136961 3.4136961 2.6849573 2.6971176 2.6971176 2.6527473 3.7796670 3.7828298 3.7796670 2.4048077 3.3687521 2.5292427 3.7840284 2.3898035 3.5268609 2.8583106 2.4344072 2.8021157 2.4260163 2.4260163 2.4260163 2.7482398 3.7973094 3.1073000 2.8826200 2.4290629 2.3953228 3.1043295 2.3810582 2.7822055 2.4503102 3.5792950 3.5278161 
AmoebozoaEP00007CuneaspBSH02190019_4984918__RGS7_RAT_Regulator_of_G-protein_signaling_7_OS_                        0.7045389 0.0000000 3.4854386 3.0062385 3.4958510 3.4227564 2.6399982 3.7828403 2.8142948 2.6303240 2.7767405 3.3934758 3.4814679 3.4814679 2.6533104 2.8220214 2.4057055 2.5671665 2.5643520 2.5774563 2.5930925 2.7002361 2.5262167 2.4804351 3.0309511 2.6366365 2.2928991 2.4026348 2.4675386 2.3961619 2.8089040 2.7890484 2.1553783 1.7878983 2.3144684 2.3536954 2.4658457 2.2338120 2.2816858 2.8039275 3.1913833 2.2894913 2.1495588 3.2343784 2.2799499 2.3257602 2.3026194 2.2863408 3.2767146 2.4158939 2.5139083 2.5213198 2.5106558 2.5088648 2.5006758 2.6259730 2.4417523 2.2730664 2.2718021 2.4334275 2.3922927 2.5382536 2.8454658 3.0394037 4.0599827 3.5357441 2.5922028 3.1352879 3.2280765 3.2434303 2.5738019 3.2636979 2.7465441 3.2122810 2.8112447 2.9803343 3.2304438 3.2076651 4.8091799 4.9993287 4.8091799 3.1729122 2.9152325 3.0458328 3.5702873 3.0801938 2.8754023 3.0121435 3.4847433 3.1289218 3.1289218 2.4329066 2.4442636 2.4442636 2.3513944 3.5756788 3.8802427 3.5756788 2.1160027 3.0389516 2.1471232 3.0025697 2.1476082 2.9294278 2.6846371 2.3361057 2.4545424 2.2357943 2.2252016 2.2252016 2.5856888 2.7971998 2.7074767 2.5446817 2.2263534 2.1463916 2.6894369 2.0826227 2.5618742 2.2459442 3.1795985 3.3041081 
AmoebozoaEP00007CuneaspBSH02190019_4985070__RGS11_HUMAN_Regulator_of_G-protein_signaling_11_OS_                    3.5616296 3.4854386 0.0000000 3.4988209 3.4073111 3.9380958 3.4313975 3.9625453 3.7268261 3.8604295 3.4901752 3.6096069 3.3422117 3.3422117 3.8814272 3.4652352 3.1997585 3.5176825 3.4781371 3.4151985 3.5278981 3.7293687 3.3524407 3.4001995 3.7812912 3.6748831 2.7875096 3.2816209 3.3047062 3.5265899 3.3351663 3.2942283 3.4467959 3.3169438 3.7311365 3.7008102 3.1787333 3.6519603 3.5477689 3.3574915 3.6222501 3.4696480 2.9887826 3.7121400 3.5241518 3.4529558 3.2657249 3.6536363 3.0230309 3.6532706 3.7547454 3.7683897 3.7547454 3.7549116 3.0056670 3.1038352 3.4836372 2.7751884 2.7694175 3.3152586 3.0032725 4.0123743 3.3468656 4.0891384 4.4480883 5.0921652 3.6344636 2.5149303 4.0088815 3.5514799 3.6576532 3.7643552 3.5511393 3.6750510 3.6122334 2.6839307 3.8336949 3.6887397 4.7103393 4.7379996 4.7103393 3.8469405 3.8143884 3.6532415 3.8818592 3.8214857 3.0494536 3.9926457 4.1590900 4.4866634 4.4866634 3.3229615 3.3575013 3.3575013 3.8844796 4.0434669 4.2482675 4.2326488 3.2926711 3.8931166 3.3519002 3.8080435 3.3244016 3.9189472 3.8059633 3.5239353 3.4198290 3.6170171 3.6170171 3.6663745 3.6827489 4.2725423 3.7063781 3.0721303 3.6763979 3.4084895 3.6401585 3.4282618 3.2672419 3.6707977 3.7613370 3.8532241 
ChoanoflagellataEP00039Didymoecacostata_10857898__RGS9_RAT_Regulator_of_G-protein_signaling_9_OS_                  2.8602393 3.0062385 3.4988209 0.0000000 2.4304404 2.4191085 3.1148686 3.6525535 3.8126433 3.5475660 3.4844735 4.2388610 3.6913768 3.6913768 3.8215072 3.4624996 3.6477684 3.8395793 3.5591527 3.5735452 3.8707718 3.1221691 3.3611712 3.4938022 3.5129188 3.7129364 3.7354047 3.0853759 3.6157055 3.4904069 3.5905363 4.0334026 2.7734851 1.8633320 3.5018304 3.6999445 3.5599667 3.3898165 3.3542819 3.0690317 3.5430152 3.4229520 2.9229499 3.4963863 3.5317436 3.2994244 3.2348737 3.3739984 3.3185959 3.5469291 3.5311827 3.5200350 3.5761396 3.5065270 3.1216628 2.9209724 3.4906047 2.3806123 2.5218415 3.7063704 3.4622784 3.3503251 3.4226572 3.9535534 4.3012671 3.7863471 3.6927003 3.1109881 4.4166872 3.3962555 3.5728724 3.8114377 3.8960113 3.5635761 3.7494394 3.5481283 4.0349302 3.8963152 5.4633955 5.2826616 5.4633955 3.4544964 3.4369035 3.4052271 3.7504940 3.4905315 3.3606542 3.3929681 3.7943621 3.7828271 3.7828271 3.3172344 3.3524521 3.3524521 3.4873014 3.7403720 3.9102461 3.7849841 3.3194051 3.9071348 3.1438009 3.5617986 3.1885569 3.8205068 3.7192354 3.2515752 3.0827929 3.4418056 3.4407095 3.6225243 3.5124675 3.9028595 3.4309526 3.3990371 3.2829136 3.2426851 3.4797733 3.2445994 3.1402112 3.2864776 3.6691308 4.5233855 
ChoanoflagellataEP00047Mylnosigafluctuans_11129789__RGS9_HUMAN_Regulator_of_G-protein_signaling_9_OS_              3.3781209 3.4958510 3.4073111 2.4304404 0.0000000 2.2664876 3.1524388 4.5904259 4.5604956 3.8233058 3.4731068 3.8270127 2.8590549 2.8590549 3.4684474 3.1878181 3.3488493 3.4111337 3.5683231 3.2943645 3.7570365 3.4429640 3.4774307 3.0122755 3.4969200 3.6272162 2.7029920 2.6184606 3.3377654 3.0100022 3.3520692 3.8281677 2.9731369 2.0066373 2.6190073 3.7506459 3.4072967 2.9516858 3.1409162 2.4993271 3.2494108 3.1655192 2.2793310 3.5188801 3.2756780 2.7309181 3.1731427 3.0403901 3.4094621 2.9792004 3.1728274 3.1960528 3.1739805 3.1572018 2.5109944 2.5993752 3.1911520 2.3780109 2.3823413 3.1785842 2.8910789 3.2461310 2.9260819 3.6652740 4.0208783 4.3430543 3.4299710 2.3112711 3.5967108 2.9911672 3.3113918 3.0100856 3.5184352 2.9164141 3.4217932 3.0005500 3.6903476 3.5636083 4.8993801 4.8363172 4.8993801 3.1386771 3.4610955 2.4446005 3.1760845 2.4700796 2.3558444 3.6760063 4.3518960 3.6396734 3.6396734 3.1734798 3.1618471 3.1618471 3.5169209 3.4423481 3.3060564 3.5998351 2.6359541 3.3397467 2.8431321 3.8291859 3.0115998 3.7415537 3.1131821 2.8886017 2.9099637 3.2608198 3.2608198 3.3210298 3.3778344 4.4545731 3.2370639 3.1299370 2.9170431 2.8839215 3.2382885 2.8923610 3.2303876 2.9403522 4.0020118 4.1977235 
ChoanoflagellateaMonosigabrevicollisUP000001357_11433402__RGS11_MOUSE_Regulator_of_G-protein_signaling_11_OS_      3.8599398 3.4227564 3.9380958 2.4191085 2.2664876 0.0000000 3.3717367 4.0087221 4.3289174 3.7036819 3.4455006 3.8972137 3.9168414 3.9168414 3.7308044 3.1357559 3.3668316 3.4982091 3.5675014 3.4712003 3.8723081 3.2528788 3.4055929 3.2449147 3.4877073 3.5871927 3.4395503 2.7189301 3.6670705 3.4154314 3.3495094 3.6191333 3.1226162 1.6946171 3.2084889 3.7694620 3.8807155 3.4334846 3.4764387 2.9072297 3.3888360 3.4262681 2.6273084 3.5827800 3.6450505 3.7621829 3.2352859 3.7977804 3.4708558 3.1945416 3.0945246 3.1134407 3.0758064 3.0720525 3.0383583 2.7113747 3.3260401 2.7699326 2.7903556 3.3269640 3.6946406 3.0731747 3.0501004 3.9170936 3.5393236 3.9413206 3.3000759 3.3450265 3.8448290 4.4389031 3.5471195 3.8972354 3.4644206 4.0300172 3.2316587 3.1190444 3.5570848 3.3112463 4.7968840 4.4827036 4.7968840 3.5777553 3.7045728 3.0287754 3.5246367 3.1971658 3.1900151 3.8530392 4.5223857 3.9422429 3.9422429 3.2251818 3.2251818 3.2251818 3.6177938 3.8967223 3.8870841 3.8301325 2.8384096 3.7897136 2.9543478 3.9901083 3.1382252 3.6528618 3.1875967 2.9776009 3.1072611 3.3172339 3.3449291 3.3882888 3.2244972 3.7460383 3.1513853 3.3485034 3.0577779 3.0391805 3.2360789 2.8900375 3.0967449 3.0744542 3.6445328 4.0983665 
FilastreaCapsasporaowczarzakiUP000008743_12984649__RGS6_MOUSE_Regulator_of_G-protein_signaling_6_OS_               2.9468434 2.6399982 3.4313975 3.1148686 3.1524388 3.3717367 0.0000000 1.9035381 1.3980314 1.8205222 1.5634277 1.9760901 2.5315893 2.5315893 1.5061475 1.3514543 1.4214067 1.5808870 1.4805276 1.4470352 1.5536272 1.3430014 1.4796519 1.3909957 1.6579698 1.5881393 1.5312185 1.2898026 1.4223549 1.4498459 1.7800599 1.7295263 2.4067441 1.0384615 1.9504159 1.3741211 1.7600994 1.3747448 1.3767822 1.8949781 2.0040404 1.4126731 1.5305259 2.0068570 1.4537040 1.7399989 1.3369173 1.4976512 2.3843993 1.3764804 1.4561792 1.4561792 1.4592436 1.4239175 1.4461463 1.4427486 1.3220522 1.2738287 1.2952566 1.4423686 1.8286312 1.4349015 2.3126089 1.9606599 3.1991429 3.0485854 1.7276525 2.2555831 2.9965804 2.9907484 1.6394659 2.4607051 1.7430274 3.1527843 1.6982353 2.1615072 2.2185209 2.1860768 4.2342402 4.1578163 4.2342402 1.7223775 1.7369938 1.7940093 1.8630361 1.9298300 2.3945820 2.8938606 3.0664703 2.9541821 2.9541821 1.4748524 1.4851442 1.4851442 1.6697425 2.1325901 2.4400014 2.1789383 1.4242239 1.7736462 1.3895724 1.6782697 1.4177057 1.7525751 1.6506824 1.4526601 1.5250858 1.6865705 1.6865705 1.7797948 1.4364741 2.0587430 1.7035796 1.6534345 1.4194980 1.4292284 1.6972972 1.4198921 1.6924322 1.3984278 2.2948172 3.2299551 
FungiSpizellomycespunctatusUP000053201_13452626__RGS7_BOVIN_Regulator_of_G-protein_signaling_7_OS_                 3.7829850 3.7828403 3.9625453 3.6525535 4.5904259 4.0087221 1.9035381 0.0000000 1.8298255 2.5665241 2.2493943 2.9992482 2.8998644 2.8998644 2.6125111 2.2327438 2.2987214 2.2516730 2.3264735 2.2679165 2.3125644 2.2085312 2.2651031 2.1809902 2.5281482 2.3962140 2.1119128 2.1745498 2.1118459 2.2332853 2.5581359 2.1918351 2.2997338 1.6588435 2.4696979 2.0198937 1.8926915 2.1600682 2.1380715 2.7620696 2.6314056 2.0980360 1.9970739 2.4075882 2.2016795 2.2623847 2.0489946 2.0754103 3.0397794 2.0111576 2.3182138 2.3305733 2.3040056 2.3198930 2.1162511 2.0827062 2.0815099 1.8185965 1.7768812 2.1782029 2.3392838 2.1407246 3.4949312 2.5432402 4.0624440 3.9499978 2.3764755 3.0414665 3.6384593 3.6493042 2.3977212 3.0703016 2.3908268 4.4916077 2.3709022 3.2399060 2.8668234 2.9257814 4.5672716 4.5869169 4.5672716 2.6111738 2.3406280 2.1398744 2.3342953 2.2861900 3.4716174 2.8638770 3.4844243 2.9755048 2.9755048 2.0889759 2.0889759 2.0889759 2.2597609 2.7787396 2.7391941 2.8314759 1.9426322 2.4620484 1.9164180 2.2875133 2.0845277 2.4555315 2.5350254 2.0907472 2.1862087 2.2173336 2.2016586 2.3232598 2.1655941 2.8179015 2.4398582 2.4358751 2.0379213 1.9844217 2.4442583 1.9864485 2.3263244 2.0485562 2.8493294 3.9261053 
IchthyosporeaEP00123Amoebidiumparasiticum_14551137__RGS7_BOVIN_Regulator_of_G-protein_signaling_7_OS_              3.2671965 2.8142948 3.7268261 3.8126433 4.5604956 4.3289174 1.3980314 1.8298255 0.0000000 1.4511854 0.3832810 1.4803767 3.4301332 3.4301332 1.5979786 1.8040555 1.8368768 1.7398786 1.7284465 1.9289918 1.9937958 1.8290525 1.9184917 1.8069820 2.0131089 1.9808868 2.4000067 1.9524226 1.7649413 1.7237516 1.9842193 1.9885048 2.2639109 9.0000000 3.4328807 1.7340038 3.0663232 1.7446337 1.6897158 2.5659995 2.0640087 1.6875471 2.4520382 2.1695511 1.7281134 2.6279213 1.6134569 2.1289122 3.2385622 1.9050601 2.0060895 2.0060895 2.0060895 2.0060895 2.4459333 1.9824095 1.8107019 2.2549351 2.7959640 1.7737346 3.5980694 1.7373752 3.6789579 2.4954295 4.0155799 3.2266605 1.8751279 2.7717734 4.0625440 3.8152599 2.2473362 3.4444029 1.9207791 4.1849859 1.8943692 2.6596728 2.3359851 2.4774432 5.0229190 5.0229190 5.0229190 2.2159021 2.3287561 4.1001435 2.3179592 4.2480196 3.1437187 2.9994862 4.3314268 3.1797202 3.1797202 1.8169483 1.8169483 1.8169483 2.1640102 2.0924913 2.6678599 2.0819185 1.8305356 2.0176494 1.8298665 1.7924498 1.9779027 2.0239797 2.0665369 1.9277910 1.8616398 2.0040206 2.0040206 2.0407459 1.8564442 2.3481593 2.0076516 1.9804537 2.0233251 1.8840397 1.9798214 1.8824392 1.9747302 2.0307962 2.0420306 3.8325822 
IchthyosporeaEP00123Amoebidiumparasiticum_14556706__RGS7_BOVIN_Regulator_of_G-protein_signaling_7_OS_              3.2167727 2.6303240 3.8604295 3.5475660 3.8233058 3.7036819 1.8205222 2.5665241 1.4511854 0.0000000 1.4336950 1.9439053 3.0050459 3.0050459 1.9253723 2.0677881 2.1577367 2.2080488 2.1996008 2.2257616 2.0967388 1.8999433 1.9257798 2.1772103 2.0848630 2.1864858 2.5780402 1.7696866 1.9959722 1.9732838 2.1281660 2.1310902 2.3344163 1.5578472 2.6802126 1.9699320 2.6118428 1.9816738 2.0177279 2.3863613 2.2337857 1.9780693 1.9944472 2.2891235 2.0156883 2.4654217 1.8310872 2.0705190 2.7597557 2.2190917 2.0920285 2.0819727 2.1000102 2.0915101 2.0166662 1.9088337 2.0120890 2.1468175 2.2624222 2.0378347 2.2171724 2.0842148 3.0179439 2.5081988 3.8866841 3.5228770 2.2966311 3.0252007 3.7314857 3.6225911 2.0459970 2.7006814 2.3131227 3.5772647 2.2885034 2.8429969 2.4868886 2.7136479 4.5477589 4.5477589 4.5477589 2.2194688 2.2307364 2.4293025 2.3983765 2.5281538 2.8599931 2.4466898 3.2302461 2.6510522 2.6510522 2.0584144 2.0584144 2.0584144 2.2728326 2.4549895 2.5921034 2.4395439 2.0535691 2.3358002 1.9872408 2.1233385 2.1114726 2.1095503 2.1267009 2.0615220 2.1993235 2.1508511 2.1508511 2.2006682 2.1615034 2.6511635 2.0482410 1.8717013 2.0606863 1.9565346 2.1016127 1.9633833 2.0685147 2.0741635 2.1075011 3.3237490 
IchthyosporeaEP00123Amoebidiumparasiticum_14558141__RGS7_BOVIN_Regulator_of_G-protein_signaling_7_OS_              3.0094644 2.7767405 3.4901752 3.4844735 3.4731068 3.4455006 1.5634277 2.2493943 0.3832810 1.4336950 0.0000000 1.6604372 2.6950907 2.6950907 1.6474896 1.9399776 1.9006006 1.9516688 1.9448707 1.9802350 2.1031948 1.8757651 2.0474403 2.0087350 2.2445477 1.9728082 2.5845444 1.8213944 1.8156244 1.8919284 2.2389581 1.9498745 2.2374391 2.3012787 2.6816887 1.8009406 2.4740095 1.7606573 1.7329671 2.6006116 2.1156420 1.7608743 2.2147460 2.2011395 1.7610203 2.1990473 1.7186835 2.0976978 3.4494831 2.0306278 2.0315343 2.0250332 2.0316588 2.0315343 2.3194845 1.8806874 1.9860249 2.0838143 2.2368294 1.8535340 2.6457284 1.8835090 3.3504055 2.4883682 3.6341692 3.4912332 2.0843839 2.8996133 3.3358556 3.6995837 2.1282910 2.3704030 2.0075466 3.6407562 2.1149263 2.6320945 2.5972966 2.7055229 4.2779426 4.2779426 4.2779426 2.1881597 2.1106065 2.4743567 2.1729157 2.5298405 3.2662599 2.8141447 3.3262760 2.9217263 2.9217263 1.9793999 1.9793999 1.9793999 2.1142852 2.4194439 2.7409203 2.4219080 1.8184865 2.1266325 1.8521342 1.9183791 2.0115180 2.0854905 1.9383341 1.9341810 2.1063504 2.1072988 2.1072988 2.1386767 1.9027526 2.5329944 2.1525868 2.1354666 1.9833253 1.8846472 2.1270793 1.8870718 2.2134583 1.9983949 2.1674572 3.4934619 
IchthyosporeaEP00123Amoebidiumparasiticum_14570265__RGS7_BOVIN_Regulator_of_G-protein_signaling_7_OS_              3.8965319 3.3934758 3.6096069 4.2388610 3.8270127 3.8972137 1.9760901 2.9992482 1.4803767 1.9439053 1.6604372 0.0000000 3.1886715 3.1886715 2.1578755 2.3776333 2.3806283 2.2791665 2.5307793 2.3802067 2.6248098 2.2436828 2.3230855 2.5170415 2.3782504 2.6324332 2.4543218 2.0168448 2.4971267 2.4628118 2.6010213 2.5763745 2.1200470 2.1545158 3.0175566 2.4158614 3.3540082 2.3936672 2.4702726 2.1773101 2.8175505 2.4126687 2.3718350 2.7498319 2.5201737 2.6012413 2.3512155 2.5152644 3.7644775 2.3230740 2.3507018 2.3398738 2.3573179 2.3507018 2.1979450 2.1060287 2.3424819 2.4968968 2.5078084 2.3341376 2.7178386 2.4239610 3.0577183 2.9321015 4.0990885 4.2410714 2.7226688 3.6480912 4.4083313 3.9098141 2.8528922 2.9158545 2.8269691 4.4651651 2.5848660 2.7866028 2.9804393 2.9504259 4.7692655 4.7692655 4.7692655 2.7562192 2.7164830 2.7178869 2.5663490 2.7227947 3.2190433 2.8023240 3.5619163 3.1761048 3.1761048 2.5040787 2.5040787 2.5040787 2.6866297 2.7470671 2.9077689 2.8025459 2.2530655 2.6259694 2.3805503 2.4795263 2.5525610 2.6355160 2.4673459 2.4802363 2.1978084 2.7528666 2.7528666 2.7624017 2.4452763 2.9174359 2.7292855 2.3985455 2.5844393 2.3943122 2.7486810 2.4053977 2.5261328 2.6012166 2.6727472 3.5462712 
IchthyosporeaEP00126Sphaerothecumdestruens_14601882__RGS6_HUMAN_Regulator_of_G-protein_signaling_6_OS_             2.7890996 3.4814679 3.3422117 3.6913768 2.8590549 3.9168414 2.5315893 2.8998644 3.4301332 3.0050459 2.6950907 3.1886715 0.0000000 0.0000010 2.8775714 2.5804463 2.8261319 2.5858892 3.1643320 2.6510686 3.0978714 3.1161981 3.0611759 2.4846146 3.2862834 3.2218284 2.1908176 2.9161955 2.3533789 2.4401271 2.7770234 2.3176373 2.5263255 2.0305421 2.6553356 2.3547677 2.2237725 2.2453465 2.2467833 2.9682943 2.8488512 2.2412362 2.4308726 2.8755933 2.2782966 2.1311232 2.2347561 2.2959832 3.4765532 2.6146111 2.3839766 2.3789955 2.3798960 2.4104688 3.0064732 2.7669221 2.7270032 2.7042975 2.7382774 2.4243219 2.4228130 2.5533884 3.4946118 3.0775958 3.7880818 3.6901257 2.5777452 2.7687892 2.9662451 3.7882787 3.0453978 2.9054981 2.6951875 4.1121417 2.5303608 3.0535734 3.4960175 3.5117719 3.2206395 3.0153413 3.2206395 3.0750639 3.1308871 2.9038991 3.1627261 3.0419525 3.2221015 3.4864153 3.8879350 3.2699910 3.2699910 2.4404323 2.4516402 2.4516402 2.6345184 3.1857660 3.5136541 3.1474289 2.3909553 3.1767864 2.4811433 2.5326575 2.4231578 3.3484039 2.7671584 2.5770694 2.7820735 2.4797944 2.6290850 2.6290850 2.7954888 2.6551975 2.7387277 2.6882313 2.3935073 2.6945927 2.7379086 2.4233779 2.6485265 2.4190773 2.7263236 3.1848536 
IchthyosporeaEP00126Sphaerothecumdestruens_14601883__RGS6_HUMAN_Regulator_of_G-protein_signaling_6_OS_             2.7890996 3.4814679 3.3422117 3.6913768 2.8590549 3.9168414 2.5315893 2.8998644 3.4301332 3.0050459 2.6950907 3.1886715 0.0000010 0.0000000 2.8775714 2.5804463 2.8261319 2.5858892 3.1643320 2.6510686 3.0978714 3.1161981 3.0611759 2.4846146 3.2862834 3.2218284 2.1908176 2.9161955 2.3533789 2.4401271 2.7770234 2.3176373 2.5263255 2.0305421 2.6553356 2.3547677 2.2237725 2.2453465 2.2467833 2.9682943 2.8488512 2.2412362 2.4308726 2.8755933 2.2782966 2.1311232 2.2347561 2.2959832 3.4765532 2.6146111 2.3839766 2.3789955 2.3798960 2.4104688 3.0064732 2.7669221 2.7270032 2.7042975 2.7382774 2.4243219 2.4228130 2.5533884 3.4946118 3.0775958 3.7880818 3.6901257 2.5777452 2.7687892 2.9662451 3.7882787 3.0453978 2.9054981 2.6951875 4.1121417 2.5303608 3.0535734 3.4960175 3.5117719 3.2206395 3.0153413 3.2206395 3.0750639 3.1308871 2.9038991 3.1627261 3.0419525 3.2221015 3.4864153 3.8879350 3.2699910 3.2699910 2.4404323 2.4516402 2.4516402 2.6345184 3.1857660 3.5136541 3.1474289 2.3909553 3.1767864 2.4811433 2.5326575 2.4231578 3.3484039 2.7671584 2.5770694 2.7820735 2.4797944 2.6290850 2.6290850 2.7954888 2.6551975 2.7387277 2.6882313 2.3935073 2.6945927 2.7379086 2.4233779 2.6485265 2.4190773 2.7263236 3.1848536 
IchthyosporeaEP00126Sphaerothecumdestruens_14609518__RGS6_HUMAN_Regulator_of_G-protein_signaling_6_OS_             2.6932939 2.6533104 3.8814272 3.8215072 3.4684474 3.7308044 1.5061475 2.6125111 1.5979786 1.9253723 1.6474896 2.1578755 2.8775714 2.8775714 0.0000000 1.6548566 1.8410379 2.0476808 1.8611692 1.9101452 1.8776404 1.6134042 1.7277362 1.9002437 1.8683519 1.8111108 1.9173211 1.5471728 1.8825953 1.6948970 2.1441915 1.9939750 2.6260591 1.2109198 2.1430732 1.8912747 2.6614584 1.8225824 1.8544201 1.9338762 2.2583769 1.8214280 1.4950770 2.3203493 1.8824587 2.1028511 1.7452532 1.9772220 2.6680849 1.7037470 1.7974331 1.7974331 1.8060526 1.7530919 1.5981631 1.5909911 1.7167678 1.6299965 1.6169907 1.7655299 2.0693962 1.7472939 3.0429963 2.1437008 3.8480445 3.6598577 1.9207226 2.3277066 3.3518016 3.1010534 1.8046086 2.6400895 1.9036261 3.5149978 1.9324098 2.4032710 2.2550849 2.5431579 4.1549216 4.1097109 4.1549216 2.0554621 2.1972496 2.0894915 2.1991610 1.7890143 2.4748299 2.5692668 3.2018077 2.9543837 2.9543837 1.8391648 1.8391648 1.8391648 1.9962161 2.6127276 2.8382649 2.7387348 1.6572665 2.0247288 1.7445800 2.1667657 1.6610693 2.0489533 1.8897768 1.6868699 1.9119730 2.0267296 2.0267296 2.0765989 1.9167057 2.4434599 1.9302975 2.0625584 1.6771145 1.6788244 1.9577441 1.6953752 2.1600169 1.6845587 2.5030379 3.4783171 
MetazoaAnnelidaEP00103Capitellateleta_56364__RGS7_MOUSE_Regulator_of_G-protein_signaling_7_OS_                     2.8879857 2.8220214 3.4652352 3.4624996 3.1878181 3.1357559 1.3514543 2.2327438 1.8040555 2.0677881 1.9399776 2.3776333 2.5804463 2.5804463 1.6548566 0.0000000 1.3385263 1.3746174 1.3408929 1.4958134 1.4458707 0.8994691 0.8139591 1.2798135 0.9513097 1.5617345 1.4801039 0.8897277 1.3662625 0.7981667 1.7974927 1.7848079 1.7409739 0.8914816 1.6656030 1.2843758 1.8885661 1.2051118 1.1923404 1.5011666 1.8611040 1.2271962 1.3908175 1.8660736 1.2084809 1.2980935 1.1312227 1.2593696 2.4751344 1.2856968 1.1820275 1.1872156 1.1951514 1.1767284 0.8733843 0.7784736 1.2475188 0.7813811 0.8024493 1.3191532 1.7219825 0.8998726 2.7173715 1.4529644 3.3844502 2.8794470 1.4308516 2.3592854 3.3615283 2.6898406 1.1430528 2.9403310 1.4184868 3.3664722 1.5051116 2.5068835 1.9543697 2.0008257 3.5618044 3.5258931 3.5618044 1.5986547 1.6917672 1.6208343 1.6418097 1.7601438 2.0662259 2.6131817 3.0475545 2.6157591 2.6157591 1.2889946 1.3057178 1.3057178 1.5286406 1.9322163 2.1380920 1.9654901 1.1821950 1.3913405 1.2034440 1.4297875 1.2139477 1.3202724 1.3872592 1.1766631 1.1518162 1.3740543 1.3740543 1.4092202 1.2792727 1.7483132 1.2074377 1.4858708 1.1928061 1.1640663 1.2223815 1.1570003 1.3392238 1.1839486 2.7069966 3.0392374 
MetazoaAnnelidaEP00103Capitellateleta_74353__RGS7_BOVIN_Regulator_of_G-protein_signaling_7_OS_                     2.8133925 2.4057055 3.1997585 3.6477684 3.3488493 3.3668316 1.4214067 2.2987214 1.8368768 2.1577367 1.9006006 2.3806283 2.8261319 2.8261319 1.8410379 1.3385263 0.0000000 0.5501699 0.6551872 0.5455113 0.7083939 1.3822067 1.4177266 0.7222679 1.7464090 0.9021402 0.8779325 1.4691328 0.4694085 1.3744229 1.1918823 0.9633195 1.8048415 1.1475392 1.2153151 0.6988196 1.0087400 0.7872696 0.7877524 1.8180429 1.7389365 0.7666071 1.2994058 1.6332280 0.8105640 1.2060336 0.6428976 0.9864061 2.5997721 0.6870904 0.6979848 0.7003313 0.7008688 0.6880306 1.4559117 1.3695310 0.6000595 1.4054072 1.4214722 0.3804801 0.7675599 1.3074551 2.8508861 1.7708515 3.4278271 3.4061799 0.8202120 2.4214879 3.2226478 2.7355606 1.4075492 3.1040455 0.8765968 3.4021314 0.8363029 2.7449632 2.0744041 2.0683914 3.3015184 3.2420959 3.3015184 1.9206108 1.6221590 1.7500483 1.6988382 1.7932512 2.3451593 2.6660264 2.9248597 2.7397443 2.7397443 0.6253710 0.6322991 0.6322991 0.9247961 2.2100344 2.4436038 2.2518403 0.6716553 1.9058716 0.6730810 1.7542574 0.7679528 1.8489328 0.9092514 0.7795603 1.6597457 0.9761037 0.9614528 0.9732777 0.9492414 2.1465774 1.7001692 1.6343043 0.7714656 0.7012712 1.6825181 0.7009454 1.6476703 0.7698746 2.5452584 3.1554621 
MetazoaAnnelidaHelobdellarobusta_85870__RGS7_BOVIN_Regulator_of_G-protein_signaling_7_OS_                          2.8011961 2.5671665 3.5176825 3.8395793 3.4111337 3.4982091 1.5808870 2.2516730 1.7398786 2.2080488 1.9516688 2.2791665 2.5858892 2.5858892 2.0476808 1.3746174 0.5501699 0.0000000 0.7332159 0.5987555 0.6333649 1.3928486 1.4176647 0.6897265 1.6660030 0.8695301 1.0197790 1.4957580 0.5384462 1.1887842 1.1835263 1.0584215 1.7553233 1.0718154 1.2128226 0.7943172 1.2877740 0.8349825 0.8631739 1.8660380 1.7204808 0.8329726 1.4673294 1.6756919 0.8340341 1.1944523 0.7925352 1.0534159 2.5386178 0.8139036 0.8182115 0.8214069 0.8294591 0.8000279 1.3650963 1.3695415 0.8006082 1.3847763 1.4460715 0.5803768 0.8410999 1.3480454 3.0556436 1.8758617 3.3301127 3.1107936 0.9130331 2.2835103 3.5736106 2.6670274 1.5433031 3.2450096 0.9677199 3.3762288 0.9057752 2.5973294 1.9026752 1.9564932 3.7678168 3.7678168 3.7678168 1.7012106 1.6577283 1.7737256 1.7408149 1.9007131 2.1580409 2.7666679 2.8510155 2.7194205 2.7194205 0.7270339 0.7396342 0.7396342 1.0317611 2.1715498 2.2632604 2.1715498 0.7819151 1.7675754 0.7979020 1.6270321 0.9319388 1.7170751 1.0051206 0.8622313 1.6754919 0.8978588 0.8978588 0.8978588 1.0393723 2.0564272 1.6400341 1.5457949 0.8783828 0.8068983 1.6043850 0.8130629 1.5749468 0.8705292 2.5726509 3.1935768 
MetazoaAnnelidaHelobdellarobusta_88601__RGS7_RAT_Regulator_of_G-protein_signaling_7_OS_                            2.8497974 2.5643520 3.4781371 3.5591527 3.5683231 3.5675014 1.4805276 2.3264735 1.7284465 2.1996008 1.9448707 2.5307793 3.1643320 3.1643320 1.8611692 1.3408929 0.6551872 0.7332159 0.0000000 0.7835411 0.8932479 1.5394880 1.5126496 0.8660007 1.6867470 0.9708387 1.1639429 1.5770990 0.7182139 1.3396727 1.3481389 0.9782544 1.7071603 1.0922389 1.3492456 0.8799624 1.4564328 0.9674433 0.9080193 1.9976602 1.8036403 0.9170423 1.2956280 2.0420566 0.9019350 1.3528605 0.8244683 1.0470369 2.8064861 0.8920564 0.8700675 0.8735092 0.8739206 0.8498331 1.6628249 1.5857922 0.7968899 1.4138148 1.4821175 0.6862844 1.0596725 1.4206000 2.9675172 2.0529935 3.9980644 3.5521240 0.9691676 2.4886881 3.5577170 3.2534779 1.6136551 3.1025414 0.9646366 3.5437093 1.0505467 2.6288236 2.0865148 2.1014850 3.7533977 3.7134274 3.7533977 1.9245333 1.7026031 2.1515068 1.9325251 2.2426884 2.6152198 2.6601836 3.2287216 2.7232282 2.7232282 0.8979538 0.9186420 0.9186420 1.0504125 2.1616980 2.3829912 2.1616980 0.8192276 1.9600125 0.8702884 1.6854474 0.9943480 1.8165304 1.1613387 0.9933723 1.6752160 1.0360034 1.0360034 1.0360034 1.1952981 2.1913097 1.7916574 1.6825974 1.0216017 0.8734164 1.7774423 0.8435251 1.6067571 1.0125205 2.6597697 3.1071990 
MetazoaAnnelidaHelobdellarobusta_107759__RGS7_BOVIN_Regulator_of_G-protein_signaling_7_OS_                         2.9478728 2.5774563 3.4151985 3.5735452 3.2943645 3.4712003 1.4470352 2.2679165 1.9289918 2.2257616 1.9802350 2.3802067 2.6510686 2.6510686 1.9101452 1.4958134 0.5455113 0.5987555 0.7835411 0.0000000 0.7568709 1.4722355 1.5066453 0.7166842 1.7821624 0.9829405 0.8711256 1.5124522 0.6409186 1.4994859 1.1856618 1.0550921 1.6867967 0.9721972 1.2729979 0.7974566 1.0959823 0.7839365 0.8944574 1.8349521 1.8092368 0.8894759 1.4463255 1.5260083 0.9511438 1.2301172 0.8118344 1.0447701 2.5145678 0.8154301 0.8327436 0.8358942 0.8503106 0.8156014 1.4826013 1.3736245 0.7271691 1.5063658 1.4971395 0.5591282 0.6736716 1.4274383 2.7507855 1.7947315 3.7117529 3.6424227 0.9155671 2.4096461 3.4125948 2.8281180 1.5594330 3.0774112 0.9810901 3.3814558 0.9823744 2.5677257 1.9315828 2.0021212 3.4835257 3.3350641 3.4835257 1.9441968 1.7468837 1.5537388 1.6872508 1.7534583 2.2772422 2.8426875 3.1892150 2.7495973 2.7495973 0.7518435 0.7674580 0.7674580 0.9786758 2.2427738 2.3085476 2.2403457 0.8094869 1.9566492 0.8131396 1.7220873 0.9091016 1.9543829 1.1540213 0.9641019 1.7095566 1.0686204 1.0691620 1.1062541 1.1229404 2.1501124 1.7657849 1.7370555 0.8623427 0.8642577 1.7746960 0.8332005 1.6835693 0.8599508 2.7769102 3.3457856 
MetazoaAnnelidaHelobdellarobusta_108547__RGS7_BOVIN_Regulator_of_G-protein_signaling_7_OS_                         3.1362567 2.5930925 3.5278981 3.8707718 3.7570365 3.8723081 1.5536272 2.3125644 1.9937958 2.0967388 2.1031948 2.6248098 3.0978714 3.0978714 1.8776404 1.4458707 0.7083939 0.6333649 0.8932479 0.7568709 0.0000000 1.4541614 1.4924473 0.8262471 1.6379992 0.9864748 1.1249700 1.5480408 0.6298767 1.4246471 1.4334622 1.1656700 1.8849844 1.1233136 1.4655313 0.8952992 1.4344333 1.0534773 1.0579290 2.2812347 1.8856873 1.0257623 1.3803984 1.9365719 1.0389193 1.6374371 0.9181665 1.3217645 2.9024273 0.9423372 0.9288773 0.9324683 0.9318286 0.9140723 1.5197753 1.4889757 0.9479264 1.6946660 1.7639095 0.7120618 0.9455662 1.3711176 3.3342822 2.0131789 3.7919550 3.6192724 1.0498621 2.7944449 3.3377787 3.1473445 1.6856688 2.8920091 1.0975421 4.1886319 1.0943406 3.1959328 2.1216341 2.0762818 3.8084635 3.5775888 3.8084635 1.9648630 1.6418812 1.7881815 1.8159411 1.7900179 2.8544189 2.8336250 3.0071241 2.9031470 2.9031470 0.8940406 0.9125205 0.9125205 1.0602948 2.4848450 2.5471240 2.4848450 0.9828321 1.9380498 0.9677685 1.5932655 1.0857338 1.8606797 1.0756380 1.0069517 1.8033629 1.1628405 1.2003064 1.2003064 1.2119292 2.2850347 1.7747767 1.6625493 1.0227720 1.0299707 1.7639406 0.9934186 1.6948133 1.0213127 2.4536794 3.1675742 
MetazoaArthropodaDaphniapulex_193275__RGS7_BOVIN_Regulator_of_G-protein_signaling_7_OS_                            2.8720622 2.7002361 3.7293687 3.1221691 3.4429640 3.2528788 1.3430014 2.2085312 1.8290525 1.8999433 1.8757651 2.2436828 3.1161981 3.1161981 1.6134042 0.8994691 1.3822067 1.3928486 1.5394880 1.4722355 1.4541614 0.0000000 0.5944778 1.2916538 0.6225007 1.4804324 1.3501563 0.8566025 1.4168903 0.9390303 1.7752684 1.6515882 2.0575358 0.8165092 1.4986964 1.2704543 1.7497583 1.3238683 1.3280088 1.8346979 1.8238090 1.2999118 1.3428747 1.9365594 1.3351484 1.6706407 1.2716473 1.3608788 2.5783517 1.3428171 1.2735165 1.2793135 1.2873854 1.2735165 1.0198857 0.9261721 1.2704113 0.9622387 0.9852637 1.2632061 1.5675769 0.9093046 2.6968488 1.3718155 3.0268474 2.7789572 1.5218160 3.0466017 3.1948459 3.0092382 1.2230341 3.0046044 1.4603256 3.4519402 1.6125643 2.1954376 1.9375154 1.9670568 3.7418540 3.6376242 3.7418540 1.6919365 1.4834807 1.8483961 1.6956861 1.9512111 2.3883832 2.6286051 2.9235712 2.6168421 2.6168421 1.3043313 1.3271490 1.3271490 1.5241939 2.1517832 2.0698123 2.1304235 1.1643058 1.5171962 1.1417514 1.3563748 1.2888129 1.3392275 1.4517894 1.3308056 1.1545288 1.3988930 1.3988930 1.4111019 1.3782673 1.6002875 1.3672131 1.4435923 1.2542092 1.1633900 1.3514641 1.1122072 1.3782680 1.2459872 2.5269026 3.6036533 
MetazoaArthropodaDrosophilamelanogaster_242757__RGS7_BOVIN_Regulator_of_G-protein_signaling_7_OS_                  2.9862374 2.5262167 3.3524407 3.3611712 3.4774307 3.4055929 1.4796519 2.2651031 1.9184917 1.9257798 2.0474403 2.3230855 3.0611759 3.0611759 1.7277362 0.8139591 1.4177266 1.4176647 1.5126496 1.5066453 1.4924473 0.5944778 0.0000000 1.4634132 0.7468558 1.6082799 1.4534881 0.9068659 1.4749527 0.9032502 1.7166237 1.6436593 1.7484033 0.9664963 1.6625024 1.2731962 1.4706287 1.2765393 1.3323371 1.9522312 1.8258034 1.3047304 1.2618964 1.9102275 1.3416653 1.5909915 1.1338422 1.4280942 2.9591400 1.3559982 1.3472861 1.3530383 1.3511580 1.3274661 1.0266603 0.9759251 1.3111068 1.0364371 1.0638306 1.3020418 1.6714399 0.8770611 2.7044707 1.5434068 3.3325637 3.0465454 1.4984719 2.8181077 3.3982076 2.7882759 1.2522704 2.9654107 1.5619023 3.7030076 1.6028605 2.1253042 2.0658497 2.0093875 3.6343195 3.3750623 3.6343195 1.7631312 1.5404163 1.7368428 1.7960592 1.8481215 2.7715346 2.7656921 2.7481121 2.8889020 2.8889020 1.3648405 1.3883958 1.3883958 1.5674807 2.2656301 2.3261979 2.3208778 1.2074562 1.5429678 1.3150304 1.4154845 1.4451308 1.4640440 1.6158472 1.4455211 1.2328594 1.4086855 1.4588581 1.5165340 1.4823660 1.6141231 1.3697892 1.4454482 1.3666424 1.2995664 1.3479310 1.2672029 1.3485185 1.3680501 2.5829569 3.2271905 
MetazoaArthropodaDrosophilamelanogaster_252271__RGS7_RAT_Regulator_of_G-protein_signaling_7_OS_                    2.4012599 2.4804351 3.4001995 3.4938022 3.0122755 3.2449147 1.3909957 2.1809902 1.8069820 2.1772103 2.0087350 2.5170415 2.4846146 2.4846146 1.9002437 1.2798135 0.7222679 0.6897265 0.8660007 0.7166842 0.8262471 1.2916538 1.4634132 0.0000000 1.5874822 0.7213801 0.8436153 1.3799518 0.5632769 1.3671190 1.1691121 0.9680355 1.4657391 1.0599318 1.1992963 0.7642168 1.1287605 0.8499484 0.8736016 1.8552084 1.8020302 0.8851898 1.4556029 1.6673753 0.9462525 1.4868381 0.7537634 1.0904971 2.6141135 0.7034106 0.6821609 0.6845546 0.7032728 0.6836632 1.3078841 1.1975744 0.6007535 1.4313631 1.4659622 0.5345502 0.8341942 1.3287136 2.6533814 1.7587256 3.4684413 3.1869099 0.8117476 2.3609741 3.3264468 2.4910487 1.5247393 3.0569179 0.8495726 3.2160537 0.8579395 2.3790517 2.0962792 2.1499760 3.3332887 3.2653419 3.3332887 1.6865607 1.6112451 1.9951601 1.8033845 2.0904711 2.1272033 2.6867223 3.0269268 2.5430543 2.5430543 0.6009145 0.6060183 0.6060183 0.9341806 2.1159098 2.3224099 2.1415313 0.6605088 1.6006526 0.6819789 1.7113604 0.7665523 1.6309470 0.9015115 0.7607305 1.6181549 1.0626471 1.0675824 1.0960017 0.9826398 2.2165798 1.5964714 1.6741105 0.7454043 0.7255600 1.6079311 0.7107196 1.5677138 0.7302813 2.3821691 2.9424350 
MetazoaArthropodaEP00090Calanusglacialis_681372__RGS7_HUMAN_Regulator_of_G-protein_signaling_7_OS_                 3.2677038 3.0309511 3.7812912 3.5129188 3.4969200 3.4877073 1.6579698 2.5281482 2.0131089 2.0848630 2.2445477 2.3782504 3.2862834 3.2862834 1.8683519 0.9513097 1.7464090 1.6660030 1.6867470 1.7821624 1.6379992 0.6225007 0.7468558 1.5874822 0.0000000 1.7983166 1.4361195 1.0672425 1.7574845 1.0125829 1.8299123 1.7970328 2.0270218 0.7067884 1.7318035 1.4679009 2.0302199 1.3944843 1.4521625 1.9523209 1.9860401 1.4402595 1.3318860 1.9520433 1.5011704 1.6745801 1.2671784 1.5500570 2.6964826 1.4320151 1.4386153 1.4384681 1.4378128 1.4254533 1.3814520 1.2035115 1.4581472 1.2485472 1.2825461 1.4665796 1.8319136 1.0422938 2.9366020 1.6376768 3.2137661 3.0933952 1.5990638 2.7556950 3.3193752 2.9466349 1.4416069 3.1807756 1.5639312 4.0951676 1.6804661 2.3909519 2.2404284 2.3120217 3.9099668 3.7379843 3.9099668 1.9723779 1.7287974 2.0462954 1.8776717 2.1859966 2.8687394 2.7201050 2.9461229 2.7981733 2.7981733 1.4941391 1.5041018 1.5041018 1.7139116 2.1998630 2.3365824 2.2415986 1.3227970 1.7164291 1.3903796 1.4642319 1.5471591 1.6585362 1.5783992 1.5849466 1.3024085 1.4533184 1.5088792 1.5933278 1.6530683 1.7870480 1.4327619 1.5383299 1.4230874 1.3814272 1.4194596 1.3348309 1.5176660 1.4424394 2.8306793 3.6120170 
MetazoaArthropodaEP00090Calanusglacialis_717770__RGS7_BOVIN_Regulator_of_G-protein_signaling_7_OS_                 2.8508515 2.6366365 3.6748831 3.7129364 3.6272162 3.5871927 1.5881393 2.3962140 1.9808868 2.1864858 1.9728082 2.6324332 3.2218284 3.2218284 1.8111108 1.5617345 0.9021402 0.8695301 0.9708387 0.9829405 0.9864748 1.4804324 1.6082799 0.7213801 1.7983166 0.0000000 1.1801141 1.7541452 0.7530996 1.4597936 1.4986511 1.0679134 2.2916903 1.4383303 1.4453018 0.9100662 1.6476055 1.0120408 1.0199526 2.3776980 1.7894550 1.0169565 1.5123061 1.8814086 1.0790731 1.6111169 0.9133203 1.3353482 2.9751977 0.8149784 0.8010530 0.8040622 0.8273548 0.8056879 1.8601988 1.8203713 0.8055151 1.9037864 1.9703228 0.7989919 1.3657434 1.4945602 3.3666658 2.1418365 4.0869617 3.8156685 0.8650610 2.7724903 3.5659274 3.1884812 1.8092437 3.3149998 0.9269950 3.9412601 0.8740666 2.9906148 2.3440432 2.3073597 4.0340812 3.8640675 4.0340812 2.0625723 1.8177187 2.2050860 1.9807153 2.4684413 2.1719120 2.9153470 3.2510888 2.7974094 2.7974094 0.7800842 0.7968007 0.7968007 1.0897069 2.4725239 2.5572695 2.5317706 0.7583940 1.9186840 0.8230608 1.8128950 0.9733402 1.9054930 0.9959998 0.8899288 1.9763745 1.1289112 1.1788454 1.1961360 1.1564216 2.3508285 1.8717787 1.7688533 0.8822385 0.8313214 1.8202339 0.8353474 1.6719223 0.8948790 2.6685248 3.2462627 
MetazoaArthropodaStrigamiamaritima_1172679__RGS7_BOVIN_Regulator_of_G-protein_signaling_7_OS_                      2.1283792 2.2928991 2.7875096 3.7354047 2.7029920 3.4395503 1.5312185 2.1119128 2.4000067 2.5780402 2.5845444 2.4543218 2.1908176 2.1908176 1.9173211 1.4801039 0.8779325 1.0197790 1.1639429 0.8711256 1.1249700 1.3501563 1.4534881 0.8436153 1.4361195 1.1801141 0.0000000 1.3833520 0.8363361 1.3032983 1.3204713 1.1713447 1.5455279 1.9353045 1.0085377 0.9370447 0.9146999 0.9856216 0.9980235 2.1175944 2.0486465 1.0399963 1.3678803 1.8692236 1.0616918 1.1105067 0.9973921 1.0558976 2.2582243 1.0822161 1.0145694 1.0145694 1.0145694 1.0021318 1.3990541 1.3513399 1.0360394 1.5263628 1.5263628 0.7481115 0.8294596 1.3907722 2.7494284 1.6939438 3.0494229 3.6992980 1.4053613 2.2607648 2.8933688 2.3084246 1.3538690 2.7651893 1.3259266 3.1764285 1.4164190 2.3363110 2.0463273 2.2473006 2.9519630 2.9519630 2.9519630 1.7768052 1.6282835 1.7715991 1.7316507 2.0139585 1.9839059 2.4802149 2.4111958 2.8445808 2.8445808 0.8528233 0.8530065 0.8530065 1.1897512 2.5765687 2.5293654 2.5765687 0.9506700 1.8539542 0.9560850 1.3038193 0.9420408 1.7483783 1.7064396 1.0238423 2.0275266 1.1700099 1.1700099 1.1700099 1.2420285 2.1550648 1.5977671 1.4731224 0.9804008 0.9769364 1.6165680 0.9830484 1.4127870 0.9477612 2.4797103 2.7558955 
MetazoaArthropodaStrigamiamaritima_1175478__RGS11_HUMAN_Regulator_of_G-protein_signaling_11_OS_                    2.6759027 2.4026348 3.2816209 3.0853759 2.6184606 2.7189301 1.2898026 2.1745498 1.9524226 1.7696866 1.8213944 2.0168448 2.9161955 2.9161955 1.5471728 0.8897277 1.4691328 1.4957580 1.5770990 1.5124522 1.5480408 0.8566025 0.9068659 1.3799518 1.0672425 1.7541452 1.3833520 0.0000000 1.5138302 0.9366196 1.8004638 1.8806206 1.8176368 1.0483093 1.6722423 1.1935994 1.3898715 1.1941976 1.2253669 1.9272999 1.7135931 1.2104477 1.4934442 1.8060823 1.2254755 1.3943639 1.2347438 1.4701461 2.5056414 1.3984773 1.3303918 1.3395683 1.3522330 1.3132697 0.8960355 0.6388532 1.4661159 0.9833729 0.9980102 1.3566319 1.5720674 0.8260757 2.7818603 1.3784972 3.1509841 3.0109639 1.6785928 3.1771518 2.9138183 2.8159676 1.0526886 2.8385990 1.6834144 3.4486837 1.5851741 2.0588822 2.0125608 2.2518322 3.2322584 3.1168324 3.2322584 1.5693760 1.7605600 1.3930322 1.6462943 1.4575626 1.9077532 2.6464990 2.4708038 2.6338022 2.6338022 1.2285423 1.2739464 1.2739464 1.8667519 2.1497941 2.1203897 2.1497941 1.2675671 1.4459209 1.3244038 1.4155166 1.3805613 1.3496489 1.7361956 1.4032990 1.1304383 1.3349796 1.4555227 1.4555227 1.4529743 1.5131654 1.3317560 1.2143779 1.2707662 1.2745851 1.3145484 1.2589043 1.3091568 1.2586256 2.6126019 2.8440795 
MetazoaBrachiopodaLingulaunguis_1281241__RGS7_BOVIN_Regulator_of_G-protein_signaling_7_OS_                         2.6747714 2.4675386 3.3047062 3.6157055 3.3377654 3.6670705 1.4223549 2.1118459 1.7649413 1.9959722 1.8156244 2.4971267 2.3533789 2.3533789 1.8825953 1.3662625 0.4694085 0.5384462 0.7182139 0.6409186 0.6298767 1.4168903 1.4749527 0.5632769 1.7574845 0.7530996 0.8363361 1.5138302 0.0000000 1.4189026 1.0330666 0.9295381 1.9553388 1.1518520 1.3687417 0.7911123 1.2655645 0.8120185 0.8168479 1.9565346 1.9013299 0.8241611 1.3596205 1.6582019 0.8715966 1.3185309 0.6457273 1.0573698 2.6063590 0.6309330 0.6560199 0.6585457 0.6729752 0.6548390 1.5028832 1.6032725 0.5116992 1.5868058 1.6563962 0.3208552 0.6326522 1.3224548 2.9356787 1.7980843 4.1494974 3.3886131 0.7835691 2.4189547 3.4484691 3.1088790 1.5550382 2.9299159 0.7978727 3.6978509 0.8017403 2.5010175 2.0927602 2.0664264 3.4849875 3.3060120 3.4849875 1.9298971 1.6351510 1.7848675 1.6444123 1.8951691 2.9129524 2.6187227 3.0066949 2.6048338 2.6048338 0.5307494 0.5361996 0.5361996 0.9643845 2.2542271 2.5569081 2.3700283 0.6063117 1.8557228 0.6776969 1.7014004 0.6866015 1.7800779 0.8697765 0.7118473 1.5954164 0.9325122 0.9285939 0.9783233 0.9543266 2.1428508 1.6721511 1.5912123 0.7187013 0.7168145 1.6462310 0.6779580 1.5344468 0.7136162 2.4098252 3.2999125 
