93
MetazoaCnidariaStylophorapistillata_3669339_                                                               0.0000000 3.7784940 3.0451576 0.3330174 2.4966221 2.3545969 3.1663177 2.4352294 2.3739560 2.7508043 3.0861752 3.5471455 3.4299128 2.9753619 2.7583174 2.9588724 2.6082702 2.8398909 2.8059395 2.9350985 3.3063505 2.5709079 4.2099310 2.7894184 2.9227863 3.3707674 3.4027394 3.2028530 2.8295107 3.1497400 2.8332762 3.2751971 0.2506542 3.6596044 2.5492852 3.3192004 3.2371474 3.0060855 3.3856315 2.9796775 3.0697776 2.4993388 2.1154016 3.6716991 2.9186097 2.9830414 2.9788941 3.4195460 3.2581136 4.1125950 2.9223869 0.3155842 2.9376238 2.8203132 2.9829360 2.9722063 2.6392972 2.2853691 2.7580874 2.4944206 2.6143835 2.8195357 3.2161410 2.8515671 2.8228187 0.7039784 3.8376334 3.5757936 3.0775700 3.2961605 3.1893485 2.6686647 4.0368782 3.1634048 3.0603524 0.2726875 2.7796129 3.3374869 2.5220353 2.8650380 2.5988200 2.8845252 2.1179012 2.7757663 3.4716737 3.0579498 2.9817978 2.9845471 3.8954309 3.8954309 2.6122289 3.5115838 4.7372234 
MetazoaVertebrateDaniorerio_5420356__PLAT2_HUMAN_Phospholipase_A_and_acyltransferase_2_OS_                 3.7784940 0.0000000 2.4943219 3.4355465 1.7965559 2.3163771 2.1972974 2.3734740 2.0379715 2.1110640 2.0862377 2.1398584 2.4483265 2.0636931 2.2622270 2.0776604 2.1932193 2.0297241 2.4833683 1.8363713 2.3740074 1.5116763 2.2032401 2.1499017 2.2062530 2.2219226 2.1287778 2.7563576 1.7966434 2.2438554 2.2945762 2.5682435 3.7220207 2.4625281 2.5005738 2.3953493 2.3953493 2.1057709 2.2128203 1.9079968 2.2625584 2.0608631 2.1226955 2.5982440 2.2647050 2.8260674 2.8676645 2.0729735 2.4628344 2.1201698 1.9209449 3.7596104 2.7177265 2.2359583 2.5380106 2.3919942 2.4487664 2.3642696 2.2662629 1.6767953 2.3772026 2.5617057 2.6720173 2.1134436 2.1253398 3.4300533 2.1888558 2.5466499 2.2655067 1.9393619 2.4129084 2.5593139 2.1674462 2.1459458 3.1281519 3.4418401 1.8066693 2.4074093 2.3122187 1.8125800 2.0125313 1.5443500 1.9027748 1.7463309 2.0921691 2.2913152 2.3539258 1.6466362 2.9368186 2.9368186 2.7785329 0.1828700 2.3524345 
MetazoaVertebrateDaniorerio_5435836__LRAT_BOVIN_Lecithin_retinol_acyltransferase_OS_                       3.0451576 2.4943219 0.0000000 3.0893443 2.1418351 2.4818581 2.4287206 2.4410151 2.3135266 2.1990774 2.2921166 2.2833514 0.8115195 2.0982508 2.3689854 2.2420031 2.2670118 2.2842990 2.4959849 2.2120354 0.8013681 2.0621483 2.7623694 2.5061662 2.0946778 2.5444054 2.5254514 2.7515333 2.3074696 2.5047883 2.5959563 2.9524627 3.2985265 3.1249575 2.4687470 2.6098969 2.5320261 2.8389488 3.1813878 2.6721262 2.7481742 2.5270037 2.2028635 3.1976826 2.2527250 3.5105503 3.0572119 3.0912252 3.0875779 2.4344232 2.5139532 3.2589388 2.4919907 2.4531365 2.3561678 2.6997723 2.7042184 2.6185265 1.8278096 2.2707808 1.9834973 2.6215919 2.3189356 2.2469935 2.2595184 3.0887853 3.2118863 2.4965807 2.4815304 2.7324623 0.7415944 2.5129163 2.9406328 2.3761624 3.3982526 3.0770462 2.4335764 0.8722133 2.3697829 2.4908335 2.1363631 2.2267868 2.5200138 2.1408229 0.7004322 3.0981527 0.5720468 2.2985411 3.4352441 3.4352441 3.1623967 2.4699439 2.2507430 
MetazoaCnidariaPoritesaustraliensis_3539203_                                                               0.3330174 3.4355465 3.0893443 0.0000000 2.5627415 2.4497331 3.0905422 2.6752706 2.5912972 2.8979686 2.8822414 2.9824333 3.0418695 2.9593448 2.7376376 3.1698196 2.8146819 3.3478226 2.9262588 3.4095553 2.9250005 2.8160596 3.9854765 2.6416995 3.1157808 2.9797842 3.3105572 3.0977968 2.8794003 3.2523821 2.8782157 3.3441938 0.2322741 3.4220595 2.4125383 3.3650735 3.1363588 3.0338475 2.9536386 3.0954927 2.8101118 2.4693700 2.1016289 3.2812299 2.6562367 2.9548923 2.9139875 3.8971054 3.0863143 4.2259490 3.0544365 0.1817224 2.5402175 2.9077667 2.7218495 2.7764323 2.7891289 2.6644405 2.9907879 2.4740825 2.8328585 2.7191412 3.2221588 2.7292276 2.7013895 0.6388658 3.5836811 3.1037583 2.8345543 3.2971772 3.0727333 2.8078167 4.6421554 2.9634631 3.0123003 0.2274807 2.5898221 3.3452160 2.3979078 2.9273744 2.5262716 2.9651502 2.2471483 2.7412739 3.0096528 3.5617889 2.8798234 3.3790305 3.5719170 3.5719170 2.8816777 3.2843175 4.8649147 
MetazoaVertebrateMusmusculus_6542956__PLAT3_MOUSE_Phospholipase_A_and_acyltransferase_3_OS_                2.4966221 1.7965559 2.1418351 2.5627415 0.0000000 2.1019815 1.7887469 1.6439562 1.8551925 1.7888612 0.8933218 0.8974814 2.3416753 1.3455528 1.7081696 1.5825662 1.5066248 1.0464889 1.9259044 1.0696659 2.0468610 0.4253603 1.8323612 1.5605757 1.5629762 2.1217377 1.8255030 1.9600467 0.8750993 1.8052724 1.7138049 1.8508721 2.5117347 2.2065042 1.9471509 2.3826700 2.3826700 2.0848357 2.1457033 0.8025570 1.0825332 1.0998596 1.6424123 2.4119177 1.5938018 2.0294907 2.0463738 1.5396201 2.2542133 1.7112096 2.3734405 2.6458018 2.1712676 1.4893778 1.7386693 2.1162788 1.6703473 2.2222022 2.1732271 1.6637290 2.0922847 1.7668852 1.9858427 1.8890060 1.8850208 2.5926760 2.0164472 2.3855320 2.3498924 1.4100773 2.1065852 3.0958239 1.7043332 2.2305371 3.4098791 2.4665289 1.4736589 2.3624580 2.1945116 0.7909062 1.8783914 0.8928191 1.4842916 0.1866614 2.0931918 1.9385993 1.9730492 2.0313686 2.5155831 2.5155831 2.9574839 1.9002587 2.2227629 
StramenopilesPhytophthorainfestansUP000006643_26376550__LRAT_RAT_Lecithin_retinol_acyltransferase_OS_      2.3545969 2.3163771 2.4818581 2.4497331 2.1019815 0.0000000 1.9053528 1.7499488 1.8245650 1.5424566 2.0176899 2.1660420 2.0122024 2.0689771 1.9337271 1.5128915 1.4756867 2.4235643 1.8298696 2.3532361 2.4255779 1.8709599 2.1476914 1.9467750 1.8379325 2.2731109 2.1591578 2.3380976 2.0128447 2.0652947 1.8489232 2.1089398 2.3867322 2.0025491 1.8626709 1.9659307 1.9014577 2.2370482 2.1617404 2.4078901 1.7933643 1.8051540 1.9552578 2.8258822 2.1489235 2.2498114 2.2054903 2.1408533 2.3382102 2.2325674 2.6489458 2.1949135 1.7723865 2.3556700 1.9941595 2.3347454 2.0755479 2.4182479 2.1948713 1.3446934 2.0888104 1.7573716 2.2414357 2.0532155 2.0532155 2.2972150 2.0127385 2.2669366 2.3622898 1.8555547 2.1285055 2.7795923 2.3880511 2.0878893 2.7439314 2.2652311 1.9677538 2.3077505 2.4493540 2.1325993 1.8999297 2.1826102 1.9070625 2.1136050 2.2388825 2.0408566 1.9626665 2.1396772 2.3819407 2.3819407 2.1096406 2.2895593 3.0399123 
MetazoaCephalochordataBranchiostomabelcheri_2795997__PLAT1_RAT_Phospholipase_A_and_acyltransferase_1_OS_   3.1663177 2.1972974 2.4287206 3.0905422 1.7887469 1.9053528 0.0000000 0.9891721 0.9508120 0.9879219 1.9584953 1.9526311 2.5330597 1.7276422 1.6181669 1.5471934 1.5602760 1.8274610 1.4041620 1.8405563 2.5548012 1.7872349 2.0160587 1.8258730 1.1593675 2.0105529 1.9134186 2.4633246 1.8738986 1.7304448 2.3171344 2.1617143 2.7526039 2.7317873 1.3147086 2.4436848 2.3328580 2.3568025 2.5210948 2.0509060 1.8676691 1.7612093 1.7813737 2.8113137 1.7738593 2.3943512 2.3932932 2.0850726 2.3390439 2.1890208 2.5178362 3.1885252 2.1569203 1.7729634 1.3375447 2.1606323 2.3131131 2.1870009 2.0099476 1.6814360 2.5897815 1.6547812 2.0847919 1.2009444 1.2249315 2.6764687 2.1407509 1.8858768 2.0527163 1.9509001 2.4679189 2.7977193 2.6052675 2.1892930 3.5052073 2.7929897 1.4223803 2.6293634 2.5531438 1.8159443 2.2958127 1.7778951 1.2899800 1.6473098 2.5587376 2.4548048 2.4437790 1.6697579 2.5715782 2.5715782 2.7118194 2.1778010 2.1766902 
MetazoaCephalochordataBranchiostomabelcheri_2796045__PLAT3_RAT_Phospholipase_A_and_acyltransferase_3_OS_   2.4352294 2.3734740 2.4410151 2.6752706 1.6439562 1.7499488 0.9891721 0.0000000 0.8469217 1.1610702 2.1787272 2.2001245 2.4053217 1.7036507 1.9429309 1.3496640 1.3653369 1.6317379 1.2017841 1.7726429 2.2093052 1.7679931 2.1307922 1.8801024 0.7797181 1.9247621 1.9624771 2.2260873 1.8046946 1.8245901 2.1811229 2.1137413 2.4742952 2.2530708 1.3036524 2.3970563 2.3970563 2.0641509 2.0875545 1.7756964 1.9252422 1.6938986 1.4630417 2.3850000 1.6306922 2.2519492 2.4933329 1.9437641 2.2936497 2.3019991 2.4043253 2.7425743 1.9183142 1.8504449 0.9449220 1.8952617 2.1744679 1.9529854 1.7874916 1.6162917 1.8205399 1.7897436 1.7961613 0.8937460 0.9121682 2.6023514 1.9947744 2.1524716 2.1316219 1.9836010 2.3089709 3.0121444 2.2392349 2.3407778 3.2640119 2.4882442 1.2328147 2.1768496 2.3246747 1.7226714 2.8781834 1.6801426 1.1514195 1.6775510 2.2349686 2.5633912 2.3623594 1.6347498 2.4495660 2.4495660 2.2951616 2.1596941 2.1715576 
MetazoaCephalochordataBranchiostomabelcheri_2796061__PLAT1_HUMAN_Phospholipase_A_and_acyltransferase_1_OS_ 2.3739560 2.0379715 2.3135266 2.5912972 1.8551925 1.8245650 0.9508120 0.8469217 0.0000000 1.2876809 2.2207995 2.2126480 2.4389555 2.0279502 1.9961077 1.1811272 1.1644807 1.8451435 1.2408218 1.8215289 2.3666115 1.9593553 2.0272540 2.1602031 1.1569802 2.1835810 2.0868959 2.2518168 1.8376668 1.9540812 1.9606622 2.0891565 2.3423357 2.3657300 1.2784990 2.2468906 2.2468906 2.2160893 2.7168877 1.8363901 1.7929083 1.6675860 1.6743634 2.2420899 1.6297099 2.5162223 2.5901918 1.8478391 2.0431193 2.3139107 2.5067757 2.2898351 2.1656349 1.9037093 1.1478788 1.8183061 1.8477064 2.4725856 2.0451496 1.6559289 1.8644698 1.7424886 1.8119865 1.2379960 1.2631568 2.5179131 2.0952822 1.8918932 1.8283514 2.1005372 2.3457939 2.7101289 2.3764720 2.3473882 3.3906922 2.3425861 1.5295928 2.3353448 2.3978571 1.6044050 2.3023275 1.8776728 1.3251859 1.9045697 2.3965668 2.3134047 2.1512622 1.5880972 2.3699319 2.3699319 2.7776699 2.0218004 2.1088141 
MetazoaCephalochordataBranchiostomabelcheri_2796139__PLAT1_MOUSE_Phospholipase_A_and_acyltransferase_1_OS_ 2.7508043 2.1110640 2.1990774 2.8979686 1.7888612 1.5424566 0.9879219 1.1610702 1.2876809 0.0000000 2.3906247 2.3380187 2.1894070 1.8788068 1.7613245 1.6529978 1.6058717 1.6558802 1.3978362 1.6746265 2.1601615 1.7112770 2.1132738 1.7944950 1.2022379 1.8304606 1.8652609 1.5043843 1.9566713 1.6917009 1.8786961 2.0190573 2.5251400 1.9974554 1.3881836 2.2097524 2.2097524 1.9369704 2.6031569 1.9058166 1.7378869 1.5350474 1.3932027 2.5009584 1.6281975 1.4555232 2.3854700 2.4194715 2.5673474 2.2487533 2.0966086 2.8295155 1.8917017 1.6690352 1.2651235 1.5076050 1.9225263 1.7473624 1.7131921 1.5394132 2.1969642 1.5746330 2.0099660 1.1550435 1.1557009 2.3839326 2.2991975 1.9294865 2.0934852 1.9787181 2.0551365 2.6727606 2.9661139 2.1273837 2.9078573 2.6932310 1.3208002 2.0568849 2.0621893 1.7270957 2.3111540 1.6889716 1.3930552 1.6179565 1.8466504 2.2190604 2.1421241 1.7878645 2.4305419 2.4305419 1.8496850 1.9425324 2.0360077 
MetazoaVertebrateMusmusculus_6545226__PLAT5_MOUSE_Phospholipase_A_and_acyltransferase_5_OS_                3.0861752 2.0862377 2.2921166 2.8822414 0.8933218 2.0176899 1.9584953 2.1787272 2.2207995 2.3906247 0.0000000 0.1344766 2.0308807 1.6748497 1.9320944 2.4329919 2.2346301 1.2905570 2.2910545 1.2561294 2.1684883 0.8731004 2.3965930 1.9232112 1.9224908 2.4708088 2.0092503 2.4569892 0.8449138 1.8347928 1.9138558 2.1000188 3.0555376 2.4030714 2.4165624 2.4485488 2.4485488 2.2535958 3.0450758 1.2652816 1.6531023 1.3235802 2.0702677 3.1154483 2.2251876 2.3329199 2.5262078 1.9528198 2.1710786 1.8715175 2.4482390 3.1175028 2.3233626 1.3586702 2.2100523 2.8831604 1.9537225 2.5476279 2.1734254 2.1390206 2.8792576 2.0656929 2.0300961 2.0129651 2.0243920 3.3703728 2.2741634 2.4820382 2.8035755 1.8116349 2.0519822 3.4063818 2.1755090 3.3559185 3.1446090 2.8216575 1.8996862 2.0352310 2.2300929 1.0864190 1.9601610 1.1038310 1.5640917 0.8639186 1.8940162 2.1386705 1.9548201 1.7195857 2.5241882 2.5241882 3.1464110 2.1813928 2.0174250 
MetazoaVertebrateHomosapiens_6465905__PLAT5_HUMAN_Phospholipase_A_and_acyltransferase_5_OS_                3.5471455 2.1398584 2.2833514 2.9824333 0.8974814 2.1660420 1.9526311 2.2001245 2.2126480 2.3380187 0.1344766 0.0000000 2.2011657 1.7561921 1.8729470 2.6354873 2.2210996 1.2859093 2.2408420 1.2607841 2.0647581 0.9060124 2.3822514 1.9197966 1.9144851 2.3475494 1.9084941 2.3472298 0.8651465 1.7356097 1.9763876 2.1303907 3.3127107 2.3737670 2.3489983 2.5956184 2.5956184 2.2431517 2.9054278 1.3222219 1.5889626 1.3613884 2.0201158 3.3038433 2.3995819 2.3461384 2.4256428 1.8021512 2.3184799 1.9506482 2.3819431 3.2761056 2.4000619 1.3522255 2.1589435 2.7945730 2.0654058 2.7287927 2.1038564 2.2430404 2.9024636 1.9775703 2.1239532 1.9879127 1.9989517 3.5003042 2.2426307 2.5117610 2.6363071 1.9395108 2.1632929 3.1844571 2.0759694 3.0772799 3.3027584 3.1170274 1.9540957 2.0957358 2.0232481 1.1791880 2.1205090 1.1607044 1.6844389 0.8964764 1.8833203 2.1828382 2.1361988 1.7396822 2.4634038 2.4634038 3.1186505 2.2508908 1.9550271 
MetazoaVertebrateMusmusculus_6547546__LRAT_MOUSE_Lecithin_retinol_acyltransferase_OS_                      3.4299128 2.4483265 0.8115195 3.0418695 2.3416753 2.0122024 2.5330597 2.4053217 2.4389555 2.1894070 2.0308807 2.2011657 0.0000000 2.4173660 2.4278699 2.3780293 2.1931739 2.0676643 2.4135752 1.9709851 0.6647415 1.8576655 2.5284379 2.3866003 2.1065103 2.5280163 2.2726337 2.6712953 2.2253642 2.2309114 2.0425803 2.3016910 3.1579680 2.4498865 2.0809064 2.5997560 2.4680996 2.7919436 2.7657870 2.4864875 2.5435388 2.1769960 2.2344953 2.3914039 2.2071901 3.1222406 2.5078129 2.7530315 2.7020637 2.4496423 2.9666996 3.3796871 2.3853298 2.3252814 2.1799382 2.4073328 2.3725268 2.3556438 1.6269377 2.0669923 1.6974532 2.6433247 2.0062824 2.2792600 2.2919852 3.1296379 2.7612685 2.4743166 2.2526878 2.7430457 0.2395339 2.5607931 2.7611926 2.2113676 3.3297397 3.1776113 2.2649908 0.9111382 1.9293215 2.4884293 1.9989886 2.0766226 2.4531275 2.2934257 0.6181768 2.2900700 0.8314585 1.7578810 3.0802073 3.0802073 2.6716810 2.5081098 2.3892178 
MetazoaCephalochordataBranchiostomabelcheri_2827403__PLAT1_RAT_Phospholipase_A_and_acyltransferase_1_OS_   2.9753619 2.0636931 2.0982508 2.9593448 1.3455528 2.0689771 1.7276422 1.7036507 2.0279502 1.8788068 1.6748497 1.7561921 2.4173660 0.0000000 1.8786257 1.7203094 1.7275552 1.2899606 1.6333212 1.3623546 2.4553733 1.2949021 2.0093493 1.9583311 1.5969577 2.0679777 2.0300940 2.1082021 1.3195798 2.0924305 1.9349965 2.3722097 2.8072675 2.0286769 1.6290403 2.5971094 2.5971094 2.3174544 3.0798702 1.4490413 1.3832749 1.2346478 1.8616255 3.0070018 1.9797864 2.2383019 2.8418582 1.4172765 2.5417164 2.3777085 2.1875015 2.9381535 1.8823483 1.3698860 1.7693652 2.5708895 1.8785416 2.3654693 2.2140322 1.9182310 2.4386876 2.1764691 2.2033348 1.8296812 1.8320675 2.9406609 1.9667541 2.7144213 2.2039231 1.8737374 2.6363870 3.2145038 1.8954924 2.2797699 3.5085003 2.6502694 1.8021647 2.6416474 2.3307157 1.3944469 2.4103556 1.1871949 1.5139280 1.3393536 2.2583798 2.4027506 2.4051999 1.8051871 2.6473848 2.6473848 2.6171663 2.1187645 2.1524158 
MetazoaEchinodermataAcanthasterplanci_3779535__PLAT3_RAT_Phospholipase_A_and_acyltransferase_3_OS_         2.7583174 2.2622270 2.3689854 2.7376376 1.7081696 1.9337271 1.6181669 1.9429309 1.9961077 1.7613245 1.9320944 1.8729470 2.4278699 1.8786257 0.0000000 1.6535425 1.2633691 1.8782910 1.7148164 1.8542719 2.1146196 1.5298471 0.5716479 0.3630858 1.8739592 2.1941314 1.0434955 1.9025345 1.6709579 0.9788748 2.1840639 2.3224184 2.5050171 2.3476739 1.9880647 2.2798102 2.2798102 2.2435689 2.2544191 2.0718209 1.7264179 1.6599849 1.8254343 2.6086928 2.5126421 2.1386632 2.9898604 1.9963994 2.0307490 1.2023226 1.8165300 2.7150992 1.9698045 1.7315240 2.1612757 2.2976401 1.9054399 2.1614091 2.0015486 1.9790714 2.6774330 2.0832875 2.4564892 1.7570551 1.7583124 2.7836501 2.0234011 1.8936894 2.3236835 1.9402339 2.1737746 2.4257395 2.1642581 2.4710458 2.4723517 2.5772327 1.8985129 2.4233066 2.0136281 1.9746011 1.7554162 1.6275108 1.6961041 1.7320389 2.0491344 2.2782915 2.1309178 2.0129015 2.2177017 2.2177017 2.3941981 2.3727009 2.2924784 
MetazoaCephalochordataBranchiostomabelcheri_2799601__PLAT3_RAT_Phospholipase_A_and_acyltransferase_3_OS_   2.9588724 2.0776604 2.2420031 3.1698196 1.5825662 1.5128915 1.5471934 1.3496640 1.1811272 1.6529978 2.4329919 2.6354873 2.3780293 1.7203094 1.6535425 0.0000000 0.0000010 1.7765298 1.2737926 1.7198007 2.1183371 1.6483658 1.8675275 1.6074586 1.2064340 1.9563621 2.0353112 2.3872262 2.0652360 1.9549558 2.0936414 2.0565619 2.8474066 2.3729791 1.4003515 2.6054347 2.6054347 2.1775098 2.6242433 1.7964951 1.8602111 1.6764352 1.5908979 2.4061889 1.5901174 2.2883953 2.2493179 2.5344873 2.0970083 2.3718275 2.1711311 2.9969883 2.1556201 1.7949948 1.1938929 1.8842817 1.8470745 2.2650351 2.2361967 1.7249335 2.3079351 1.5423036 1.7211164 1.2199059 1.2206493 2.9719976 2.1886333 2.3916273 2.4230036 2.3395803 2.4268309 2.4840061 2.4595680 2.1952836 3.5323022 2.7841988 1.5626822 2.4180866 2.5818102 1.8923670 1.9731110 1.7069079 1.2868826 1.6434201 2.2133133 1.9430506 2.1355495 1.9882103 2.2658670 2.2658670 3.1007741 2.2031682 2.4589773 
MetazoaCephalochordataBranchiostomabelcheri_2799602__PLAT3_RAT_Phospholipase_A_and_acyltransferase_3_OS_   2.6082702 2.1932193 2.2670118 2.8146819 1.5066248 1.4756867 1.5602760 1.3653369 1.1644807 1.6058717 2.2346301 2.2210996 2.1931739 1.7275552 1.2633691 0.0000010 0.0000000 1.6878368 1.2894336 1.6333128 2.0239669 1.5376823 1.5481747 1.3131925 1.2530749 2.0123735 1.7568133 2.0143206 2.0146248 1.6946717 1.8803481 1.9208569 2.5588758 2.1868488 1.4582493 2.3132064 2.3132064 1.9469119 2.2748845 1.6647489 1.7933388 1.5984294 1.5654246 2.0780142 1.5442272 2.1993251 1.9429527 2.2780459 1.8609218 2.1856897 2.1760141 2.6674220 2.1463153 1.8376807 1.2459724 1.8320065 1.6719522 2.4070350 2.2678882 1.5974466 1.9700309 1.4872839 1.6668852 1.3800065 1.3812891 2.6109282 1.9884557 2.1210913 2.1658297 2.1645363 2.2046359 2.3427854 2.4509350 2.1440865 3.2208225 2.4862511 1.6132191 2.2564911 2.5941852 1.7919646 1.9828225 1.6440541 1.3181702 1.5910779 2.0805877 1.8244469 1.9302448 2.1550871 2.0697966 2.0697966 2.9758293 2.5181075 2.6011475 
MetazoaVertebrateMusmusculus_6548232__PLAT1_MOUSE_Phospholipase_A_and_acyltransferase_1_OS_                2.8398909 2.0297241 2.2842990 3.3478226 1.0464889 2.4235643 1.8274610 1.6317379 1.8451435 1.6558802 1.2905570 1.2859093 2.0676643 1.2899606 1.8782910 1.7765298 1.6878368 0.0000000 1.8419089 0.1779101 1.8487452 1.1413969 1.8347302 1.5990579 1.3498475 2.1113272 1.6720393 2.5425456 1.1901810 1.7673490 2.0750728 2.2643043 2.9399403 1.6396483 1.7104659 2.3798435 2.3798435 2.0787488 2.4618054 1.2825600 1.0322092 0.9506197 1.9697200 2.5591269 2.1095856 2.6998557 2.1158612 1.4706694 2.2424012 1.5838774 2.3571052 3.5986853 1.9718945 1.3591952 1.5435032 2.0454915 2.2725632 2.3793009 1.8464456 2.1700064 2.0038913 1.9781198 2.2856461 1.7634779 1.7657219 3.0664772 2.0074738 2.3240493 2.3312320 1.5209416 1.9923219 3.0739217 1.7623578 2.6048115 3.2129905 2.8767465 1.8841996 2.1660160 2.1262065 1.2839633 2.0448315 0.5260196 1.5588457 1.0514780 1.6848264 2.2376150 2.0661189 2.0062900 2.0919298 2.0919298 2.6107106 1.9127219 1.8893158 
MetazoaBrachiopodaLingulaunguis_1298288__PLAT3_HUMAN_Phospholipase_A_and_acyltransferase_3_OS_             2.8059395 2.4833683 2.4959849 2.9262588 1.9259044 1.8298696 1.4041620 1.2017841 1.2408218 1.3978362 2.2910545 2.2408420 2.4135752 1.6333212 1.7148164 1.2737926 1.2894336 1.8419089 0.0000000 1.8665111 2.2948679 1.9731965 1.7586400 1.6496252 0.7714134 1.6818171 1.7734274 2.2676383 2.1040467 1.6336991 1.6908161 2.0500570 2.7271869 1.6817636 0.3563799 2.4768042 2.4768042 2.0611475 2.4348102 2.1976594 1.6916707 1.6020149 1.4142178 2.1074413 1.7079114 2.3300063 2.8013649 1.7311669 2.0326887 2.1150343 2.2388823 2.9074837 1.8109664 1.7701954 0.9302956 1.8145529 1.7789555 2.3792894 2.1949970 1.9821977 2.2238247 1.9991527 1.3834683 1.4126668 1.3954482 2.5794513 2.1276785 2.0414329 1.9730600 1.7624091 2.5717031 2.7151685 1.9927980 1.8771892 2.7562517 2.7947766 1.1343096 2.6005129 2.4579844 2.1717128 2.2901060 1.8166049 1.1703172 1.7384985 2.4224970 1.9975814 2.3869397 1.6283174 2.0479703 2.0479703 2.3838060 2.4875187 1.6577835 
MetazoaVertebrateHomosapiens_6468389__PLAT1_HUMAN_Phospholipase_A_and_acyltransferase_1_OS_                2.9350985 1.8363713 2.2120354 3.4095553 1.0696659 2.3532361 1.8405563 1.7726429 1.8215289 1.6746265 1.2561294 1.2607841 1.9709851 1.3623546 1.8542719 1.7198007 1.6333128 0.1779101 1.8665111 0.0000000 1.7822423 1.0660912 1.7893511 1.5353784 1.4456642 1.9931120 1.6497824 2.4982664 1.1698746 1.7462115 2.0254851 2.2324450 3.1151284 1.7619075 1.7261092 2.3905211 2.3905211 2.0973284 2.5037962 1.2827451 1.0679174 0.9469082 2.0982925 2.5595574 2.1745707 2.5063747 2.0781812 1.4832590 2.1512490 1.4802164 2.2145175 3.6572754 1.9940552 1.4085424 1.5826625 2.0323596 2.4163271 2.2598803 1.8972941 2.0584350 1.9879300 1.9329809 2.2480456 1.8817925 1.8845837 3.2507807 2.0515169 2.3492913 2.4133445 1.5504562 1.8890256 3.0634773 1.8005094 2.5797775 3.0451587 2.9609129 1.9672712 2.1705837 2.1266415 1.2639876 2.1158808 0.5366904 1.4820246 1.0676220 1.6787091 2.0870921 2.0410885 1.9663838 2.2046334 2.2046334 2.7029876 1.7472582 1.8778690 
MetazoaVertebrateDaniorerio_5425012__LRAT_BOVIN_Lecithin_retinol_acyltransferase_OS_                       3.3063505 2.3740074 0.8013681 2.9250005 2.0468610 2.4255779 2.5548012 2.2093052 2.3666115 2.1601615 2.1684883 2.0647581 0.6647415 2.4553733 2.1146196 2.1183371 2.0239669 1.8487452 2.2948679 1.7822423 0.0000000 1.9176688 2.3883208 2.0013083 1.9418835 2.3059491 1.9983799 2.8555411 2.0791678 2.1506519 2.5409226 2.2002951 3.2095109 2.5595375 2.0142360 2.1281389 2.0745724 2.6249472 2.5637136 2.2190792 2.1109212 2.0806636 1.9737275 2.8034942 2.1250261 3.3703169 2.6321264 2.2521984 2.7362780 2.2156899 2.5490427 3.3064181 2.3731552 2.1356152 2.1207178 2.2131650 2.6799641 2.2710265 1.7162742 1.8757852 1.8883485 2.6207486 2.0373633 2.2846013 2.2972677 2.9438738 2.4589420 2.2859023 1.8840784 2.0517355 0.5628892 2.3794858 2.3858445 2.4861797 3.0488868 3.1711651 2.3044874 0.7935802 1.8614821 2.2723986 1.9037762 1.8403667 2.3280551 2.0382219 0.4487551 2.3628046 0.8994712 2.0061498 2.9408201 2.9408201 2.8713273 2.4176514 2.2161721 
MetazoaVertebrateHomosapiens_6468958__PLAT2_HUMAN_Phospholipase_A_and_acyltransferase_2_OS_                2.5709079 1.5116763 2.0621483 2.8160596 0.4253603 1.8709599 1.7872349 1.7679931 1.9593553 1.7112770 0.8731004 0.9060124 1.8576655 1.2949021 1.5298471 1.6483658 1.5376823 1.1413969 1.9731965 1.0660912 1.9176688 0.0000000 1.9259313 1.4925010 1.7815983 1.8765123 1.7288673 1.6734508 0.8714634 1.7689923 1.5834761 1.5491926 2.4974252 2.1385140 1.9599011 2.1963303 2.1963303 1.9309688 1.9756614 0.9867504 1.2164770 1.0789022 1.5895459 2.6994157 1.7150014 1.9871842 2.1223033 1.5897024 2.1181989 1.6118656 1.8993262 2.8855996 2.2158834 1.4221632 2.0410359 2.0771083 1.6492141 1.9035936 2.1330800 1.5485753 2.2180200 1.9363977 1.9351913 1.7589826 1.7684207 2.8224356 1.8622810 2.1140215 2.2207474 1.4554469 1.7476543 3.1797805 1.7929755 2.3900637 3.0041424 2.5170189 1.4410635 2.0405231 2.3627904 0.9669963 1.8629743 0.9821043 1.4301170 0.4222209 1.7674508 1.7469559 1.8483393 1.7666991 2.6895119 2.6895119 2.7670976 1.6373205 1.9651917 
MetazoaEchinodermataAcanthasterplanci_3781729__PLAT3_RAT_Phospholipase_A_and_acyltransferase_3_OS_         4.2099310 2.2032401 2.7623694 3.9854765 1.8323612 2.1476914 2.0160587 2.1307922 2.0272540 2.1132738 2.3965930 2.3822514 2.5284379 2.0093493 0.5716479 1.8675275 1.5481747 1.8347302 1.7586400 1.7893511 2.3883208 1.9259313 0.0000000 0.3137701 2.0379347 2.3782751 0.9735841 1.9678966 1.8650885 0.9821143 2.2327805 2.2107673 3.7237505 2.3030963 2.1265341 2.6742914 2.6742914 2.0851859 2.3156649 1.9202673 1.6853310 1.5585045 2.2215859 3.0213406 2.2190850 2.2991236 2.9071475 2.0683305 2.1595876 1.0476488 2.0079009 3.9448816 2.0063552 2.0974648 2.1407724 2.5841107 2.2269730 2.2868886 1.9778470 2.1103867 2.2015826 2.1265107 2.4984451 1.9021407 1.9035301 3.2760829 2.4403184 2.3675398 2.0226313 2.2278169 2.5316374 2.6478115 2.2360166 2.6957896 2.9001449 3.8260189 1.9722984 2.6695603 2.2344288 1.7522745 2.1422601 1.6575386 1.9331477 1.7990982 2.4552147 2.2769420 2.7369609 2.0678842 2.4587761 2.4587761 3.2696093 2.2745649 2.1155659 
MetazoaEchinodermataAcanthasterplanci_3781807__PLAT4_HUMAN_Phospholipase_A_and_acyltransferase_4_OS_       2.7894184 2.1499017 2.5061662 2.6416995 1.5605757 1.9467750 1.8258730 1.8801024 2.1602031 1.7944950 1.9232112 1.9197966 2.3866003 1.9583311 0.3630858 1.6074586 1.3131925 1.5990579 1.6496252 1.5353784 2.0013083 1.4925010 0.3137701 0.0000000 1.8620914 2.0877450 0.9579750 1.8611399 1.6799740 0.8968836 1.9813699 2.2523704 2.3962460 2.1740615 1.7097924 2.1408881 2.1408881 2.1270744 2.1533748 2.0234225 1.5151033 1.4207808 1.9520958 2.7190527 2.1718064 2.1193718 2.9673151 1.9801232 2.2173104 0.8101153 1.7731486 2.6115813 1.9367285 1.6559921 2.0727403 2.2937708 1.9964332 2.0770217 1.7174105 1.9033192 2.2177428 2.0993658 2.2197738 1.7921949 1.7781202 2.5697769 2.1035727 2.0121176 2.0286059 1.8041286 2.2680720 2.4149166 2.1667838 2.4095402 2.6015483 2.4796614 1.9454759 2.4511402 1.9890757 1.8573254 1.6463604 1.5965520 1.7416644 1.6407209 2.0222809 2.1322207 2.4296972 1.8810148 2.3274346 2.3274346 2.5120933 2.2832298 1.8220304 
MetazoaBrachiopodaLingulaunguis_1299417__PLAT3_HUMAN_Phospholipase_A_and_acyltransferase_3_OS_             2.9227863 2.2062530 2.0946778 3.1157808 1.5629762 1.8379325 1.1593675 0.7797181 1.1569802 1.2022379 1.9224908 1.9144851 2.1065103 1.5969577 1.8739592 1.2064340 1.2530749 1.3498475 0.7714134 1.4456642 1.9418835 1.7815983 2.0379347 1.8620914 0.0000000 1.5575097 1.9054003 2.2496234 1.7820038 1.8206412 1.8028841 2.1804806 2.8396807 1.7478870 0.7539604 2.3683519 2.3683519 1.9044495 2.6851088 1.8390921 1.8156038 1.6043331 1.4302186 2.2742164 1.5497226 2.4365240 2.2486002 1.3503732 2.2034530 1.7766649 2.4656602 3.0798756 1.8110550 1.7971443 0.2088049 1.6889432 2.1082985 2.0886383 1.9574174 1.5722529 2.0485953 1.6464048 1.4535751 1.0021650 1.0108849 2.7924361 1.8565246 2.2483573 2.1029589 1.7205022 2.0752599 2.7238838 1.6625188 2.1646942 3.1686965 3.0162265 1.0159388 2.3166429 2.4246814 1.7818248 2.5605167 1.5636352 1.2578549 1.4082274 1.9321016 2.1860903 2.1156156 1.5244012 1.8839134 1.8839134 2.1458566 1.9705659 1.8731580 
MetazoaCnidariaStylophorapistillata_3678277__PLAT3_RAT_Phospholipase_A_and_acyltransferase_3_OS_           3.3707674 2.2219226 2.5444054 2.9797842 2.1217377 2.2731109 2.0105529 1.9247621 2.1835810 1.8304606 2.4708088 2.3475494 2.5280163 2.0679777 2.1941314 1.9563621 2.0123735 2.1113272 1.6818171 1.9931120 2.3059491 1.8765123 2.3782751 2.0877450 1.5575097 0.0000000 2.2577412 2.0221461 2.2630278 2.1640996 1.8573614 2.0102945 2.9284956 2.3271216 1.8752717 2.6431599 2.6197020 2.4228025 2.4902779 1.9251096 1.8168111 1.7678220 1.5003800 2.5284342 1.3632870 2.2808979 1.5267795 2.1984194 2.6069778 2.6085005 2.5155335 2.9463326 1.7075641 2.1898797 1.6893093 1.7028506 2.0136852 2.4265804 2.3603843 1.7870000 2.2616527 1.2027889 2.6065838 1.6680888 1.6764825 3.1643859 2.6190698 2.2776402 2.1758872 2.2097358 2.4069903 3.0995106 2.5839320 1.9928529 2.9802761 3.0387630 1.6430901 2.4861088 2.0600455 1.9526557 2.2304185 1.9330289 1.7781253 1.9597076 2.2026861 2.0182257 2.2116729 1.9161333 2.2678200 2.2678200 3.0145912 2.1818785 2.5802852 
MetazoaEchinodermataAcanthasterplanci_3781827__PLAT1_MOUSE_Phospholipase_A_and_acyltransferase_1_OS_       3.4027394 2.1287778 2.5254514 3.3105572 1.8255030 2.1591578 1.9134186 1.9624771 2.0868959 1.8652609 2.0092503 1.9084941 2.2726337 2.0300940 1.0434955 2.0353112 1.7568133 1.6720393 1.7734274 1.6497824 1.9983799 1.7288673 0.9735841 0.9579750 1.9054003 2.2577412 0.0000000 2.0639420 1.6112823 0.1463185 2.1586357 2.3528703 2.9977942 1.8894952 1.8485344 2.4566805 2.3758077 2.1703310 1.9461346 1.9892799 1.7783298 1.5954864 1.8189012 3.0322404 2.2540559 2.1294766 3.0501313 2.1187764 2.4176400 1.2374040 1.8933893 3.3220936 2.2543961 1.8626589 2.1726474 2.1453231 1.9836866 2.1394977 1.9691396 1.7115252 2.5267695 2.1574441 2.0648156 1.9551422 1.9567212 2.6519554 2.2274614 2.0483816 2.0274212 1.9571733 2.2521913 2.4718978 2.0625253 2.4814571 2.4345326 3.1889250 1.8431076 2.0988184 2.2943418 1.8678628 2.1184854 1.6446674 1.7139898 1.7091657 2.0838261 2.3317351 2.4879486 1.4676912 2.3254346 2.3254346 2.7537127 2.0333858 2.0576102 
MetazoaPoriferaLeucosoleniacomplicata_5010111__PLAT3_PONAB_Phospholipase_A_and_acyltransferase_3_OS_       3.2028530 2.7563576 2.7515333 3.0977968 1.9600467 2.3380976 2.4633246 2.2260873 2.2518168 1.5043843 2.4569892 2.3472298 2.6712953 2.1082021 1.9025345 2.3872262 2.0143206 2.5425456 2.2676383 2.4982664 2.8555411 1.6734508 1.9678966 1.8611399 2.2496234 2.0221461 2.0639420 0.0000000 2.1987170 2.1370136 1.9106357 1.9758961 2.7410354 2.4524466 2.0952546 3.1115353 3.1115353 2.6134501 2.4220790 2.3030883 2.4850169 2.1239992 2.0248364 2.8998223 1.9128468 1.1330012 3.0855568 2.5675595 2.6270060 2.5057451 2.8925141 2.7471813 2.2366608 2.1705451 2.3653537 2.7197147 1.9564444 2.4547472 2.5046930 1.8820644 2.4654419 1.8376349 2.6987420 2.3773405 2.3917541 3.1364852 2.8828964 2.7769739 2.3185750 2.9046757 2.5357047 3.0364078 3.9986488 2.5595469 3.0282495 2.9651219 2.0381017 2.5827782 2.4078729 2.4009241 2.4949723 2.2089191 2.1448216 2.0302492 2.4769922 2.0882281 2.9947081 2.5887893 3.0297694 3.0297694 2.6072776 2.7316427 2.8542527 
MetazoaVertebrateHomosapiens_6469942__PLAT4_HUMAN_Phospholipase_A_and_acyltransferase_4_OS_                2.8295107 1.7966434 2.3074696 2.8794003 0.8750993 2.0128447 1.8738986 1.8046946 1.8376668 1.9566713 0.8449138 0.8651465 2.2253642 1.3195798 1.6709579 2.0652360 2.0146248 1.1901810 2.1040467 1.1698746 2.0791678 0.8714634 1.8650885 1.6799740 1.7820038 2.2630278 1.6112823 2.1987170 0.0000000 1.6149275 1.9285189 1.9028782 2.6713409 2.2068081 2.2034950 2.2723435 2.2723435 1.8025568 2.4034355 0.9608979 1.1388970 1.1060753 1.6712926 2.5885826 2.1309727 2.3760001 2.0586564 1.5435596 2.2375544 1.7965837 2.0988304 3.0828793 2.1125465 1.3576708 2.0341711 1.9924223 1.8189242 2.3971998 1.8541972 1.7658892 1.9279121 2.1226750 2.0512165 2.1315262 2.1440712 2.4728032 1.8871758 2.1146186 2.1094890 1.2694663 2.2615370 3.4865426 1.7765621 2.4996382 3.1491551 2.6972013 1.8525497 2.2428600 2.2281309 0.8590450 1.8066501 1.1518256 1.6379134 0.8742952 1.9680853 2.0701569 2.2941187 1.5870400 2.5684004 2.5684004 2.5859830 1.7377372 1.9660175 
MetazoaEchinodermataAcanthasterplanci_3782589__PLAT4_HUMAN_Phospholipase_A_and_acyltransferase_4_OS_       3.1497400 2.2438554 2.5047883 3.2523821 1.8052724 2.0652947 1.7304448 1.8245901 1.9540812 1.6917009 1.8347928 1.7356097 2.2309114 2.0924305 0.9788748 1.9549558 1.6946717 1.7673490 1.6336991 1.7462115 2.1506519 1.7689923 0.9821143 0.8968836 1.8206412 2.1640996 0.1463185 2.1370136 1.6149275 0.0000000 2.1642931 2.2434829 2.8904034 1.8454211 1.6776361 2.3434157 2.3434157 2.0523968 2.0771056 1.9912078 1.7294091 1.6396988 1.6673983 2.9157891 2.2673353 2.1387474 2.9465008 2.1187805 2.3457942 1.2590403 1.7150422 3.3173996 2.1258405 1.7549854 2.0467982 2.1462728 1.9160217 1.8932487 1.8716497 1.6045719 2.3729517 2.2143452 2.1277125 1.7414271 1.7426251 2.7931847 2.1849002 2.0682567 2.1539348 1.8755984 2.2664067 2.5302168 2.1608468 2.6765751 2.6461405 3.1625301 1.7196087 2.2652082 2.0291243 1.9693767 2.1922435 1.7214897 1.6668630 1.6914105 2.2197635 2.3778917 2.3713920 1.5466639 2.2039858 2.2039858 2.5842734 2.2223533 1.8964826 
MetazoaPoriferaSyconciliatum_5138130__PLAT3_PONAB_Phospholipase_A_and_acyltransferase_3_OS_                2.8332762 2.2945762 2.5959563 2.8782157 1.7138049 1.8489232 2.3171344 2.1811229 1.9606622 1.8786961 1.9138558 1.9763876 2.0425803 1.9349965 2.1840639 2.0936414 1.8803481 2.0750728 1.6908161 2.0254851 2.5409226 1.5834761 2.2327805 1.9813699 1.8028841 1.8573614 2.1586357 1.9106357 1.9285189 2.1642931 0.0000000 2.0131875 2.8760258 2.0607249 1.4760981 2.7593224 2.7593224 2.8994120 2.7984282 1.9443869 1.8419389 1.5333043 1.9772662 2.7934272 1.5807847 2.0792369 1.8289245 2.4404805 2.3331665 2.4039428 2.8068958 2.8117864 2.2020079 1.8407308 1.8289212 2.0114363 0.6129828 2.4571089 2.2340425 1.8624556 2.5693273 1.7184850 2.5601379 1.8914759 1.8953191 2.9735963 2.5292493 2.6828562 2.2696295 2.4533303 2.2108586 2.3605295 3.1433866 1.9785709 3.2977336 2.7634096 1.5871819 2.5874430 2.2854483 1.8699796 2.1331257 1.7373384 1.7363950 1.6033681 2.3249421 1.8223653 2.5082440 1.9788363 2.1544154 2.1544154 2.9432649 2.3902294 2.2078724 
MetazoaPoriferaLeucosoleniacomplicata_5018539__PLAT2_HUMAN_Phospholipase_A_and_acyltransferase_2_OS_       3.2751971 2.5682435 2.9524627 3.3441938 1.8508721 2.1089398 2.1617143 2.1137413 2.0891565 2.0190573 2.1000188 2.1303907 2.3016910 2.3722097 2.3224184 2.0565619 1.9208569 2.2643043 2.0500570 2.2324450 2.2002951 1.5491926 2.2107673 2.2523704 2.1804806 2.0102945 2.3528703 1.9758961 1.9028782 2.2434829 2.0131875 0.0000000 3.1306490 2.7230568 1.9375153 2.1546803 2.1546803 2.1243403 2.5549130 1.7974069 2.4079556 1.9636076 2.2116749 2.4065039 1.8067042 2.0846541 2.1763866 2.6430221 2.4118209 2.9286198 2.5821190 3.0685542 1.8650140 2.0204507 2.3451203 2.4194789 1.8999247 1.9995094 2.4286681 1.7974256 2.8999701 1.6850582 2.2547094 2.1864986 2.1998640 3.1074711 2.3874904 2.1652026 2.5156329 2.8974929 2.2044419 2.7411026 3.4165486 2.1647067 3.6587069 3.0348230 1.8002126 2.4870895 2.6728299 1.8237572 2.3496222 2.0211655 1.9961477 1.8429881 2.4917603 0.6284824 2.8913369 2.2801741 2.7206590 2.7206590 2.3243550 2.5335742 3.1363839 
MetazoaCnidariaFungiascutaria_3204893_                                                                     0.2506542 3.7220207 3.2985265 0.2322741 2.5117347 2.3867322 2.7526039 2.4742952 2.3423357 2.5251400 3.0555376 3.3127107 3.1579680 2.8072675 2.5050171 2.8474066 2.5588758 2.9399403 2.7271869 3.1151284 3.2095109 2.4974252 3.7237505 2.3962460 2.8396807 2.9284956 2.9977942 2.7410354 2.6713409 2.8904034 2.8760258 3.1306490 0.0000000 3.2271026 2.3598327 3.1891430 2.9781827 3.0788481 3.0806041 2.8657995 2.6443867 2.2160471 1.9386346 3.2906243 2.7536401 2.5493125 2.9876171 3.3294880 3.0903633 3.7964012 2.9684235 0.1997715 2.6406006 2.7508977 2.8711535 2.6152776 2.7251641 2.6472766 2.8890529 2.4214383 2.7079379 2.5855812 3.2007163 2.5763886 2.5495011 0.5776636 3.5231187 3.3118969 2.9884213 3.2069255 3.2256148 2.5895089 3.9406420 3.1511855 3.2984750 0.1659935 2.4153346 3.6770000 2.3303668 2.6313278 2.3819365 2.7995176 2.1412565 2.7516247 3.4023821 3.1989420 3.1861121 3.3781202 3.4401610 3.4401610 2.8717158 3.4640088 4.2724192 
MetazoaPoriferaSyconciliatum_5143426__PLAT1_MOUSE_Phospholipase_A_and_acyltransferase_1_OS_                3.6596044 2.4625281 3.1249575 3.4220595 2.2065042 2.0025491 2.7317873 2.2530708 2.3657300 1.9974554 2.4030714 2.3737670 2.4498865 2.0286769 2.3476739 2.3729791 2.1868488 1.6396483 1.6817636 1.7619075 2.5595375 2.1385140 2.3030963 2.1740615 1.7478870 2.3271216 1.8894952 2.4524466 2.2068081 1.8454211 2.0607249 2.7230568 3.2271026 0.0000000 1.5537302 3.0594887 2.9023623 2.6297268 2.6685113 2.1928161 1.8702094 1.8362658 1.8961427 2.7844101 1.9701146 2.4208004 2.4218564 2.4268989 2.4228262 2.5126144 2.7786875 3.1571539 1.9604120 2.0422621 1.7428472 2.1014585 2.5128575 2.5503891 2.4157613 1.8737475 2.3914969 2.0401256 2.6177370 2.0141101 1.9959082 3.4692982 2.5741427 2.6472619 2.4553705 2.1450811 2.7550537 2.9069538 2.3498636 2.6395927 3.9835678 3.4958737 2.0583374 2.5264010 2.0451860 2.2694126 2.5954851 1.7328743 2.0575818 2.0991383 2.4079569 3.1791193 2.8710817 2.7734254 0.9331268 0.9331268 3.2217475 2.3082535 2.5238303 
MetazoaBrachiopodaLingulaunguis_1302550__PLAT1_HUMAN_Phospholipase_A_and_acyltransferase_1_OS_             2.5492852 2.5005738 2.4687470 2.4125383 1.9471509 1.8626709 1.3147086 1.3036524 1.2784990 1.3881836 2.4165624 2.3489983 2.0809064 1.6290403 1.9880647 1.4003515 1.4582493 1.7104659 0.3563799 1.7261092 2.0142360 1.9599011 2.1265341 1.7097924 0.7539604 1.8752717 1.8485344 2.0952546 2.2034950 1.6776361 1.4760981 1.9375153 2.3598327 1.5537302 0.0000000 2.4681189 2.4681189 1.8824208 2.4622667 2.0993991 1.8698775 1.7306964 1.5155744 2.2594557 1.6995347 2.4743459 2.2903341 1.9068157 2.1160426 2.1345851 2.5287297 2.5202310 1.9732897 2.1860734 0.9052519 1.6908014 1.5452803 2.1885438 2.2568845 1.8813079 2.2763028 1.9349804 1.5479785 1.4911818 1.4881575 2.6410066 1.8136784 2.1551064 1.9454172 1.6652229 2.2866476 2.3249015 2.1873497 2.0533751 2.5682901 2.4394680 1.1486031 2.5839307 2.1001782 2.1068978 2.4236077 1.7304172 1.1743297 1.8140936 2.0343421 1.7571698 2.3550781 1.4910284 2.0851011 2.0851011 2.4788843 2.4689667 2.0303654 
CryptophyceaeEP00290BaffinellaspCCMP2293_12059753__LRAT_BOVIN_Lecithin_retinol_acyltransferase_OS_         3.3192004 2.3953493 2.6098969 3.3650735 2.3826700 1.9659307 2.4436848 2.3970563 2.2468906 2.2097524 2.4485488 2.5956184 2.5997560 2.5971094 2.2798102 2.6054347 2.3132064 2.3798435 2.4768042 2.3905211 2.1281389 2.1963303 2.6742914 2.1408881 2.3683519 2.6431599 2.4566805 3.1115353 2.2723435 2.3434157 2.7593224 2.1546803 3.1891430 3.0594887 2.4681189 0.0000000 0.0170797 2.5086221 2.5286679 2.5773454 2.3950144 2.0339107 1.8401340 2.1473700 2.0470586 2.4431695 2.6431091 2.8916304 2.2303238 3.0684846 2.8010978 3.5820727 2.3360597 2.2482384 2.7464779 2.6595210 2.9937435 2.6097227 2.1021488 1.8981360 2.1915598 2.7350697 2.2078462 2.1024871 2.1145866 3.0685737 2.3877422 0.6526054 2.9364177 2.1407471 2.2780136 3.0710669 2.7738269 2.3922844 2.8587554 3.2133198 2.3332564 2.4833705 2.2371241 2.2751741 2.4432832 2.2068348 2.2811108 2.4460137 2.0863680 2.3371724 2.4987569 2.7003479 2.7339042 2.7339042 2.8584052 2.2578264 2.2820716 
CryptophyceaeEP00290BaffinellaspCCMP2293_12040984__LRAT_BOVIN_Lecithin_retinol_acyltransferase_OS_         3.2371474 2.3953493 2.5320261 3.1363588 2.3826700 1.9014577 2.3328580 2.3970563 2.2468906 2.2097524 2.4485488 2.5956184 2.4680996 2.5971094 2.2798102 2.6054347 2.3132064 2.3798435 2.4768042 2.3905211 2.0745724 2.1963303 2.6742914 2.1408881 2.3683519 2.6197020 2.3758077 3.1115353 2.2723435 2.3434157 2.7593224 2.1546803 2.9781827 2.9023623 2.4681189 0.0170797 0.0000000 2.5086221 2.3981364 2.5773454 2.2490963 2.0339107 1.8401340 2.1025405 2.0470586 2.4431695 2.6431091 2.8916304 2.2303238 3.0025945 2.8010978 3.3228696 2.3360597 2.2482384 2.7464779 2.5524713 2.9937435 2.6097227 2.1021488 1.8981360 2.1915598 2.7350697 2.2078462 2.1024871 2.1145866 2.9313890 2.3465345 0.6526054 2.9364177 2.1407471 2.2181166 3.0710669 2.7738269 2.3922844 2.8587554 2.9994653 2.3332564 2.4137200 2.2641304 2.2751741 2.4432832 2.2068348 2.2811108 2.4460137 2.0354722 2.3371724 2.4283936 2.7003479 2.5863045 2.5863045 2.8584052 2.2578264 2.1815733 
MetazoaCnidariaClytiahemisphaerica_3096585__PLAT4_HUMAN_Phospholipase_A_and_acyltransferase_4_OS_          3.0060855 2.1057709 2.8389488 3.0338475 2.0848357 2.2370482 2.3568025 2.0641509 2.2160893 1.9369704 2.2535958 2.2431517 2.7919436 2.3174544 2.2435689 2.1775098 1.9469119 2.0787488 2.0611475 2.0973284 2.6249472 1.9309688 2.0851859 2.1270744 1.9044495 2.4228025 2.1703310 2.6134501 1.8025568 2.0523968 2.8994120 2.1243403 3.0788481 2.6297268 1.8824208 2.5086221 2.5086221 0.0000000 2.6489785 1.5984161 1.7095716 1.8836962 1.9675045 2.8146543 2.0004028 2.3426948 2.7709102 2.4326631 2.6204758 2.2358322 0.9728628 2.9781687 2.2884183 1.6807087 1.9672019 2.6699386 2.3798020 2.7812226 2.1578995 2.0144700 2.2777143 1.9706968 2.1558691 2.0017499 2.0132598 3.2673164 2.2702751 2.2324296 1.9182279 2.3668071 2.6852307 2.2894219 2.4868551 2.1194804 3.3438028 3.1231268 1.8968051 2.5415629 2.2653908 1.5823927 2.3006260 1.8907047 2.0897513 2.0459753 2.3113828 2.3680221 2.5824149 1.7921898 2.8402865 2.8402865 2.9910945 2.1736216 2.0436921 
