171
AlveolataEP00742ColponemidiaspColp10_4284160__PDE9A_RAT_High_affinity_cGMP-specific_3_          0.0000000 1.5773153 3.0320632 2.9822178 2.5988557 2.5021541 2.7798612 2.6320894 2.3243090 2.6646463 2.6729610 2.5165456 2.9996078 2.3293168 2.3486193 2.2053272 1.7541498 3.0401759 2.9197558 2.7349478 2.6232044 2.5316382 2.7646716 2.5326109 2.6109290 2.6211543 2.4769787 2.2737033 2.1616928 2.1581025 2.7216574 2.4506702 2.4589947 2.7616217 2.1600439 2.1497718 2.6073446 2.9956076 2.9604773 2.5340193 2.5596511 2.6141061 2.5596511 2.4244042 2.4244042 2.0759388 2.3774118 2.3390216 1.7972305 2.8252283 2.6773027 2.3681291 3.0375337 2.0918758 2.8735847 2.4205930 2.5614318 2.6273991 2.1878392 2.2387756 2.4511458 2.3972124 2.5438228 2.8141238 2.4956740 2.5718937 2.7221371 2.6414721 2.4782160 3.1093483 2.3944362 2.2936659 2.9629975 2.7802201 1.8715950 2.3855893 2.3632272 2.7246062 3.0894298 2.6852867 2.8545687 2.3741845 2.0586809 2.0415811 2.8059826 2.0556756 2.2881055 2.2348391 1.9970194 2.4101172 2.7468513 2.7995153 1.9174108 2.4770184 2.5777172 2.6514263 2.9848894 1.7449037 2.8096739 3.0629062 2.5997958 2.7594412 2.3780814 2.9284633 2.7336753 2.9231537 2.7788961 2.6528905 2.1874400 2.7610515 2.7610515 2.2927825 3.4196116 2.5307073 3.0947714 3.4008659 3.0583824 2.8279553 3.1278895 2.5426763 1.9023943 1.9127555 2.8182559 2.5896760 3.0557458 2.5282423 2.6649473 2.7332842 2.9210530 2.7779159 2.7790923 2.7699267 2.7362843 2.9398327 2.9398327 2.7960931 2.9849374 2.5773143 2.6687883 2.6660949 2.6529380 2.8326935 3.1756648 2.8514086 3.6415198 2.4062902 3.4345652 2.5790656 2.4572610 2.8326234 2.7907664 4.3375703 2.9644019 3.0823769 3.1243077 3.3127384 3.3654753 3.1899910 3.0464488 2.9943119 2.9943119 3.2576944 3.3224047 3.2305803 3.1577048 3.2033332 3.3634789 3.0656652 2.8950127 4.3172523 3.1054011 
AlveolataEP00742ColponemidiaspColp10_4286510__PDE11_TAKRU_Dual_3_                               1.5773153 0.0000000 2.4930553 2.6947695 2.1312890 2.3868470 2.1975481 2.1152740 2.0466472 2.0639632 2.0699914 2.0472130 2.5914751 2.0904481 2.1020474 1.9638518 1.5416429 2.7429374 2.7380691 2.9551889 2.1997613 2.2787244 2.4886063 2.2435502 2.2723759 2.3316751 2.3230654 2.2303277 1.9459387 2.4391684 2.4605007 2.2010893 2.2332143 2.2998097 1.9391811 1.9309488 2.4440529 2.5452245 2.5452245 2.2668983 2.2680902 2.3143040 2.2726417 2.1159836 2.1159836 1.9984492 2.3117679 2.8390310 1.5884240 2.8349315 2.8721243 2.2260231 2.3244089 2.0441288 2.3409825 2.2477940 2.3566987 2.5309207 2.0616444 2.3043273 2.7296784 2.1416980 2.5600511 2.3743119 2.2710423 2.2681523 2.2990131 2.7284474 2.1572025 2.9245083 2.1357951 2.2740314 2.5482004 2.3764917 1.3586274 2.5339693 1.9483158 2.3376778 2.4879916 2.5494651 2.7024554 1.9935430 2.1539696 2.0197314 2.6405452 2.1413103 2.2769802 2.3690372 2.0107471 2.1317152 2.3624794 2.1441457 1.8586639 2.3094963 2.2728990 2.3339518 2.5462157 1.8157838 2.4206849 2.5687777 2.1660201 2.3886852 2.1485273 2.6172665 2.6788385 2.3622390 2.5214940 2.2668500 2.0273260 2.2542540 2.2542540 2.5108252 2.9911453 2.2041402 2.8740043 3.0422730 2.9073393 2.8104517 3.0619754 2.5446708 2.0030606 2.0139960 2.4917423 2.3295333 2.6515123 2.2633809 2.2495003 2.3911776 2.4152420 2.5105400 2.5045752 2.5105400 2.8045037 2.4730886 2.4730886 2.3649123 2.5393705 2.6065253 2.2616075 2.2608756 2.2608756 2.5946029 2.7231848 2.5216043 3.6031773 2.2656601 2.7783100 2.5407246 1.9538412 2.4586901 2.4809555 4.0932063 2.4356572 3.0906339 3.1627576 3.0050849 3.0522869 2.9522788 2.4871246 2.4664494 2.4664494 2.9170893 3.0610754 3.0738703 3.0002780 3.0231307 3.0253034 2.8901599 2.7637373 3.9031332 2.6817755 
ChoanoflagellataEP00039Didymoecacostata_10858069__PDE11_MOUSE_Dual_3_                           3.0320632 2.4930553 0.0000000 0.9582489 1.4245661 1.3466528 1.3644024 1.4046887 2.3907368 2.4670010 2.4743333 2.5572686 2.6853086 2.2491326 2.3647924 2.1724014 2.6062144 2.6447827 2.9021469 1.9303629 1.6807016 1.6255729 2.1866241 1.6435945 1.6838544 1.7524301 1.8443676 1.5809528 1.1397207 2.0781050 1.9847388 1.2611459 1.6786940 2.0292096 1.4416834 1.4585835 1.5356043 1.8645022 1.8645022 1.6736936 1.7010711 1.5301003 1.7010711 1.3293194 1.3293194 1.1045797 1.7605305 2.0415309 0.8498599 2.2606196 1.7506429 1.3322790 1.5480111 1.2086265 1.8740435 1.1760552 1.8027990 1.4331235 1.1278180 1.4512666 1.8285481 1.6637664 1.5035289 1.9227741 1.6649485 1.5434298 1.5922672 1.8914747 1.5450715 2.2235476 1.6865478 1.2903764 1.9279925 1.9023065 1.1209841 2.3511326 1.4995170 2.0190264 1.6833550 1.3549617 1.9777458 1.8855640 1.4394747 1.0927888 2.1591504 1.0499738 1.3423091 1.5977693 1.3975775 1.7183038 1.9080349 1.8386178 1.1983058 1.6489056 1.8494862 1.7909155 1.8828792 0.9281375 1.8871357 1.8788707 1.6914117 1.9291066 1.6933326 2.1585438 2.6312295 1.3610829 1.7712571 1.5904331 1.6852891 1.5753249 1.5753249 1.2312695 2.3322044 1.3748533 2.5853405 2.7629178 2.7372242 2.2703055 2.6287067 1.9806291 1.3750807 1.3841335 1.9399525 1.7568873 2.1992745 1.3919110 1.6966150 1.9774954 1.9202639 2.1358106 2.1396816 2.1358106 1.6099095 1.9358766 1.9358766 1.8734891 1.4844826 2.3223259 1.6798444 1.6798444 1.6798444 2.0437232 1.8334718 1.9738536 2.4909340 1.3675857 1.9452187 1.1074266 1.1515101 1.9693896 2.0211410 3.6087239 1.8155283 2.6209178 2.6884376 2.4283370 2.4366864 2.4131139 2.2381904 2.2078167 2.1802718 2.1376373 2.3986106 2.4023755 2.5680050 2.4258602 2.4328250 2.5272357 2.8405862 4.1141319 3.1357001 
ChoanoflagellataEP00040Diaphanoecagrandis_10931305__PDE11_DROME_Dual_3_                         2.9822178 2.6947695 0.9582489 0.0000000 1.4310069 1.4825649 1.4221796 1.3771137 2.3799038 2.5556553 2.5563463 2.6051150 2.7437032 2.3026070 2.3210873 2.4025786 2.5234927 2.7423664 3.0133443 2.0598363 1.6087917 1.6311707 2.1943399 1.7219604 1.6492535 1.7260303 1.8979822 1.6536714 1.0305419 2.1205475 2.0119028 1.3342129 1.6118559 1.9146202 1.5461962 1.5670871 1.6267570 2.0650048 2.0650048 1.6136857 1.6244915 1.4371668 1.6244915 1.4360298 1.4360298 1.2373197 1.7425505 2.3341280 0.8335928 2.2446639 1.9976660 1.3760237 1.4542261 1.3268422 1.9157652 1.2103385 1.9946307 1.6676219 1.2151934 1.4874663 1.9256315 1.5635559 1.7046789 1.9103781 1.5937537 1.6055917 1.7118299 1.9727473 1.5769311 2.1982887 1.6038523 1.3001333 2.0090033 1.9110803 1.0820271 2.4643794 1.4685092 1.9589985 1.8276390 1.4953379 1.8694141 1.7249914 1.4316499 1.0145533 2.0043619 1.1106883 1.4553833 1.7489123 1.4073084 1.6042622 1.9135228 1.9096163 1.1865954 1.6219363 1.8509084 1.7349399 1.9670037 0.9728416 1.9473201 1.9899896 1.6358229 1.9593792 1.5686887 2.0917629 2.7967134 1.4599030 1.8560953 1.6913371 1.7587729 1.7119323 1.7119323 1.3607910 2.6390900 1.3631158 2.4375393 2.6214952 2.5707698 2.2549904 2.7629503 2.0293344 1.5806961 1.5841098 1.9368622 1.7589343 2.1113014 1.3605133 1.7286692 1.8842455 1.9125336 2.1063670 2.1110985 2.1063670 1.9141596 1.9201104 1.9201104 1.8763263 1.5367635 2.4926293 1.7619041 1.7634479 1.7634479 1.9789919 1.9613825 1.7902869 2.5871728 1.3800928 2.1612065 1.4113627 1.0280128 1.9697704 1.9496333 3.5925903 2.0144248 2.5250419 2.6259127 2.6805419 2.5659192 2.5349054 2.3703367 2.2898607 2.2617089 2.4373932 2.7062520 2.6485295 2.6972951 2.6584701 2.7624735 2.6974351 2.8445943 4.0116417 3.0228956 
ChoanoflagellataEP00045Choanoecaperplexa_11081839__PDE11_DROME_Dual_3_                          2.5988557 2.1312890 1.4245661 1.4310069 0.0000000 1.3773016 1.4494241 0.2993765 2.1871115 2.3053089 2.3035758 2.2627013 2.3346790 2.1090943 2.1039094 2.1888184 2.2703942 2.7418710 2.5726178 2.1806951 1.8154854 1.5884603 2.1714157 1.7533943 1.7207502 1.6125517 1.9780242 1.7431117 1.3691765 2.3153576 1.6878447 1.4156906 1.6182460 1.9778194 1.5699784 1.5908611 1.7925331 1.7462246 1.7547620 1.7308972 1.6191833 1.5807497 1.6191833 1.5863803 1.5863803 1.3020291 1.7002511 2.5847499 0.9881184 2.1123733 1.8978568 1.4894306 1.7605065 1.4297057 1.6455725 1.4432736 1.8198520 1.6024114 1.3010199 1.6110867 2.0887880 1.5314228 2.0793300 1.6459047 1.6899810 1.8366783 1.7977592 1.8598866 1.5438193 1.9650978 1.5807801 1.5455405 1.6890513 1.6822897 1.2571730 2.2991417 1.5859069 1.6998837 1.8912184 1.6689382 1.8020139 1.7830869 1.3837488 1.3222868 1.8806865 1.3491153 1.6309031 1.7393797 1.3747271 1.5589420 1.6435030 1.6443151 1.2377321 1.5565638 1.6394698 1.5918134 1.6922344 1.1901668 1.6881972 1.7173638 1.6353979 1.7051139 1.5683683 1.8768343 2.2408444 1.5580447 1.6815470 1.6648361 2.0773770 1.6982090 1.6982090 1.5409271 2.4759834 1.5935648 2.2833207 2.5495719 2.3215182 2.0806594 2.4456716 2.0234478 1.7170361 1.7275450 1.8901682 1.7265441 2.0729786 1.5528013 1.6010188 1.7981157 1.7627177 2.0288160 2.0088973 2.0484432 1.7676521 1.7722810 1.7722810 1.7897872 1.8158848 2.2674390 1.5899620 1.5899620 1.5899620 1.8130011 1.9478861 1.8144367 2.5712887 1.5155074 2.1469833 1.5132683 1.3478866 2.0622914 2.0267135 3.5267616 1.8422031 2.2436631 2.2566489 2.3189182 2.4893493 2.3776408 2.0106675 1.9296756 1.8988706 2.1957721 2.4077575 2.3774390 2.2919562 2.3286051 2.3799468 2.2885827 2.3723776 3.8991623 2.4859226 
ChoanoflagellataEP00045Choanoecaperplexa_11087908__PDE6_DROVI_cGMP-specific_3_                  2.5021541 2.3868470 1.3466528 1.4825649 1.3773016 0.0000000 1.2531759 1.1653257 2.2696321 2.5081246 2.5087742 2.4810264 2.7661256 2.1525004 2.2630791 2.2251223 2.3776528 2.4681624 2.5245096 1.8730835 1.6604271 1.5861683 1.8327759 1.6094500 1.7059901 1.6292835 1.8957502 1.4715667 0.8723759 1.7550138 1.7221687 1.1176213 1.5345313 1.7312409 1.2203269 1.2388273 1.3582532 1.8121647 1.7966158 1.5545344 1.5423371 1.2957138 1.5459158 1.2982795 1.2982795 0.9447596 1.6375738 2.1168470 0.7414845 1.8216221 1.7058909 1.0812691 1.4596030 1.0836246 1.7949934 1.1182007 1.4503072 1.2464061 0.8587709 1.0710241 1.7011566 1.5271491 1.4344180 1.8205403 1.3892356 1.4515854 1.5136541 1.7118668 1.5895894 2.1261649 1.5627844 1.0014322 1.7939568 1.8283561 0.8811416 1.9236336 1.3307501 1.9328824 1.4881542 1.3267364 1.6953791 1.8262952 1.1089941 0.8661832 1.8170452 0.9381337 1.0858243 1.5178509 1.1726276 1.5488688 1.8128061 1.7557209 0.8892998 1.4914038 1.6788216 1.5597273 1.7385352 0.7132237 1.8169144 1.7856346 1.5495675 1.8164271 1.5485152 2.0296884 2.6053953 1.1583609 1.6842069 1.5670585 1.4846820 1.5609953 1.5609953 1.2397503 2.3256959 1.2692432 2.2818665 2.5601259 2.3556581 2.1371550 2.5352654 1.8547619 1.3058705 1.3040055 1.9289698 1.6106882 2.0001572 1.3110424 1.6775033 1.9225838 1.7746724 2.0057547 2.0105825 2.0038583 1.3520103 1.8038219 1.8038219 1.8653602 1.5173788 1.9291257 1.6962114 1.6926350 1.6894586 1.8142767 1.7129823 1.7123305 2.4215900 1.1558153 2.0913825 1.2394054 0.8538255 1.8688366 1.9080365 3.7269617 1.8434751 2.5029923 2.6025165 2.5940871 2.5343373 2.4735262 2.1800986 2.1351061 2.1239417 2.3255071 2.4973207 2.4144855 2.5556803 2.4581234 2.5443355 2.5236006 2.3959533 4.2426254 3.1187790 
ChoanoflagellataEP00047Mylnosigafluctuans_11120252__PDE11_DROME_Dual_3_                         2.7798612 2.1975481 1.3644024 1.4221796 1.4494241 1.2531759 0.0000000 1.2465401 2.3359029 2.3744905 2.3748985 2.3653871 2.7626738 2.3247224 2.3652008 2.1044043 2.2408517 2.5494281 2.5010308 2.1081971 1.6783013 1.5397425 2.0671856 1.5759114 1.6496518 1.6089615 1.8137094 1.3910494 1.1550781 2.0358511 1.7704625 1.1634762 1.6143438 1.7918137 1.2900678 1.3088718 1.3985072 1.8603000 1.8682147 1.6024996 1.5958254 1.4684645 1.5958254 1.3279457 1.3279457 1.0455536 1.5838027 2.4454875 0.7193832 2.3184788 1.8582522 1.1505278 1.7376370 1.1490631 1.8275052 1.1533872 1.6354149 1.3361020 1.0030682 1.4038800 1.8206438 1.4380416 1.8152133 1.8587320 1.6727482 1.6249466 1.6184874 1.7219902 1.5968438 2.1362402 1.4886731 1.2422945 1.9343255 1.8650914 1.0478985 2.1819098 1.3758843 1.8704970 1.8022639 1.4881006 1.8631938 1.7059166 1.3221527 0.9801736 1.9344081 1.0170122 1.3132011 1.6534796 1.3286046 1.4623490 1.8671782 1.7492277 1.1350173 1.4597460 1.8283800 1.5713310 1.9497925 0.9237648 1.8686744 1.9613768 1.6345526 1.8501314 1.4591464 2.0575332 2.5941236 1.3700961 1.7315392 1.5562273 1.5243112 1.5647997 1.5647997 1.1925334 2.5691237 1.4168024 2.3993205 2.6552644 2.4096120 2.4120164 2.5484255 2.1388872 1.4270428 1.4238391 1.9078457 1.7349335 1.9698212 1.3295136 1.7182170 1.7602997 1.8660790 2.1135197 2.0997179 2.1106962 1.6935668 1.8874441 1.8682939 1.7709691 1.4591859 2.0521587 1.7338118 1.7353999 1.7353999 1.7692098 2.0680267 1.7849148 2.4883822 1.2944532 2.0694050 1.2405687 1.0579884 1.8664208 1.8741243 3.3416166 1.8686106 2.3539404 2.4021780 2.6427625 2.6484698 2.5488056 2.2440504 2.2096552 2.1866449 2.3523555 2.5597909 2.6008720 2.5835903 2.6112714 2.6268999 2.5366634 2.7959258 3.8743294 3.0324674 
ChoanoflagellateaMonosigabrevicollisUP000001357_11427880__PDE11_HUMAN_Dual_3_                   2.6320894 2.1152740 1.4046887 1.3771137 0.2993765 1.1653257 1.2465401 0.0000000 2.0839396 2.3119909 2.3096637 2.2287346 2.1966948 2.0812215 2.0812215 2.1009113 2.2163023 2.6305233 2.5253827 2.2151067 1.6209682 1.4397769 1.8747408 1.5624148 1.4372383 1.4571307 1.7213405 1.5368537 1.2513381 1.8441540 1.4688624 1.3913997 1.4060421 1.8409115 1.4107891 1.4306720 1.5997374 1.4968040 1.4968040 1.5396817 1.4907715 1.4842199 1.4907715 1.4318317 1.4318317 1.1770636 1.2029796 1.9223597 1.0285449 1.5992616 1.6809524 1.4898925 1.4903106 1.3594360 1.5107121 1.5635842 1.8258906 1.4231866 1.1580981 1.4537026 1.8427367 1.3972026 1.5603036 1.4481382 1.4105439 1.5729508 1.6807983 1.5427726 1.4092815 1.7573551 1.3948737 1.4120965 1.5074780 1.4447113 0.9377523 1.9961169 1.3577393 1.5810161 1.7491842 1.4121115 1.4997401 1.6346782 1.2887127 1.2356407 1.8083322 1.3156413 1.3510701 1.4475157 1.3129371 1.3866560 1.4372884 1.5155555 1.1642198 1.3433738 1.5165371 1.7001890 1.4935736 1.1081808 1.4773895 1.5302722 1.3712883 1.4710286 1.4112152 1.5463093 2.2078877 1.3699883 1.5535855 1.5391903 1.9155021 1.5416953 1.5416953 1.3595299 2.0988164 1.3896800 2.0916404 2.3477931 2.0861364 2.0353187 2.2111072 1.8779580 1.5549075 1.5663316 1.8086170 1.4828897 1.9333226 1.4163957 1.4198323 1.6724548 1.5766738 1.7315853 1.7427026 1.7315853 2.0492186 1.5800524 1.5800524 1.7092016 1.6985970 1.9509238 1.4538870 1.4538870 1.4538870 1.4563518 1.6726117 1.5559404 2.4390507 1.4679679 2.2972563 1.4022559 1.2350460 1.7495446 1.7572871 3.0204322 1.6471601 2.0507062 2.0507062 2.0469944 2.0893797 2.1639299 1.6818961 1.6818961 1.6818961 1.9535758 2.0464340 2.0462996 2.0349529 2.0234741 2.0255236 2.0198129 2.2455382 3.7910781 2.5842196 
CollodictyonidaeEP00002Diphylleiarotans_11632571__PDE6_DROMO_cGMP-specific_3_                   2.3243090 2.0466472 2.3907368 2.3799038 2.1871115 2.2696321 2.3359029 2.0839396 0.0000000 2.1227745 2.1230859 2.1532605 2.4590848 0.3959479 0.4386742 1.6844740 1.8901742 2.6002198 2.6905889 2.4400749 2.2832005 2.1404781 2.5743177 2.1705476 2.2357974 2.3984826 2.3469406 2.1650172 1.6717801 2.8768502 2.3491083 2.0685408 2.1952581 2.4447136 2.0211936 2.0471958 1.8081069 2.5393162 2.5336191 2.2955416 2.2659776 2.0478536 2.2659776 2.1491983 2.1491983 1.7215855 2.2844852 2.9359412 1.3092492 2.4855861 2.6472224 2.2455967 2.0661185 2.1380665 2.4032407 1.7570499 2.7162577 2.4133340 1.6432452 2.2997271 2.4766652 2.2014311 2.8913129 2.3926355 2.2522163 2.3805951 2.3959380 2.6932619 2.1218337 2.8963782 2.1565024 2.1788270 2.4466773 2.4403766 1.4726833 2.5868717 1.8892067 2.5119188 2.4535997 2.4866318 2.6764316 2.1967913 1.6314183 1.9357104 2.8888459 1.9215599 2.2922870 2.2272568 1.9903575 2.1312507 2.4335825 2.1803839 1.9697450 2.1161703 2.0725252 2.4567885 2.4744591 1.6772726 2.4075300 2.4926002 2.1563403 2.4149860 2.1677547 2.6514802 2.1224071 2.3289503 2.3938889 2.4483168 3.3101754 2.4420625 2.4420625 2.1985175 3.3889033 2.0406649 2.9383448 2.9739174 3.0265084 2.7199808 3.0650337 2.7783884 2.4719959 2.4867617 2.4908142 2.3046951 2.6583240 1.9627336 2.3788658 2.4889447 2.3517022 2.5992341 2.5958519 2.5934058 2.9682091 2.3642604 2.3642604 2.3703093 2.4016783 3.6268600 2.3626850 2.3619523 2.3643050 2.4862292 1.8290491 2.4738441 3.2650123 2.2881224 2.6366849 2.7065859 2.0976955 2.4177209 2.4683789 4.1701868 2.5930091 2.8540414 3.1084747 2.9980869 3.0915092 3.0938885 2.7850311 2.7451090 2.7451090 3.1244560 3.1907754 2.9981368 3.1945828 3.0250646 3.1586248 3.1162147 2.9649111 3.7934645 2.8552358 
CollodictyonidaeEP00002Diphylleiarotans_11652543__PDE2_DICDI_3_                                 2.6646463 2.0639632 2.4670010 2.5556553 2.3053089 2.5081246 2.3744905 2.3119909 2.1227745 0.0000000 0.0013780 0.7084240 2.0613504 1.9942102 2.0669277 2.1447797 1.9811865 2.7202765 2.7797796 2.1552953 2.5110472 2.2811749 2.7300327 2.2344204 2.4358470 2.4550388 2.5209212 2.4744153 2.0288299 3.1435017 2.7570353 2.4038088 2.4456145 2.4920896 2.2047384 2.2470820 2.1413425 2.7502319 2.7526324 2.3947687 2.4388314 2.3148065 2.4388314 2.4133252 2.4133252 2.2658774 2.8604411 3.5990088 1.4949968 4.0627122 2.8147266 2.5551701 2.1840914 2.8384067 2.7018448 2.0582594 2.9834138 2.8324932 1.8662448 2.4753174 2.5970750 2.3029941 3.0606031 2.6870297 2.6476834 2.4929941 2.9000378 2.7073099 2.3351505 3.0963004 2.3246900 2.7657227 2.5784801 2.7086121 2.0752554 3.4058494 2.0897643 2.8860131 2.6341854 3.0968998 3.0565769 2.5279161 1.9523183 2.2486337 2.7590555 2.4122224 2.9458996 2.5406562 2.2249307 2.3483079 2.7382429 2.4803117 2.0962676 2.2041284 2.2827716 2.4265274 2.5547263 1.9444746 2.7295000 2.6284510 2.4162781 2.7224038 2.3449059 2.7438877 2.5289435 2.5709584 2.7484328 2.4874445 3.4946751 2.4817308 2.4817308 2.7045510 3.5179443 2.2736178 2.8049132 3.1701248 2.8555085 2.7440980 3.1836238 2.7672990 2.3353693 2.3301371 2.5940901 2.4132981 3.1169461 2.2723822 2.4188398 2.6231882 2.4410267 2.7371311 2.7740252 2.7408500 3.6499596 2.4026567 2.4026567 2.5878662 2.6784453 2.9944164 2.3966658 2.3912771 2.3786395 2.8420071 2.2416563 2.4120349 3.3142102 2.7255503 2.7059394 3.0303672 2.3556405 2.7913723 2.8570694 4.1250709 2.7686302 3.0977680 3.2999723 3.1555704 3.4512989 3.2133447 2.7421223 2.7310827 2.7310827 3.3530360 3.2470495 3.3725268 3.3095679 3.3947841 3.3599766 3.3234733 2.9989816 3.6797260 2.5081242 
CollodictyonidaeEP00002Diphylleiarotans_11652546__PDE2_DICDI_3_                                 2.6729610 2.0699914 2.4743333 2.5563463 2.3035758 2.5087742 2.3748985 2.3096637 2.1230859 0.0013780 0.0000000 0.7112795 2.0613504 1.9956879 2.0683786 2.1434751 1.9817070 2.7245617 2.7839301 2.1552953 2.5094989 2.2797696 2.7305950 2.2346205 2.4344167 2.4555665 2.5214601 2.4752897 2.0288299 3.1346602 2.7571901 2.4041435 2.4457960 2.4981069 2.2152358 2.2576742 2.1413425 2.7543530 2.7567796 2.3949513 2.4374540 2.3131725 2.4374540 2.4232032 2.4232032 2.2680559 2.8545381 3.5867145 1.4949968 4.0518641 2.8116972 2.5524741 2.1840914 2.8390771 2.7003708 2.0582594 2.9759958 2.8264105 1.8662448 2.4721015 2.5936783 2.3016237 3.0630227 2.6855689 2.6481129 2.4912295 2.9002288 2.7073099 2.3338075 3.0964179 2.3233096 2.7667471 2.5769968 2.7071461 2.0752554 3.4074271 2.0882099 2.8861530 2.6397066 3.0884969 3.0576329 2.5279161 1.9523183 2.2486337 2.7672714 2.4137777 2.9479052 2.5358587 2.2205570 2.3469262 2.7367654 2.4808855 2.0927472 2.2028033 2.2870980 2.4338093 2.5532514 1.9444746 2.7280282 2.6269459 2.4168290 2.7209298 2.3435209 2.7440483 2.5289435 2.5716841 2.7559344 2.4860480 3.5290821 2.4803384 2.4803384 2.7019497 3.5149060 2.2719904 2.8033589 3.1706393 2.8536692 2.7574573 3.1819212 2.7754504 2.3447524 2.3395058 2.5942532 2.4118214 3.1223640 2.2707063 2.4174307 2.6237202 2.4447344 2.7374673 2.7743628 2.7411878 3.6407040 2.4063269 2.4063269 2.5864216 2.6762392 3.0090566 2.3952496 2.3898615 2.3772286 2.8425482 2.2227747 2.4105461 3.3271739 2.7113271 2.7158942 3.0328729 2.3556405 2.7919044 2.8575961 4.1278941 2.7690957 3.0982735 3.3004712 3.1539086 3.4495498 3.2116709 2.7464672 2.7355163 2.7355163 3.3510184 3.2453666 3.3708015 3.3078501 3.3930558 3.3582606 3.3217563 2.9995235 3.6853714 2.5098731 
CollodictyonidaeEP00002Diphylleiarotans_11655955__PDE2_DICDI_3_                                 2.5165456 2.0472130 2.5572686 2.6051150 2.2627013 2.4810264 2.3653871 2.2287346 2.1532605 0.7084240 0.7112795 0.0000000 1.8990544 1.9909152 2.0553015 1.8250295 2.0233767 2.5768081 2.6648218 2.2791111 2.4635116 2.2412140 2.7114982 2.2355347 2.3200162 2.3260103 2.6059823 2.6275496 1.9965492 3.6128760 2.6133807 2.4523636 2.3113350 2.2631196 2.1848304 2.2273243 1.8661870 2.6628888 2.6670057 2.4725617 2.3810475 2.2877730 2.3810475 2.3561416 2.3561416 2.1010954 3.2232713 4.0113421 1.5720938 5.0007132 2.8609287 2.5022475 2.2544484 2.7267029 2.6170807 2.1671480 3.1547475 3.0134480 1.7460412 2.4941048 2.6040534 2.1878326 3.2670019 2.5695261 2.6449367 2.5305440 2.8371114 2.6016348 2.2487787 2.9990508 2.1959598 2.7557607 2.5437078 2.6092838 1.6584595 3.2389657 2.0544076 2.7512278 2.6769273 2.9853755 2.8164697 2.3681955 1.8813884 2.2745030 2.7450887 2.5353373 2.9548284 2.6042448 2.2431423 2.1952634 2.6002862 2.4880466 2.0756108 2.1258348 2.2747359 2.3751113 2.4631097 1.8570025 2.6570026 2.6000630 2.3513162 2.5976175 2.1707970 2.6810087 2.3489521 2.6858146 2.5383689 2.3560647 3.6978749 2.3540651 2.3540651 2.6832896 3.4400573 2.3173465 2.7057273 3.0441134 2.8853170 2.6464663 3.0711777 2.7864838 2.3037071 2.3003101 2.6884870 2.4398550 2.8673142 2.2130548 2.4741184 2.4981448 2.3889452 2.6957563 2.7259982 2.7133058 4.1282979 2.3862335 2.3862335 2.4958121 2.7632459 3.0442561 2.4454268 2.4433552 2.4397825 2.8266388 2.6240299 2.4898250 3.2398865 2.6342138 2.8150613 2.8152424 2.1886739 2.7721973 2.8129197 3.6834065 2.7255988 3.0165738 3.1322566 3.2509176 3.3158891 3.2586095 2.7074309 2.7005052 2.7005052 3.1684595 3.2128656 3.2467179 3.2913908 3.2784904 3.2993081 3.2410809 2.8260308 3.7942811 2.6563924 
CollodictyonidaeEP00002Diphylleiarotans_11662441__PDE11_DROME_Dual_3_                           2.9996078 2.5914751 2.6853086 2.7437032 2.3346790 2.7661256 2.7626738 2.1966948 2.4590848 2.0613504 2.0613504 1.8990544 0.0000000 2.2858046 2.3340360 2.4447176 2.5267836 3.0993146 3.2992423 2.3250657 2.6508469 2.4076664 3.0353382 2.4366084 2.7164287 2.6098819 3.0197177 2.3892882 2.0505681 4.4942413 2.7325320 2.4720132 2.7186860 2.5426792 2.2949281 2.2632010 2.2195954 2.7078724 2.7002434 2.6340400 2.8358171 2.5415390 2.8411765 2.1620323 2.1620323 2.1266478 2.6240373 4.4518206 1.6748173 5.7946105 2.8963896 2.5741455 2.2404348 2.7202684 2.6780427 2.0910726 4.5537426 3.7450165 1.9596025 2.5105165 2.5644676 2.4249148 3.3559104 2.5444316 2.1049891 2.7545894 2.6930225 1.8558339 2.3658648 3.1966317 2.4715394 2.6744271 2.8091382 2.6294244 1.5811712 2.5059010 2.1859578 2.7892938 2.5700659 4.2515625 3.2380883 2.7537278 1.7721390 1.8683261 3.5075304 2.2396465 2.8917234 2.3458793 2.1361805 2.4066365 2.5959207 2.5112222 2.0499760 2.3906321 2.3287111 3.0479579 2.7327292 1.7519359 2.6374071 2.8643763 2.6573971 2.6034616 2.3669159 2.9850448 2.8620388 2.6549830 2.5351427 2.6662615 3.6760596 2.6662615 2.6662615 2.7610877 3.9692992 2.4820642 3.5857795 3.3718647 3.5657877 3.1345830 3.5545181 2.8342952 1.9704464 1.9642215 2.9133592 2.8011637 3.1271480 2.3006797 2.6569271 2.8735411 2.6915192 3.0402208 3.0474278 3.0488127 4.4351205 2.6611130 2.6611130 2.8548525 2.6846448 3.7763010 2.6770649 2.6760885 2.6746099 3.0503827 2.3852546 3.0045431 3.3180468 2.6113343 2.8178021 3.6078651 2.3718646 2.7655125 2.7655125 3.8433178 2.7680326 3.2614390 3.4836387 3.4289778 3.5740135 3.4843184 2.8278116 2.8278116 2.8278116 3.5869542 3.6944950 3.5513633 3.4950421 3.5418245 3.7000699 3.4109220 3.1221199 3.5771744 2.4147318 
CollodictyonidaeEP00002Diphylleiarotans_11662985__PDE11_TAKRU_Dual_3_                           2.3293168 2.0904481 2.2491326 2.3026070 2.1090943 2.1525004 2.3247224 2.0812215 0.3959479 1.9942102 1.9956879 1.9909152 2.2858046 0.0000000 0.0028575 1.6367428 1.9595874 2.6172951 2.5879217 2.3792349 2.3183411 2.2094496 2.6815272 2.2902147 2.3184160 2.3494468 2.4644021 2.4014176 1.6764168 3.1105530 2.2715251 2.2101172 2.2950876 2.3109414 2.0088821 2.0478056 1.7131182 2.4177416 2.4177416 2.3648539 2.3459708 2.2374276 2.3459708 2.2343452 2.2343452 2.0555280 2.2132139 3.3831315 1.3962744 2.7498547 2.7403602 2.4069587 2.2344722 2.5908006 2.3528195 1.7920248 3.1977177 2.8280481 1.7694838 2.5207744 2.6076951 2.1624706 3.1482381 2.3417368 2.4251430 2.3613194 2.4389664 2.6646729 2.1057991 2.9104444 2.1695910 2.3665336 2.3970717 2.3841715 1.3391336 2.5375908 1.9384536 2.5037856 2.2575032 2.5190409 2.7339101 2.1413809 1.6400089 1.8941528 2.8650971 2.0540816 2.6988495 2.3643171 2.1179033 2.1363669 2.3835195 2.3027720 2.1782499 2.1088296 2.1928081 2.4299054 2.3719423 1.7425405 2.4134251 2.3810845 2.1721481 2.3341120 2.1867133 2.4705701 2.1165818 2.4722518 2.2707065 2.3964724 3.8617645 2.4103218 2.4103218 2.2770123 3.2915364 2.1922375 2.8611441 2.9853720 2.9879574 2.7186637 3.1587442 2.8310950 2.3251003 2.3392742 2.5658902 2.4389061 2.5367208 2.1566879 2.3768811 2.3877533 2.2435788 2.5981882 2.6037288 2.5981882 3.2134719 2.2692045 2.2692045 2.3786257 2.4645090 3.4251879 2.3477075 2.3469419 2.3469419 2.5391991 1.8884316 2.4782218 3.2785084 2.3219784 2.6968796 2.5926788 2.0775353 2.6991409 2.6949104 4.0331179 2.5417664 2.9132834 2.9684743 3.0066061 3.2101083 3.2402327 2.6209992 2.5908827 2.5908827 3.0997590 3.2534571 3.0776372 3.1043824 3.1478375 3.2134632 3.0036894 2.9750969 3.7456948 2.6903242 
CollodictyonidaeEP00002Diphylleiarotans_11662987__PDE11_TAKRU_Dual_3_                           2.3486193 2.1020474 2.3647924 2.3210873 2.1039094 2.2630791 2.3652008 2.0812215 0.4386742 2.0669277 2.0683786 2.0553015 2.3340360 0.0028575 0.0000000 1.7087174 2.0101498 2.6706259 2.7201475 2.3792349 2.3183411 2.2094496 2.6815272 2.2981065 2.3703166 2.4660564 2.5277238 2.4014176 1.6764168 3.1105530 2.3792612 2.2101172 2.4014217 2.3109414 2.0088821 2.0478056 1.7131182 2.5353314 2.5296634 2.4533585 2.5048357 2.2582311 2.5048357 2.2343452 2.2343452 2.0555280 2.3394269 3.3831315 1.3962744 2.7498547 2.7403602 2.4069587 2.2344722 2.5908006 2.4762925 1.7920248 3.1977177 2.8280481 1.7694838 2.5207744 2.6076951 2.2534466 3.1482381 2.4560555 2.4251430 2.3613194 2.4389664 2.6646729 2.1943698 2.9960363 2.2617775 2.3665336 2.4829668 2.5082435 1.3391336 2.5375908 1.9384536 2.6621185 2.2577340 2.5190409 2.7306506 2.2354249 1.6400089 1.8941528 2.8650971 2.0540816 2.6988495 2.3643171 2.1179033 2.2348064 2.5117571 2.3027720 2.1782499 2.1975960 2.2057938 2.4299054 2.4496699 1.7425405 2.5170622 2.4778665 2.2908048 2.4646355 2.2847639 2.5294260 2.1108324 2.4722518 2.3686514 2.5282194 3.8617645 2.5413326 2.5413326 2.2770123 3.2915364 2.1922375 2.9533112 3.0164776 3.0917213 2.6772310 3.2428155 2.8310950 2.3251003 2.3392742 2.6208912 2.4389061 2.5763967 2.1566879 2.4458896 2.4874194 2.3598338 2.6776926 2.6832077 2.6778891 3.2134719 2.3924665 2.3924665 2.4782935 2.4645090 3.4251879 2.4376271 2.4368654 2.4389707 2.6424778 1.8884316 2.5115167 3.2785084 2.3219784 2.6968796 2.5926788 2.0775353 2.7046898 2.7006791 4.0372707 2.5836438 2.9053861 3.0976202 3.1070326 3.3329126 3.3354753 2.6491898 2.6202140 2.6202140 3.2180342 3.3652096 3.1719644 3.2299773 3.2326599 3.3305043 3.1421681 3.0177515 3.7587869 2.8119536 
CollodictyonidaeEP00002Diphylleiarotans_11664053__PDE11_DROME_Dual_3_                           2.2053272 1.9638518 2.1724014 2.4025786 2.1888184 2.2251223 2.1044043 2.1009113 1.6844740 2.1447797 2.1434751 1.8250295 2.4447176 1.6367428 1.7087174 0.0000000 1.8785105 2.2257734 2.4225232 2.4473262 1.8736757 1.8776185 2.1102557 2.0280501 1.9782311 2.0820515 2.1573318 1.9369525 1.6290776 2.0998883 2.1600455 1.9328265 1.8624351 2.0453394 1.8300616 1.8114560 1.8865487 2.4260032 2.4346169 1.9846490 2.1340027 1.9652658 2.1340027 2.1142769 2.1142769 1.5319209 1.8315870 2.3176728 1.5029007 2.0513377 2.4371838 2.0856474 2.1683073 1.8720595 2.1676965 2.1124433 2.1340261 1.9565316 1.6655835 2.0441665 2.2340217 1.9262208 2.1836708 2.1726409 1.8358410 1.9364441 2.2076294 2.5001207 2.0427142 2.6141032 1.9607695 1.9894317 2.2926816 2.1766566 1.1397278 2.2654512 1.8444724 2.1244840 2.0971967 1.6319677 2.6472132 2.1761052 1.6825679 1.6959304 2.5107916 1.7435247 1.8922895 1.9958974 1.7710415 1.9359965 2.1872968 1.9703947 1.6019729 1.9134942 2.0702590 2.1407104 2.3102094 1.3859898 2.2069811 2.3663455 2.0390380 2.1737048 1.9694288 2.4155724 2.1078835 2.0732942 2.1367071 2.0637003 2.0425212 2.0614265 2.0614265 2.0067243 2.6928210 1.8373418 2.7023195 2.8649201 2.7741729 2.4242983 2.7391355 2.3243633 1.8539925 1.8657001 2.0994154 2.0329238 2.4413739 1.8322862 2.1811923 2.1711261 2.1808346 2.4345786 2.4526724 2.4327281 2.0811061 2.2063264 2.2063264 2.2200239 2.4944770 2.4113755 2.1585818 2.1579317 2.1659462 2.1661788 1.8599713 2.1246149 2.7649175 1.9357245 2.5839250 2.1287419 1.6697789 2.1516942 2.1628846 3.3986671 2.4593702 2.5487451 2.7362980 2.8156648 2.8790920 2.7175102 2.3704228 2.3644347 2.3644347 2.8784417 2.8844036 2.8392497 2.9021457 2.8528373 2.9182022 2.9097363 2.7024474 3.6578952 2.7210719 
EuglenozoaEP00668Euglenalonga_12394416__PDE11_MOUSE_Dual_3_                                     1.7541498 1.5416429 2.6062144 2.5234927 2.2703942 2.3776528 2.2408517 2.2163023 1.8901742 1.9811865 1.9817070 2.0233767 2.5267836 1.9595874 2.0101498 1.8785105 0.0000000 2.6707188 2.5786451 3.1967498 2.4702075 2.1272668 2.6389501 2.3116742 2.3165536 2.4591969 2.3338398 2.4280112 2.2025195 2.7101774 2.5285202 2.5721008 2.1781612 2.3074909 2.4177315 2.3921546 2.4906025 2.5861666 2.5816485 2.1976135 2.2895814 2.3006323 2.2815945 2.2292370 2.2292370 2.2640947 2.9241013 3.1342555 1.6772148 3.2353256 2.8013767 2.4244245 2.3201781 2.5094215 2.4430600 2.2926219 2.7335761 2.8403453 2.4258012 2.4764387 2.7891201 2.1088170 2.7203787 2.4203641 2.8143151 2.3564443 2.7953332 2.9526156 2.2195247 3.1112840 2.0953193 2.6423712 2.5312646 2.3939122 1.8914603 3.0166989 1.9945476 2.5572906 2.5188499 2.8845696 2.9091916 2.1095212 2.0894371 2.3942198 2.9524175 2.4754970 2.6625798 2.6761288 2.1611618 2.0599055 2.3782420 2.2761554 2.0302376 2.0770781 2.3777222 2.5829736 2.5363282 2.4121469 2.3833286 2.5853331 2.2144196 2.3674872 2.0903017 2.4709396 2.5839470 2.4766986 2.4339796 2.4040467 2.5653106 2.4230223 2.4230223 2.5037249 3.4859273 2.1560428 2.7708852 3.0283485 2.8978598 2.8453901 3.0458265 2.7824034 2.2815476 2.2933804 2.3287833 2.2043059 2.7738108 2.1807437 2.3216151 2.4598739 2.4042282 2.6691788 2.6900378 2.6805063 3.0355140 2.3925518 2.3925518 2.4146594 2.5911965 2.8234605 2.3431370 2.3451436 2.3461262 2.5446708 2.5167839 2.3706967 3.8442703 2.4622416 2.7567968 2.4331588 2.0199673 2.3441904 2.3667647 4.1861917 2.3917474 2.9139982 3.0226228 2.8313010 2.8012637 2.7569473 2.6817757 2.6554442 2.6554442 2.6402589 2.8072244 2.6919440 2.7935709 2.6801492 2.9271095 2.7702657 3.1134967 3.7859738 2.8315342 
IchthyosporeaEP00123Amoebidiumparasiticum_14555806__PDE11_MOUSE_Dual_3_                         3.0401759 2.7429374 2.6447827 2.7423664 2.7418710 2.4681624 2.5494281 2.6305233 2.6002198 2.7202765 2.7245617 2.5768081 3.0993146 2.6172951 2.6706259 2.2257734 2.6707188 0.0000000 0.7709007 2.1091272 2.1851279 2.2671791 2.5800182 2.2340674 2.3790348 2.3518458 2.5697832 1.9016823 1.9842541 2.0867418 2.2181715 1.9317514 2.3116522 2.1972118 1.5154119 1.4830265 1.7196419 2.5749084 2.5749084 2.2974706 2.3542151 2.2859460 2.3632833 2.0343045 2.0343045 1.8760995 1.5187625 1.1941109 1.8608982 1.7847856 1.7321126 2.0442706 2.7463746 2.0505505 2.2584229 2.1149076 2.0036308 2.4365262 2.5060534 1.9707639 1.6769299 2.1601006 1.9890367 2.2052421 2.0319619 2.2878591 2.2900077 2.0588705 2.2140046 2.7182180 2.2278602 1.9850588 2.4274377 2.2170057 1.9213780 2.2809967 2.0558626 2.1619297 2.1182230 1.6584445 2.3513267 2.3963274 1.5466390 1.7917663 2.1844238 2.0040572 1.9249618 1.6213153 1.4720007 2.1855041 2.2056495 2.0889409 1.6495304 2.1951806 2.2164233 2.1632835 2.4194238 1.8619196 2.2021136 2.4648258 2.2289076 2.2334578 2.1505840 2.4950828 2.5590141 2.3370607 2.2932275 2.1686754 1.6323971 2.1664267 2.1664267 2.1119591 2.9156121 2.1587256 2.8981099 3.0214739 3.0714954 2.7377718 2.9313407 2.3657456 1.4798087 1.4901651 2.3356797 2.4132091 2.8241905 2.2554663 2.2602718 2.4851264 2.3422101 2.6629778 2.6707551 2.6629778 2.2318377 2.3747743 2.3747743 2.5785226 2.8150358 1.6815531 2.2131952 2.2125011 2.2125011 2.3666341 1.9935582 2.3082460 3.1440009 2.1474668 2.8963869 2.0840258 2.0373380 2.4516882 2.4825376 3.8277051 2.6421029 2.7505014 2.8375618 2.8554103 2.6928102 2.6567546 2.7424698 2.7424698 2.7424698 2.4717170 2.7596865 2.6945623 2.8377571 2.6850062 2.7853977 2.8727738 2.8831721 3.8915292 3.2499940 
IchthyosporeaEP00123Amoebidiumparasiticum_14559039__PDE11_MOUSE_Dual_3_                         2.9197558 2.7380691 2.9021469 3.0133443 2.5726178 2.5245096 2.5010308 2.5253827 2.6905889 2.7797796 2.7839301 2.6648218 3.2992423 2.5879217 2.7201475 2.4225232 2.5786451 0.7709007 0.0000000 2.4795025 2.1739141 2.3007888 2.6296718 2.3523559 2.4624228 2.5748149 2.6707843 2.1163752 1.9963240 2.2999175 2.3212191 1.9546802 2.3816639 2.3058216 1.6423398 1.6069539 1.7973178 2.8628145 2.8295633 2.5076633 2.4263844 2.2097191 2.4321769 2.1466828 2.1466828 1.7182924 2.1490535 1.4962922 1.8314930 2.2815261 1.9178215 2.0288424 2.6986984 1.9653874 2.2830432 2.1454132 1.9542543 2.2636483 2.3155393 2.2126927 1.9273868 2.2300781 1.9879388 2.4365156 2.3480450 2.3093209 2.3463273 2.0897757 2.3264371 2.9224131 2.3309212 1.9582232 2.6009378 2.4584515 1.7414285 2.3243932 1.8928786 2.3507554 2.1637201 1.8609878 2.3070198 2.5148527 1.8000870 1.6893436 2.3877102 1.8806296 1.9549128 1.6581710 1.4978136 2.3644565 2.4317385 2.1207178 1.6104354 2.3356526 2.3677022 2.2754738 2.5328115 1.7958633 2.5019900 2.5943804 2.4283486 2.4925331 2.3197431 2.5713570 2.5257979 2.3123685 2.5439521 2.3652153 1.5404639 2.3714126 2.3714126 2.2697579 2.5791211 2.1157000 2.9976868 3.3116791 3.1412892 2.6625003 3.0801131 2.3356885 1.4784740 1.4691297 2.6148279 2.3308029 2.8688714 2.2737732 2.4490742 2.7593667 2.4546669 2.8615253 2.8695614 2.8662636 2.3620051 2.5024469 2.5024469 2.6593660 2.7118620 1.7432429 2.4389271 2.4381960 2.4282206 2.4996622 2.1113321 2.4230872 2.9829585 2.1544670 2.6607002 2.0470732 2.2223479 2.5723313 2.6092809 3.9660941 2.7550774 2.7322214 2.9487636 3.0022694 2.8572027 2.6961558 2.9376438 2.8848308 2.8697470 2.6350608 2.7814646 2.8742470 3.0141368 2.8086658 2.8671197 3.0042926 3.1908819 4.1977061 3.3075902 
IchthyosporeaEP00126Sphaerothecumdestruens_14611232__PDE2A_RAT_cGMP-dependent_3_                2.7349478 2.9551889 1.9303629 2.0598363 2.1806951 1.8730835 2.1081971 2.2151067 2.4400749 2.1552953 2.1552953 2.2791111 2.3250657 2.3792349 2.3792349 2.4473262 3.1967498 2.1091272 2.4795025 0.0000000 1.8287992 2.0490295 2.0509953 1.9853053 1.9698472 1.9922140 1.9418465 1.9282542 2.1499983 3.3261442 2.0817930 1.8380081 2.2100319 2.4907659 1.9947824 2.0295130 2.0124619 2.0976969 2.0976969 2.0654391 1.8384539 1.7878705 1.8384539 1.6956946 1.6956946 1.6105811 2.0583213 2.6912254 1.7764058 1.5423081 2.2309064 2.3079454 2.4239877 1.7768536 2.0267470 1.8174449 5.1515394 2.2871220 1.8546217 2.0908068 2.2010079 2.3453569 2.2535333 1.8027505 1.9630663 2.4203484 2.0997485 2.2484659 1.9412958 1.8640965 2.2917018 1.8362221 2.4390349 1.8865123 2.0092170 2.3946595 1.9296219 1.8385965 2.3186737 3.6372552 2.0864631 2.0971727 2.0511820 1.5788939 2.8649174 1.7958959 1.7114655 1.8850482 2.0596703 2.3232695 1.8805885 2.1326127 1.7606380 2.1198568 2.3906833 2.5165053 2.4027574 1.8205700 1.8208694 2.3934454 1.7654449 1.8654616 2.3610977 2.0973478 2.0007978 1.8926235 1.9033250 1.9339607 5.4472836 1.9339607 1.9339607 2.0444694 2.9110828 1.8427676 2.7527883 2.2207456 2.3115546 2.5391293 2.6380362 2.2885345 1.8783344 1.8783344 2.2958614 1.8721681 2.4513624 1.9121600 2.1667558 1.7908248 2.3664860 2.5261180 2.5261180 2.5261180 2.7972483 2.3396217 2.3396217 1.9300694 1.7599008 5.2878357 2.1396545 2.1396545 2.1396545 2.2812763 1.4798291 2.3955772 2.7034307 1.9261200 2.5748647 2.2146301 1.8958808 2.2093062 2.2093062 3.7424611 2.3068187 2.6436655 2.6436655 2.2870379 2.3208258 2.3419010 2.7533902 2.7533902 2.7533902 2.0266550 2.2733545 2.3099870 2.1878095 2.2867724 2.2996901 2.2236625 2.3333144 2.8841016 2.4758072 
MetazoaAnnelidaEP00103Capitellateleta_60323__PDE6_DROWI_cGMP-specific_3_                        2.6232044 2.1997613 1.6807016 1.6087917 1.8154854 1.6604271 1.6783013 1.6209682 2.2832005 2.5110472 2.5094989 2.4635116 2.6508469 2.3183411 2.3183411 1.8736757 2.4702075 2.1851279 2.1739141 1.8287992 0.0000000 0.9632983 1.0804933 1.0458233 0.7355064 1.0335432 0.9402089 1.2374502 0.8592276 1.4776699 1.1937043 0.7442047 0.6405273 2.1827438 1.2619100 1.2586362 1.3595599 1.9178716 1.9178716 0.8219689 1.0165437 1.0702794 1.0215241 1.1525432 1.1525432 0.5383341 0.9517915 1.4612294 0.6606942 1.1631292 1.5346272 0.8605307 1.0869035 0.5558564 1.0882194 0.9792388 1.2260322 0.9026330 0.7171076 0.7195338 1.5042527 0.9502875 0.8080015 1.0358169 1.0042569 0.9296645 1.0685166 1.5683997 1.0525380 1.4528503 0.9554642 0.5830850 1.8727443 1.0197904 0.6862775 1.9166464 1.0244573 1.0731431 1.8372199 1.1092685 1.3242151 0.8024802 1.0855560 0.6223866 1.7706176 0.5566022 0.5948247 1.1852331 1.0268089 0.9506373 1.0097627 1.0636088 0.6041150 0.9810145 1.8968917 1.7058568 1.8848990 0.4620097 1.0255618 1.9137584 0.7222451 1.0158163 0.9558214 1.2177529 2.2173331 0.8068161 1.2626042 0.7365514 1.5254801 0.7322397 0.7322397 0.9310619 2.5170039 0.7095256 1.4200314 1.7361144 1.5075521 1.5643735 1.5496048 1.3806711 1.2163519 1.2239164 0.8135709 0.6013444 2.2928462 1.0113622 1.0865624 1.1117856 1.9747460 2.1771888 2.1696447 2.1771888 1.0653599 1.9776855 1.9558990 1.0822467 1.2783350 1.8729739 1.0585387 1.0582538 1.0582538 1.1814847 1.7307319 1.0609371 2.5468072 0.8741920 2.2605992 0.9291070 0.8189900 1.0301599 1.0356406 3.3924214 1.9961151 1.8712792 1.8824046 1.8393014 1.8419056 1.8682966 2.1134704 2.0840882 2.0703745 1.6322478 1.8693025 1.8418729 1.8304174 1.8217209 1.8747869 1.7718233 2.3716389 4.0222499 3.0286001 
MetazoaAnnelidaEP00103Capitellateleta_63940__PDE11_DROME_Dual_3_                                2.5316382 2.2787244 1.6255729 1.6311707 1.5884603 1.5861683 1.5397425 1.4397769 2.1404781 2.2811749 2.2797696 2.2412140 2.4076664 2.2094496 2.2094496 1.8776185 2.1272668 2.2671791 2.3007888 2.0490295 0.9632983 0.0000000 1.4249933 0.7576125 1.0318739 0.7045262 1.1691646 1.2185820 0.9308539 1.6974371 1.2163312 0.5420378 0.8999255 1.9755800 1.3405440 1.3368601 1.4010710 1.8515201 1.8515201 1.0007870 0.7474819 0.7418971 0.7474819 1.0965391 1.0965391 0.7127772 1.1148178 1.7022078 0.5199089 1.4703868 1.6523646 0.7136301 1.0838585 0.7816510 1.2003741 0.7433349 1.0997527 0.7633427 0.6058181 0.9637741 1.6465955 0.7538635 0.9966347 1.1528592 1.2221992 1.1032550 1.2406147 1.6527004 0.8672698 1.6265983 0.7513633 0.7198601 1.8396861 1.1359837 0.7631062 1.9558553 0.8326356 1.2514904 1.7712060 0.8350813 1.5619150 1.0318844 1.1933386 0.7006684 1.6975667 0.6933309 0.9399235 1.4352327 1.2244283 0.7403995 1.1328841 1.1224830 0.6678840 0.7460551 1.6703026 1.5082597 1.7958810 0.5632097 1.1666703 1.8302371 0.9843616 1.1749694 0.7744859 1.3896778 1.9653394 0.9278792 1.2183982 1.0035411 1.3789482 1.0067024 1.0067024 0.6518128 2.7243334 0.8636038 1.5977150 2.0065107 1.7991769 1.7016116 1.8680339 1.6417504 1.2455120 1.2542615 1.0830009 0.9526141 2.0958645 0.4905276 0.9474016 1.3293172 1.8339869 2.0689672 2.0644802 2.0689672 1.0571185 1.8155771 1.8155771 1.2862355 1.3964472 1.9567016 0.9146719 0.9155500 0.9155500 1.3145341 1.6661258 1.1613984 2.5286217 0.9841826 2.2256689 1.0330054 0.7901685 1.2917107 1.3292280 3.5130058 2.0180565 1.9698512 2.0091380 1.7970806 1.7864689 1.7679429 2.1399234 2.0959219 2.0819770 1.5343625 1.8219316 1.7851226 1.6059069 1.7475694 1.8173647 1.5954350 2.7803952 3.7915039 2.7228660 
