91
ChoanoflagellataEP00037Helgoecanana_10794009__ARRH_LIMPO_Arrestin                                0.0000000 2.6800510 2.6247950 2.8011829 4.0892985 2.8954675 3.0352296 3.0219133 4.3619433 3.0010111 3.9570416 3.3162715 3.1412204 4.3616633 3.1068084 3.3494220 3.2195612 3.1993206 4.0612591 3.1822822 3.4270496 3.4273080 3.2663568 3.1614536 3.0469455 3.1525252 3.1083132 3.2511575 3.0057307 3.2501409 3.0796987 3.2467256 3.1947686 3.0290448 3.0488570 3.0389160 3.1979310 3.0850038 3.1433324 3.1036820 3.7297296 3.2951869 3.2123952 3.1369449 3.1465265 3.2109713 3.0184608 2.9467273 3.2042370 3.3308061 3.0446221 3.4649808 3.3881217 3.6374917 3.1923000 3.1533821 3.4930720 3.6041808 3.3675194 3.1911073 3.0745090 3.4053975 3.0922826 3.1714666 3.5038314 2.9442932 3.5691850 3.2095918 3.7584921 3.3130316 3.4536564 3.2317885 3.4248387 3.3345647 3.1169061 3.6922898 3.2683550 3.2462939 3.5525113 3.2383430 3.8995142 4.0371918 3.9059855 3.1485766 3.2409223 3.3340371 3.0801836 3.0797504 3.0721120 3.2593644 3.3677188 
ChoanoflagellataEP00045Choanoecaperplexa_11081989__ARRB1_MACFA_Beta-arrestin-1_OS_               2.6800510 0.0000000 1.9511054 2.1592550 3.2090122 2.0036939 1.9313248 1.9788455 4.1044984 2.5213620 4.1755186 2.4095659 1.9685556 4.3466712 1.9962812 2.6377682 2.2851321 2.1179658 3.2758575 2.0416214 2.7910023 2.8942247 2.0602405 2.0311328 1.8009781 2.1104441 2.1325502 2.0496193 1.8702440 2.2446605 2.1799410 2.2136955 1.9977604 2.3025262 2.1844695 2.0457161 2.2874905 1.9575785 2.1425431 2.1465336 2.9820785 2.2501389 2.1537013 2.1499432 2.1564923 2.1533915 1.9110380 2.0563072 2.0582121 2.3677472 1.9734386 2.3726469 2.3186701 2.3598287 2.1656034 2.1724425 2.0359374 1.8359239 2.2318261 2.2853772 2.2492891 2.2676608 2.2190101 2.3360753 2.4904833 2.7154660 2.6317238 2.4801149 2.6457715 2.3114325 2.3679281 2.5212869 2.5222406 2.2475213 2.0751889 2.4211540 2.4383908 2.1959425 2.4270908 2.2569391 3.1762494 2.9868620 3.2772966 2.3994373 2.1250306 2.3681981 2.0793526 2.3770555 2.1067278 2.1194270 2.3906321 
ChoanoflagellataEP00047Mylnosigafluctuans_11124128__ARRB1_MACFA_Beta-arrestin-1_OS_              2.6247950 1.9511054 0.0000000 1.6398616 2.8293009 2.0700342 2.1277114 2.1033358 3.9515423 2.7475404 3.8992916 2.7090045 2.2516907 3.4207825 2.2765719 2.4915535 2.6224291 2.2696089 3.5228654 2.3303860 2.5189801 3.0083429 2.1859124 2.0657850 1.5367197 2.0738078 2.1015760 2.0213219 1.7259768 1.9946314 2.1085270 1.9971244 1.6020926 2.1782461 2.0914160 1.8161695 1.9592789 1.7727342 1.9539495 1.9534488 2.8723746 2.2018474 2.0386726 2.0313143 2.0373999 2.0386726 2.1864299 2.1172420 2.1211017 2.3645031 2.0532583 2.2704349 2.3674836 2.2568963 2.0389401 2.0225468 1.6727204 1.5655503 1.9330767 2.1662652 2.2688006 2.0578053 2.2165950 2.4166262 3.0028521 2.7654909 2.3927754 2.3041872 2.5012541 2.3305409 2.5116685 2.3543094 2.3173820 2.1924757 2.1735889 2.4563940 2.2102508 2.0765682 2.3982817 2.1790656 2.9701014 2.9769982 3.3219452 2.5673364 2.2753100 2.5227616 2.0872058 2.5096996 2.1003626 2.2512650 2.5580211 
ChoanoflagellataEP00050Salpingoecakvevrii_11195930__ARRB1_MACFA_Beta-arrestin-1_OS_              2.8011829 2.1592550 1.6398616 0.0000000 2.9220898 1.9842116 2.1398720 2.0474931 3.5545095 2.8192137 3.1114915 2.2133284 2.0462210 3.3299832 2.0562582 2.4405381 2.6503956 2.0781135 3.4757402 2.1460702 2.6343129 2.4507343 1.9712039 1.9215780 1.5986473 2.0859120 2.0791105 1.8366730 1.8245527 2.0306855 2.2077697 2.0578755 1.7650738 2.2166156 2.1685793 1.9258742 2.0429973 1.8268437 2.0018175 2.0219661 2.8333432 2.2327269 2.0791640 1.9888480 1.9907091 2.0789116 2.0935149 2.0466238 1.9869509 2.3518679 1.9129738 2.2922037 2.0206381 2.4316951 2.0553300 2.0401675 1.9069305 1.7746860 2.0286559 2.1302884 2.1438566 1.9921589 2.0411047 2.1600109 2.5674984 2.4280249 2.3821583 2.1687529 2.5082178 2.2366405 2.2971637 2.3897842 2.4804095 2.0170302 2.0014310 2.4613728 2.3505416 2.0117902 2.4583015 1.9889579 3.0409682 2.9246748 3.2368303 2.6653104 2.0252151 2.6262256 1.8883531 2.5575023 1.9227809 2.0347674 2.5266140 
FilastreaCapsasporaowczarzakiUP000008743_12976543__ARRB1_MACFA_Beta-arrestin-1_OS_               4.0892985 3.2090122 2.8293009 2.9220898 0.0000000 2.6558061 2.7544262 2.4844454 3.3575541 2.9337361 3.6520703 2.6074220 2.5716351 3.6294362 2.5833336 2.6280133 2.8412178 2.4974780 3.5684354 2.4741217 2.8096898 2.9740584 2.5327076 2.5567340 1.7248445 2.5920142 2.5709965 2.7119294 2.3548387 2.3782549 2.7037622 2.3256777 1.6259528 2.8704003 2.7814657 2.2929232 2.4325161 2.2787411 2.4213847 2.3193156 3.1648176 2.4441062 2.5777146 2.5188005 2.5264209 2.5698820 2.4579061 2.4600417 2.5525961 3.0429038 2.5210398 2.7871128 2.7404382 2.7293879 2.7210019 2.6356106 2.3940817 2.1200480 2.5801018 2.6425378 2.9112423 2.5234872 2.6431046 2.9430092 4.1207517 2.3929661 2.8510647 2.7845303 2.9889698 2.6061680 2.6563492 2.5178487 2.6608632 2.4113169 2.2590973 2.7466312 2.8592205 2.3729521 2.9504722 2.5486539 4.0888886 4.1987338 4.6167937 2.7163640 2.6446331 2.7580278 2.3550930 2.6262723 2.3673892 2.6716575 2.9508995 
MetazoaAnnelidaEP00103Capitellateleta_60110__ARRB1_HUMAN_Beta-arrestin-1_OS_                     2.8954675 2.0036939 2.0700342 1.9842116 2.6558061 0.0000000 0.3616835 0.3825292 2.5719605 1.2445077 2.8514202 1.3723141 0.4226836 2.5709438 0.4203673 1.2483120 1.3785196 0.5893761 2.4552353 0.4544812 1.4806006 1.9225927 0.4442664 0.2254753 0.4787901 0.4187395 0.4210065 0.5239133 0.4218411 0.5659226 0.6738631 0.5273006 0.2582507 0.6030151 0.6247125 0.4698356 0.5367316 0.4125799 0.5308754 0.5047087 1.4838454 0.6391199 0.4286936 0.4294763 0.4296047 0.4241379 0.7461095 0.3070011 0.2600877 1.0693561 0.2274335 0.7112020 0.7060335 0.7624239 0.5730913 0.5576798 0.4383677 0.3811273 0.6249732 0.9948950 0.8939523 0.8650640 1.0354531 1.6002567 1.6613444 1.2373597 1.4695719 1.5338574 1.5485504 0.5048090 0.7308634 1.3443775 1.1822274 0.6562148 0.6003649 1.2943136 1.1878338 0.6132832 0.9732884 0.7726686 1.2791720 1.2823891 1.4967574 1.2480885 0.6322159 1.2327874 0.5780132 1.2002320 0.5927579 0.6609847 1.2469126 
MetazoaAnnelidaHelobdellarobusta_86615__ARRB2_HUMAN_Beta-arrestin-2_OS_                          3.0352296 1.9313248 2.1277114 2.1398720 2.7544262 0.3616835 0.0000000 0.4059633 2.6540647 1.3752859 2.9075962 1.4534631 0.6043772 2.6959042 0.6059573 1.4121436 1.5122821 0.7202390 2.7447579 0.6163622 1.6075303 2.0468887 0.5349540 0.4437637 0.6770141 0.5952241 0.5776224 0.6077262 0.5460533 0.6868958 0.7634485 0.6704753 0.5848230 0.6515159 0.7353703 0.5916219 0.6559996 0.5112425 0.6208264 0.6369256 1.6735551 0.8175883 0.5271265 0.4998690 0.5007789 0.5258399 0.8363524 0.5173351 0.4521813 1.1450599 0.4142243 0.7849697 0.7621645 0.8785787 0.7068079 0.7114276 0.5679719 0.5162559 0.7236059 1.0825809 1.1105145 0.9949000 1.1186885 1.7175110 1.5745795 1.3487659 1.5797705 1.6098072 1.6062581 0.6399876 0.7354433 1.3422734 1.3268541 0.7437120 0.6827266 1.2547707 1.2711872 0.7308476 1.0536238 0.8034938 1.2524445 1.2490932 1.4760891 1.3786555 0.6924570 1.1751208 0.7014318 1.3209868 0.7053917 0.7100339 1.2156528 
MetazoaAnnelidaHelobdellarobusta_108054__ARRB1_HUMAN_Beta-arrestin-1_OS_                         3.0219133 1.9788455 2.1033358 2.0474931 2.4844454 0.3825292 0.4059633 0.0000000 2.4301922 1.3961715 2.9261563 1.3898616 0.5733985 2.6433834 0.5671413 1.3301415 1.4855086 0.7399508 2.6221498 0.5956875 1.4280154 1.9443793 0.5590915 0.3726833 0.5607926 0.6058236 0.5981644 0.5836268 0.4790083 0.6277171 0.7619871 0.6171886 0.3724000 0.7206245 0.7527594 0.5415638 0.6244527 0.4841599 0.6167739 0.5901666 1.5815700 0.8127804 0.5485767 0.5284290 0.5305849 0.5431729 0.7806074 0.5251216 0.4178075 1.1253983 0.4157781 0.8545009 0.7927573 0.8298388 0.6519199 0.6500423 0.4640377 0.4309740 0.5868402 1.2014704 1.0651236 1.0825250 1.1725633 1.6224461 1.6034354 1.3941989 1.5851627 1.5687992 1.5867489 0.6482295 0.7456697 1.2682590 1.3348966 0.6836429 0.6933933 1.3576540 1.3376681 0.6720518 1.0259662 0.7991296 1.2068366 1.3492411 1.3459953 1.2632142 0.6504433 1.2049738 0.6678688 1.2688506 0.6758706 0.6880144 1.2419473 
MetazoaArthropodaDaphniapulex_191468__ARRA_DROME_Phosrestin-2_OS_                                4.3619433 4.1044984 3.9515423 3.5545095 3.3575541 2.5719605 2.6540647 2.4301922 0.0000000 2.2720556 4.0111978 2.7259436 2.4611156 3.6593203 2.4522893 2.0555196 2.6550854 2.4229216 1.7786718 2.4840970 2.5390276 2.8662053 2.3571561 2.4482976 2.0305605 2.3350179 2.3478872 2.3170526 2.0921908 2.3930836 2.6973470 2.4778154 1.9104280 2.7220715 2.5549266 2.2421215 2.4777299 2.1191355 2.4500057 2.4081552 3.3088284 2.4362224 2.3217280 2.3056797 2.2959059 2.3212953 2.4302556 2.4576859 2.5937119 2.9169887 2.5072922 2.7659876 2.9061332 2.9207036 2.3183624 2.3533546 2.0697377 1.9033698 2.1079285 2.7156073 2.7596371 2.8028967 2.9615162 4.0503316 3.5862934 2.0717470 3.2427016 3.7697381 3.4263311 2.5294493 2.8407373 2.5356128 2.7384937 2.4530158 2.4745781 2.6704123 2.6270267 2.3951043 3.1484143 2.6696767 3.0989200 3.6908661 3.3722537 2.8692094 2.5050601 2.6481052 2.4688258 2.8738171 2.5001410 2.4876388 2.6768984 
MetazoaArthropodaDaphniapulex_194231__ARRA_DROME_Phosrestin-2_OS_                                3.0010111 2.5213620 2.7475404 2.8192137 2.9337361 1.2445077 1.3752859 1.3961715 2.2720556 0.0000000 2.6883030 1.4267583 1.1296621 2.2997088 1.1322246 0.9273642 1.4901541 1.2791084 2.2794096 1.1927849 1.2542823 1.9347753 1.1632492 1.2870323 0.9048413 1.2057779 1.1801922 1.4695294 1.3430326 1.5088171 1.4151596 1.4925974 0.9160210 1.5104564 1.4333283 1.3370309 1.4811744 1.2145252 1.4528715 1.4352063 2.3464372 1.4485252 1.2797401 1.2686589 1.2631257 1.2797401 1.4379622 1.2421003 1.3983137 1.7484250 1.3147072 1.5466552 1.4819099 1.5780278 1.3752771 1.3555221 1.1600018 0.9873839 1.3606897 1.5743981 1.5828576 1.7146107 1.7316889 2.0859151 2.1033304 1.2487834 2.0303436 2.1419002 2.1255452 1.4447284 1.4871563 1.8066245 1.9100229 1.4773744 1.4308833 1.7779570 1.7794493 1.4413181 1.6622963 1.4360341 2.0725749 2.3688226 2.3187016 1.7549108 1.4418537 1.7306656 1.4091620 1.7784584 1.4184996 1.4485381 1.7507845 
MetazoaArthropodaDaphniapulex_206289__ARRH_HELVI_Arrestin_homolog_OS_                            3.9570416 4.1755186 3.8992916 3.1114915 3.6520703 2.8514202 2.9075962 2.9261563 4.0111978 2.6883030 0.0000000 3.0115418 2.6957065 3.0080919 2.6727433 2.4279711 2.9806532 2.9370643 3.6197857 2.7122245 2.6479689 3.1154142 2.6301955 2.9882719 2.6832202 2.8838065 2.8687790 2.9212290 2.6850306 2.7215620 3.1293809 2.7005970 1.9952322 3.1887078 2.8743740 2.5777323 2.8346154 2.8696078 2.6661763 2.6935791 4.0043180 3.1437180 2.8229373 2.8607935 2.8693565 2.8219589 3.1219524 2.7293578 2.8177827 3.2845148 2.7243930 2.9966179 2.8999625 2.9199481 2.9319726 2.8907833 2.7148745 2.6351103 2.8155698 2.8577150 3.1517935 2.7813454 2.9832729 3.8175790 3.5353186 2.5437718 3.6259936 3.7106037 3.8672091 2.7953146 2.9844016 3.1039846 3.2966873 2.9813420 2.8596711 3.4741342 3.1815681 3.0699521 3.2381884 2.7129691 3.7211880 3.8378549 3.8325405 3.1357789 2.8885132 3.0737412 2.8080786 3.1096215 2.7804290 2.8934019 3.1892639 
MetazoaArthropodaDaphniapulex_209915__ARRH_LOCMI_Arrestin_homolog_OS_                            3.3162715 2.4095659 2.7090045 2.2133284 2.6074220 1.3723141 1.4534631 1.3898616 2.7259436 1.4267583 3.0115418 0.0000000 1.2258546 2.9530371 1.2088057 1.3511842 0.9496444 1.3117618 2.3237336 1.3392188 1.6075864 1.6095081 1.2498002 1.4278565 1.4781161 1.4711232 1.4421334 1.7981864 1.5796188 1.5823347 1.5937678 1.5547035 1.0501152 1.7409185 1.6267674 1.5570393 1.5222886 1.6070306 1.5515883 1.5489188 2.5628634 1.6521330 1.4110863 1.4121612 1.3937117 1.4111021 1.5194226 1.4777978 1.5463637 1.8184706 1.3875184 1.5857636 1.5106838 1.6136380 1.6025442 1.5400956 1.3782736 1.3255319 1.5130597 1.8478298 1.7226994 1.7396068 1.7591656 2.1669160 1.0078241 1.0036166 2.0851650 2.2015447 2.0000793 1.4791631 1.5652781 2.0423207 1.7471293 1.4240601 1.5378017 1.9030729 1.8680774 1.4396480 1.8457666 1.4457253 2.3434418 2.2760542 2.3907899 1.8861759 1.3970828 1.7661164 1.5118499 1.7972212 1.5211699 1.3815335 1.8119999 
MetazoaArthropodaDaphniapulex_210470__ARRB1_MACFA_Beta-arrestin-1_OS_                            3.1412204 1.9685556 2.2516907 2.0462210 2.5716351 0.4226836 0.6043772 0.5733985 2.4611156 1.1296621 2.6957065 1.2258546 0.0000000 2.5074510 0.0204634 1.1249542 1.3102536 0.3827429 2.4378064 0.3024950 1.3904364 2.0565646 0.2283308 0.4598851 0.6847851 0.5225595 0.5204369 0.5264786 0.4760312 0.5872533 0.6146260 0.5945187 0.4924733 0.6599606 0.6145744 0.5099062 0.5856768 0.5300017 0.5887413 0.5857727 1.6809607 0.7583667 0.5565536 0.5343734 0.5353497 0.5568685 0.8025734 0.4358026 0.5412399 1.2374157 0.4691622 0.6915704 0.6575066 0.7469292 0.6436123 0.6241693 0.4904798 0.4123275 0.5864696 1.0527055 0.9199309 0.9641253 1.0805154 1.5301026 1.3082849 1.1995768 1.4509738 1.6078626 1.5148224 0.4520427 0.6724555 1.2511557 1.1813985 0.6685155 0.6013320 1.2850248 1.1746373 0.6355487 0.9500889 0.7241884 1.1529209 1.2529479 1.3606343 1.2095686 0.6212712 1.1407915 0.5770906 1.1433969 0.5877257 0.6426962 1.1990057 
MetazoaArthropodaDaphniapulex_211299__ARRA_DROME_Phosrestin-2_OS_                                4.3616633 4.3466712 3.4207825 3.3299832 3.6294362 2.5709438 2.6959042 2.6433834 3.6593203 2.2997088 3.0080919 2.9530371 2.5074510 0.0000000 2.5298065 2.3004257 2.7438161 2.5915904 3.4453699 2.6439282 2.6281167 3.1573554 2.5282942 2.7513476 1.9619959 2.5487259 2.5619845 3.0063164 2.7265392 2.6988475 2.6290580 2.6718020 1.6731482 3.1983579 2.6953538 2.6628369 2.7606459 2.6445542 2.5542584 2.6830023 3.9394827 2.8356641 2.7060594 2.6922329 2.7077602 2.6970781 2.9005365 2.5684932 2.6001904 3.1815428 2.5355502 2.7457481 2.8663538 2.8775526 2.6338728 2.6111409 2.4299351 2.0568542 2.4580281 2.8656045 2.8611130 2.9105170 2.9881017 3.4861790 3.4525282 2.7542131 3.4044116 3.2351193 3.4819228 2.5632395 2.6627328 3.1419727 2.9986577 2.5757549 2.5108935 3.2959825 3.0064421 2.5953103 2.9148652 2.5078811 3.6468227 3.9478219 4.0232215 3.3169702 2.6319552 2.7849642 2.4603842 2.9949654 2.4736044 2.6797701 2.8367730 
MetazoaArthropodaDaphniapulex_212589__ARRB1_MACFA_Beta-arrestin-1_OS_                            3.1068084 1.9962812 2.2765719 2.0562582 2.5833336 0.4203673 0.6059573 0.5671413 2.4522893 1.1322246 2.6727433 1.2088057 0.0204634 2.5298065 0.0000000 1.1045798 1.3001668 0.3785680 2.4226060 0.2857089 1.3782203 2.0459117 0.2266349 0.4513092 0.6711744 0.5154320 0.5133644 0.5241042 0.4799033 0.5784888 0.6125832 0.5964192 0.4716038 0.6570656 0.6092730 0.5135229 0.5769350 0.5219856 0.5827376 0.5823411 1.6572832 0.7713944 0.5525772 0.5305257 0.5314904 0.5528937 0.8109272 0.4334857 0.5411788 1.2278114 0.4617442 0.6884412 0.6491219 0.7396125 0.6477722 0.6298005 0.4993172 0.4245865 0.5925722 1.0328893 0.9128280 0.9459572 1.0720415 1.5360724 1.3240279 1.1830511 1.4375280 1.6185527 1.5115605 0.4510305 0.6770411 1.2469283 1.1645679 0.6698800 0.5940002 1.2739415 1.1713112 0.6500200 0.9602631 0.7261619 1.1711685 1.2665254 1.3824156 1.1851025 0.6209216 1.1155275 0.5817115 1.1225612 0.5923470 0.6429876 1.1666245 
MetazoaArthropodaDrosophilamelanogaster_243281__ARRA_DROME_Phosrestin-2_OS_                      3.3494220 2.6377682 2.4915535 2.4405381 2.6280133 1.2483120 1.4121436 1.3301415 2.0555196 0.9273642 2.4279711 1.3511842 1.1249542 2.3004257 1.1045798 0.0000000 1.2837875 1.1638674 2.1646944 1.1534058 1.0896329 1.8013345 1.1202596 1.3013155 1.3883132 1.3010938 1.2862407 1.5921242 1.4032808 1.5355460 1.5685145 1.5078305 1.1116797 1.5005853 1.5135681 1.4517171 1.4917909 1.4537526 1.4921166 1.4601393 2.2191656 1.3360782 1.3015142 1.2893340 1.2876324 1.3015142 1.5134203 1.3070871 1.4039893 1.7444714 1.2393298 1.5482057 1.4186674 1.5218535 1.4296328 1.3973356 1.3377335 1.3188686 1.4153454 1.6547881 1.7214388 1.7756659 1.7092289 2.1595231 1.3563773 1.3189271 2.2711547 2.1341311 2.3962633 1.2934783 1.3640689 1.9854949 1.8084696 1.4317572 1.4112730 1.9432815 1.6053121 1.4081775 1.7133861 1.3978600 1.9846602 2.2107190 2.0095356 1.5832451 1.5190389 1.5494116 1.4359782 1.5868309 1.4532862 1.5347074 1.6856155 
MetazoaArthropodaDrosophilamelanogaster_243345__ARRB_DROME_Phosrestin-1_OS_                      3.2195612 2.2851321 2.6224291 2.6503956 2.8412178 1.3785196 1.5122821 1.4855086 2.6550854 1.4901541 2.9806532 0.9496444 1.3102536 2.7438161 1.3001668 1.2837875 0.0000000 1.3504313 2.6519508 1.3132381 1.4371624 1.4955867 1.3067193 1.4019856 1.1885336 1.4495409 1.4061922 1.6313294 1.4795383 1.5765029 1.4746672 1.5268139 0.9931422 1.6026606 1.5322740 1.4871997 1.5373940 1.4057371 1.5866355 1.5545454 2.5903510 1.4849687 1.4893525 1.4870553 1.4684343 1.4774498 1.5179162 1.4321979 1.5056334 1.9706407 1.3522328 1.5965891 1.5482148 1.7071277 1.5727776 1.5210762 1.3124360 1.1640596 1.4837203 1.9627838 1.9114427 1.8691002 1.9159645 2.1456133 0.9776856 0.8891953 2.1177921 2.2244441 2.1549802 1.4848004 1.5201005 1.8204768 1.7638323 1.5030982 1.5068940 1.8998330 1.7740055 1.5296041 1.7411973 1.4625108 2.1327038 2.2656967 2.4569854 1.6571188 1.4958498 1.8694233 1.4497207 1.6859561 1.4660586 1.5249561 1.9341720 
MetazoaArthropodaDrosophilamelanogaster_247121__ARRB1_MACFA_Beta-arrestin-1_OS_                  3.1993206 2.1179658 2.2696089 2.0781135 2.4974780 0.5893761 0.7202390 0.7399508 2.4229216 1.2791084 2.9370643 1.3117618 0.3827429 2.5915904 0.3785680 1.1638674 1.3504313 0.0000000 2.3988808 0.3496188 1.4377529 2.0557796 0.3451362 0.5493083 0.6697076 0.5879518 0.5703034 0.6561461 0.6325508 0.7114778 0.7698736 0.7125788 0.6079135 0.8260245 0.7905934 0.6785452 0.7356531 0.6191382 0.6951713 0.6902177 1.6995004 0.8521559 0.6023110 0.5570309 0.5580477 0.6008554 0.8526445 0.5208070 0.6645315 1.3039538 0.5453071 0.8163597 0.7465275 0.9049663 0.7832362 0.7560302 0.6225749 0.5242706 0.7325699 1.1579719 1.1525675 1.0944043 1.1738836 1.6901021 1.2744618 1.3186199 1.5513462 1.7402605 1.6266810 0.6058589 0.7553158 1.2746625 1.1919097 0.7375692 0.6207558 1.2231383 1.1939558 0.7177693 1.1117094 0.7573682 1.3148762 1.3509635 1.5850054 1.1881258 0.7249705 1.2208825 0.6252711 1.1097286 0.6274749 0.7301834 1.3005080 
MetazoaArthropodaDrosophilamelanogaster_253420__ARRH_LIMPO_Arrestin                              4.0612591 3.2758575 3.5228654 3.4757402 3.5684354 2.4552353 2.7447579 2.6221498 1.7786718 2.2794096 3.6197857 2.3237336 2.4378064 3.4453699 2.4226060 2.1646944 2.6519508 2.3988808 0.0000000 2.4398636 2.5130674 2.4886878 2.5411601 2.4887932 2.3659843 2.5645701 2.6151144 2.3289401 2.4308197 2.6411549 2.7186973 2.7094043 2.3607857 2.6254839 2.6690044 2.4259063 2.6872336 2.5577288 2.6574328 2.6010022 3.2769818 2.5105843 2.5977512 2.5155877 2.5235206 2.5900705 2.6037970 2.5122059 2.6414006 2.7726053 2.3361844 2.7587663 2.7134779 2.9223815 2.4873239 2.4681003 2.2462750 2.2369897 2.4746539 2.7161116 2.8609521 2.6151544 2.7031810 3.4726559 3.6923761 2.0569175 3.0226131 3.2648688 3.1912693 2.7062618 2.5596995 2.4803279 2.5156800 2.3671532 2.3108894 2.5326850 2.4078891 2.2741413 2.7326398 2.5525580 2.8908988 3.0924676 3.0594376 2.6275917 2.3833335 2.5367142 2.2824696 2.5141199 2.3360430 2.3460145 2.5700185 
MetazoaArthropodaEP00090Calanusglacialis_690441__ARRB1_MACFA_Beta-arrestin-1_OS_                 3.1822822 2.0416214 2.3303860 2.1460702 2.4741217 0.4544812 0.6163622 0.5956875 2.4840970 1.1927849 2.7122245 1.3392188 0.3024950 2.6439282 0.2857089 1.1534058 1.3132381 0.3496188 2.4398636 0.0000000 1.3419102 2.0326498 0.2587210 0.4482791 0.5634169 0.4834143 0.4863723 0.5567313 0.5243894 0.6091962 0.6710040 0.5944224 0.4274002 0.6689788 0.7068382 0.5677141 0.6086710 0.5458747 0.5772109 0.5888941 1.6516632 0.8234128 0.5060102 0.4902725 0.4911764 0.5047421 0.8003407 0.4187098 0.4965135 1.2159522 0.4454571 0.7060901 0.6667583 0.7952020 0.6449976 0.6274372 0.4710343 0.4036068 0.5656701 1.0507780 1.0660933 0.9562248 1.0356424 1.6567073 1.2743870 1.2402458 1.4856832 1.7207456 1.5897064 0.5106554 0.7097372 1.2636411 1.1819180 0.6898062 0.5648344 1.2536732 1.1269442 0.6320667 0.9627816 0.7166151 1.1553040 1.1969524 1.3966173 1.2233885 0.6581064 1.1503034 0.5456044 1.1383052 0.5485785 0.6655714 1.2242733 
MetazoaArthropodaEP00090Calanusglacialis_694978__ARRA_DROME_Phosrestin-2_OS_                     3.4270496 2.7910023 2.5189801 2.6343129 2.8096898 1.4806006 1.6075303 1.4280154 2.5390276 1.2542823 2.6479689 1.6075864 1.3904364 2.6281167 1.3782203 1.0896329 1.4371624 1.4377529 2.5130674 1.3419102 0.0000000 1.8604803 1.3580208 1.5494935 1.1525609 1.4385895 1.4307095 1.5871806 1.5152402 1.6990982 1.6822714 1.7400725 0.9901484 1.7837298 1.6843138 1.5339136 1.6967792 1.5543478 1.5845343 1.6402718 2.4507277 1.6358834 1.4777920 1.4615359 1.4596433 1.4658704 1.5679013 1.4253135 1.5907427 1.9995817 1.3423057 1.7927795 1.6161586 1.8344595 1.6343364 1.5836643 1.3100734 1.0638588 1.5351987 1.8394116 1.9712287 1.8930608 1.9799445 2.3074348 1.7066307 1.4171621 2.1529758 2.2732949 2.2615075 1.6167655 1.6000011 1.6162581 1.9827575 1.3717002 1.4976086 1.8252782 1.9704147 1.4066972 1.6746043 1.4595522 2.0667891 2.4051407 2.3710758 1.8513338 1.4437849 1.6896209 1.4473093 1.7752595 1.4547819 1.4475246 1.7655811 
MetazoaArthropodaEP00090Calanusglacialis_701420__ARRB_DROME_Phosrestin-1_OS_                     3.4273080 2.8942247 3.0083429 2.4507343 2.9740584 1.9225927 2.0468887 1.9443793 2.8662053 1.9347753 3.1154142 1.6095081 2.0565646 3.1573554 2.0459117 1.8013345 1.4955867 2.0557796 2.4886878 2.0326498 1.8604803 0.0000000 2.0015052 1.9553108 1.6777421 2.0051784 1.9723538 2.0364098 1.9194223 2.1105092 1.9784202 2.0626783 1.6337757 2.2313003 1.9982085 1.9444743 2.0514793 2.0352854 2.0959155 2.1214812 2.6119773 2.0445540 1.9152457 1.9077174 1.8842487 1.9152457 2.0140879 2.0510541 1.9838287 2.5135596 1.9781498 2.1110130 2.1590310 2.3729265 2.0022521 1.9714872 1.9842553 1.8394747 1.9177140 2.2447990 2.1815232 2.2511272 2.2493877 2.8284007 1.8076293 1.3520923 2.5273200 2.8162615 2.6789093 2.1130528 2.1850074 2.3579055 2.2626577 2.0750465 1.9166336 2.2439326 2.1608797 2.1040971 2.1974631 1.9304216 2.5030524 2.6962117 2.5070355 2.2383423 2.0348564 2.1615883 1.8791610 2.2108300 1.8805198 2.0146012 2.2093333 
MetazoaArthropodaStrigamiamaritima_1181609__ARRB1_MACFA_Beta-arrestin-1_OS_                      3.2663568 2.0602405 2.1859124 1.9712039 2.5327076 0.4442664 0.5349540 0.5590915 2.3571561 1.1632492 2.6301955 1.2498002 0.2283308 2.5282942 0.2266349 1.1202596 1.3067193 0.3451362 2.5411601 0.2587210 1.3580208 2.0015052 0.0000000 0.4622484 0.6478311 0.4728470 0.4781738 0.5165758 0.5098708 0.5945785 0.6102449 0.6052170 0.4376772 0.6087629 0.6414759 0.5208836 0.5960152 0.5253136 0.5599026 0.5872077 1.6212807 0.7586324 0.4927177 0.4651928 0.4660750 0.4927177 0.8246388 0.4146033 0.4979211 1.2368815 0.4456365 0.7195284 0.6349823 0.7825237 0.6467456 0.6367612 0.4722654 0.4226121 0.5846572 1.0152790 0.9286495 0.8995582 1.0219461 1.5763440 1.2318511 1.2031734 1.4789175 1.6317375 1.5582316 0.4449210 0.6980489 1.2479952 1.2276543 0.6889746 0.6327472 1.2255495 1.1729924 0.6845772 1.0313007 0.7035534 1.1807189 1.2870280 1.4045105 1.2201298 0.6515240 1.1645663 0.5936679 1.1300655 0.6043579 0.6630986 1.2203905 
MetazoaBrachiopodaLingulaunguis_1301021__ARRB1_HUMAN_Beta-arrestin-1_OS_                         3.1614536 2.0311328 2.0657850 1.9215780 2.5567340 0.2254753 0.4437637 0.3726833 2.4482976 1.2870323 2.9882719 1.4278565 0.4598851 2.7513476 0.4513092 1.3013155 1.4019856 0.5493083 2.4887932 0.4482791 1.5494935 1.9553108 0.4622484 0.0000000 0.3983020 0.4853556 0.4866570 0.4765987 0.4050426 0.5313615 0.6678308 0.5351035 0.4124716 0.5633597 0.6395203 0.4720300 0.5368542 0.4308906 0.4919992 0.5158309 1.5548634 0.6927966 0.4201699 0.4003040 0.3927008 0.4157019 0.7061073 0.3148839 0.2820146 1.0754288 0.2176075 0.6993857 0.7304444 0.8095736 0.5170736 0.5116640 0.3963465 0.3239533 0.5447155 1.0275059 0.9333514 0.9368964 0.9979289 1.5754890 1.4550015 1.2951578 1.5630011 1.6063619 1.6068505 0.5521106 0.6968799 1.2965712 1.2871188 0.6755269 0.5435202 1.2808620 1.2683505 0.6323590 0.9576104 0.7367037 1.2272682 1.2274935 1.4209737 1.2714529 0.6830572 1.1564699 0.5495508 1.2104449 0.5580165 0.6920678 1.1956068 
MetazoaBryozoaBugulaneritina_1479385__ARRB1_MACFA_Beta-arrestin-1_OS_                            3.0469455 1.8009781 1.5367197 1.5986473 1.7248445 0.4787901 0.6770141 0.5607926 2.0305605 0.9048413 2.6832202 1.4781161 0.6847851 1.9619959 0.6711744 1.3883132 1.1885336 0.6697076 2.3659843 0.5634169 1.1525609 1.6777421 0.6478311 0.3983020 0.0000000 0.5996098 0.5639429 0.5650274 0.4938222 0.4991243 0.7939760 0.5227708 0.5841659 0.7007540 0.7695388 0.5684603 0.5338329 0.5387275 0.5177898 0.5350302 1.9202924 0.6594402 0.5175805 0.3813379 0.3834932 0.5175805 0.6639894 0.4381319 0.3985682 0.9527242 0.3815079 0.6046749 0.6397667 0.7811301 0.5072352 0.5027831 0.5027831 0.5027831 0.5027831 0.8988376 1.1233941 0.9370167 0.9871155 1.2762651 9.0000000 1.0607906 0.9309927 1.3272661 1.0640100 0.5711008 0.6072483 1.1636305 1.1741373 0.6258916 0.5657934 1.2687301 1.1814191 0.6131353 1.0008235 0.6860267 1.6450788 3.8878320 4.6144392 1.0991306 0.6700046 0.8471976 0.5617318 1.0327858 0.5800109 0.6748819 0.9056813 
MetazoaCephalochordataBranchiostomabelcheri_2826172__ARRB1_MACFA_Beta-arrestin-1_OS_             3.1525252 2.1104441 2.0738078 2.0859120 2.5920142 0.4187395 0.5952241 0.6058236 2.3350179 1.2057779 2.8838065 1.4711232 0.5225595 2.5487259 0.5154320 1.3010938 1.4495409 0.5879518 2.5645701 0.4834143 1.4385895 2.0051784 0.4728470 0.4853556 0.5996098 0.0000000 0.0238230 0.4420865 0.4544743 0.5620711 0.5674060 0.5756080 0.6053138 0.5068855 0.6089719 0.5161821 0.5501865 0.4409422 0.5362999 0.5631869 1.5486669 0.6709087 0.4362788 0.3950246 0.3988358 0.4409759 0.7947038 0.2844373 0.5013421 1.2220165 0.3941504 0.7867497 0.7685731 0.8582618 0.5786027 0.5651171 0.5389031 0.5079350 0.5995597 1.0632558 1.0829746 1.0311930 1.0329898 1.6119810 1.7007608 1.3844568 1.4457752 1.5579435 1.4748474 0.5750580 0.6761478 1.2632231 1.1440825 0.5895342 0.5265190 1.1742313 1.1248161 0.5748476 0.7728340 0.6166515 1.1261808 1.1377750 1.3519957 1.1349538 0.5680091 1.0287619 0.4953949 1.0921275 0.5038768 0.5576260 1.0909771 
MetazoaCephalochordataBranchiostomabelcheri_2826173__ARRB1_MACFA_Beta-arrestin-1_OS_             3.1083132 2.1325502 2.1015760 2.0791105 2.5709965 0.4210065 0.5776224 0.5981644 2.3478872 1.1801922 2.8687790 1.4421334 0.5204369 2.5619845 0.5133644 1.2862407 1.4061922 0.5703034 2.6151144 0.4863723 1.4307095 1.9723538 0.4781738 0.4866570 0.5639429 0.0238230 0.0000000 0.4420865 0.4464326 0.5638547 0.5613274 0.5830723 0.5516202 0.5068855 0.6071772 0.5235429 0.5574060 0.4389743 0.5477701 0.5703067 1.5234635 0.6597284 0.4301847 0.4031633 0.3954806 0.4348952 0.8024596 0.2842421 0.4819351 1.2176105 0.4002296 0.7976783 0.7818314 0.8496482 0.5713773 0.5579199 0.5249262 0.4878102 0.5901100 1.0487059 1.0493745 1.0191777 1.0064134 1.5787162 1.7007608 1.3410391 1.4258211 1.5335020 1.4488145 0.5661584 0.6905208 1.2623474 1.1380897 0.6036020 0.5197015 1.1887695 1.1211830 0.5886360 0.7555747 0.6294705 1.1127337 1.1377750 1.3519957 1.1486484 0.5815825 1.0348464 0.4886650 1.0807272 0.4971257 0.5709984 1.0802474 
MetazoaCnidariaAcroporatenuis_2979293__ARRB1_MACFA_Beta-arrestin-1_OS_                           3.2511575 2.0496193 2.0213219 1.8366730 2.7119294 0.5239133 0.6077262 0.5836268 2.3170526 1.4695294 2.9212290 1.7981864 0.5264786 3.0063164 0.5241042 1.5921242 1.6313294 0.6561461 2.3289401 0.5567313 1.5871806 2.0364098 0.5165758 0.4765987 0.5650274 0.4420865 0.4420865 0.0000000 0.2436117 0.0794770 0.4415374 0.1520779 9.0000000 0.3190639 0.4078071 0.1314907 0.1366314 0.2892584 0.1020124 0.1298730 1.1097263 0.5789872 0.4864047 0.4864047 0.4864047 0.4864047 0.9354409 0.3636910 0.5519570 1.3219227 0.5104584 0.7059695 0.6844799 0.7406409 0.4241125 0.4321185 0.5000468 0.3593153 0.5392830 1.0012865 1.0835274 0.9065339 0.9991360 1.4872117 0.8259025 1.6461929 1.4767349 1.5916369 1.5354149 0.5425053 0.6628629 1.4171336 1.2618144 0.6718235 0.6255640 1.4317931 1.2755915 0.6838095 0.8069342 0.6915155 0.9016279 1.0648114 1.1455115 1.3307408 0.7105756 1.3799102 0.5886069 1.3144505 0.6039064 0.7333104 1.4308430 
MetazoaCnidariaAnthopleuraelegantissima_3008503__ARRB1_MACFA_Beta-arrestin-1_OS_                 3.0057307 1.8702440 1.7259768 1.8245527 2.3548387 0.4218411 0.5460533 0.4790083 2.0921908 1.3430326 2.6850306 1.5796188 0.4760312 2.7265392 0.4799033 1.4032808 1.4795383 0.6325508 2.4308197 0.5243894 1.5152402 1.9194223 0.5098708 0.4050426 0.4938222 0.4544743 0.4464326 0.2436117 0.0000000 0.2310443 0.4787386 0.2827924 0.3685239 0.2298358 0.4057897 0.2384224 0.2530534 0.1489318 0.2768959 0.2269105 1.3654177 0.6264463 0.4214154 0.3851334 0.3859548 0.4214154 0.7968168 0.3236273 0.4975043 1.0931654 0.4364688 0.6268569 0.5944991 0.6882013 0.3696197 0.3659081 0.3620660 0.2728188 0.4001129 0.8303228 0.8294300 0.7638100 0.8222817 1.3782329 1.4778443 1.4313234 1.3143211 1.4149513 1.3827143 0.5107774 0.5864787 1.3374538 1.2899513 0.6299552 0.5512029 1.2882319 1.2770616 0.6444919 0.8797456 0.6705679 0.9608434 1.1851432 1.1541500 1.2383829 0.6769659 1.0783033 0.5501744 1.2156324 0.5593198 0.6788949 1.1072049 
MetazoaCnidariaAstreoporasp_3040423__ARRB1_MACFA_Beta-arrestin-1_OS_                             3.2501409 2.2446605 1.9946314 2.0306855 2.3782549 0.5659226 0.6868958 0.6277171 2.3930836 1.5088171 2.7215620 1.5823347 0.5872533 2.6988475 0.5784888 1.5355460 1.5765029 0.7114778 2.6411549 0.6091962 1.6990982 2.1105092 0.5945785 0.5313615 0.4991243 0.5620711 0.5638547 0.0794770 0.2310443 0.0000000 0.5640991 0.0913592 0.4138095 0.4236888 0.5444434 0.1257253 0.0706847 0.2749530 0.1140920 0.1323576 1.5773254 0.7489952 0.4990081 0.4734946 0.4743618 0.4977713 0.8048914 0.4402289 0.6040813 1.2432283 0.5606527 0.7267541 0.7311661 0.8170371 0.5082333 0.5002671 0.3677560 0.2890459 0.4858688 1.0086928 1.0479750 0.9515639 1.0201559 1.6809067 1.4819848 1.4749672 1.5669475 1.6889941 1.6005871 0.6455520 0.7482773 1.2782100 1.2961655 0.7394967 0.6099429 1.2003666 1.3053713 0.7151034 0.9677327 0.7561293 1.1636084 1.1908082 1.4142346 1.2771464 0.7093640 1.1824590 0.5990260 1.2512780 0.6090698 0.7395409 1.2035930 
MetazoaCnidariaClytiahemisphaerica_3092751__ARRB1_MACFA_Beta-arrestin-1_OS_                      3.0796987 2.1799410 2.1085270 2.2077697 2.7037622 0.6738631 0.7634485 0.7619871 2.6973470 1.4151596 3.1293809 1.5937678 0.6146260 2.6290580 0.6125832 1.5685145 1.4746672 0.7698736 2.7186973 0.6710040 1.6822714 1.9784202 0.6102449 0.6678308 0.7939760 0.5674060 0.5613274 0.4415374 0.4787386 0.5640991 0.0000000 0.5639819 0.5819431 0.5804072 0.3004394 0.4975064 0.5792606 0.5346701 0.5752905 0.5674357 1.6669405 0.8128821 0.6524195 0.6320609 0.6331788 0.6508956 0.9156264 0.4994171 0.7518418 1.3382908 0.6593192 0.8356411 0.7780721 0.9110613 0.6779174 0.6929375 0.6030880 0.4929817 0.6738251 1.0789439 1.0977111 1.0389572 1.0637873 1.7488713 1.4760247 1.4260154 1.5086340 1.6999396 1.5371838 0.7789155 0.8002432 1.4383529 1.3664542 0.7780999 0.7118606 1.2643090 1.3157664 0.7753178 1.0636487 0.8594942 1.3208360 1.3695751 1.5997885 1.3147817 0.8285153 1.2266296 0.7306875 1.2645551 0.7418793 0.8289623 1.2547165 
MetazoaCnidariaFungiascutaria_3192810__ARRB1_MACFA_Beta-arrestin-1_OS_                           3.2467256 2.2136955 1.9971244 2.0578755 2.3256777 0.5273006 0.6704753 0.6171886 2.4778154 1.4925974 2.7005970 1.5547035 0.5945187 2.6718020 0.5964192 1.5078305 1.5268139 0.7125788 2.7094043 0.5944224 1.7400725 2.0626783 0.6052170 0.5351035 0.5227708 0.5756080 0.5830723 0.1520779 0.2827924 0.0913592 0.5639819 0.0000000 0.3898667 0.4580688 0.5903343 0.1148824 0.0739416 0.3061467 0.1371234 0.1155974 1.6034385 0.7539982 0.5417836 0.5171418 0.5180753 0.5404648 0.8253331 0.4460551 0.5959702 1.2628252 0.5672255 0.7401004 0.7253887 0.8323752 0.5382468 0.5315450 0.3954466 0.3070066 0.5467890 1.0410480 1.0282780 0.9901553 1.0549537 1.6538675 1.6219100 1.3983685 1.6021675 1.7229839 1.6104922 0.6577748 0.7644195 1.3159546 1.2638294 0.7204058 0.6164058 1.1830360 1.3156536 0.7139151 1.0196013 0.7778001 1.2235193 1.2519585 1.4947133 1.3337498 0.7295288 1.1848827 0.6289727 1.2828822 0.6332491 0.7571301 1.1930952 
MetazoaCnidariaGorgoniaventalina_3224384__ARR1_ONCMY_Arrestin_red_cell_isoform_1_OS_             3.1947686 1.9977604 1.6020926 1.7650738 1.6259528 0.2582507 0.5848230 0.3724000 1.9104280 0.9160210 1.9952322 1.0501152 0.4924733 1.6731482 0.4716038 1.1116797 0.9931422 0.6079135 2.3607857 0.4274002 0.9901484 1.6337757 0.4376772 0.4124716 0.5841659 0.6053138 0.5516202 9.0000000 0.3685239 0.4138095 0.5819431 0.3898667 0.0000000 0.0000010 0.4531626 0.3518472 0.3794265 0.4173552 0.4160719 0.3388243 2.4958447 0.4987988 0.4656900 0.3190927 0.3222528 0.4656900 0.7080756 0.3709849 0.4990096 0.9763856 0.2727943 0.7050858 0.7073912 1.0451729 0.3947618 0.3947618 0.3947618 0.3947618 0.3947618 0.7150881 0.8070463 0.8122215 0.6335863 1.6634615 9.0000000 1.3456128 0.9331952 1.6090968 1.1089749 0.3783552 0.4395484 0.9785616 0.9245499 0.4348034 0.4285889 1.0340826 1.1422310 0.4709821 0.9813372 0.5058073 2.1324095 3.2500768 2.2301829 1.1658521 0.4788582 0.6263018 0.4515097 0.9323038 0.4515097 0.4788582 0.6410744 
MetazoaCnidariaGorgoniaventalina_3226939__ARRB1_MACFA_Beta-arrestin-1_OS_                        3.0290448 2.3025262 2.1782461 2.2166156 2.8704003 0.6030151 0.6515159 0.7206245 2.7220715 1.5104564 3.1887078 1.7409185 0.6599606 3.1983579 0.6570656 1.5005853 1.6026606 0.8260245 2.6254839 0.6689788 1.7837298 2.2313003 0.6087629 0.5633597 0.7007540 0.5068855 0.5068855 0.3190639 0.2298358 0.4236888 0.5804072 0.4580688 0.0000010 0.0000000 0.5464147 0.3831207 0.4487818 0.2552084 0.4590583 0.4074785 1.3259135 0.8117603 0.5745101 0.5745101 0.5745101 0.5813220 0.9245242 0.4166193 0.6625212 1.3635292 0.6376155 0.8270995 0.8428243 0.8660690 0.5788785 0.5766427 0.5467564 0.4531019 0.6533438 1.0855722 1.2473074 1.0439714 1.0907885 1.6642825 1.4101161 1.6410241 1.6115454 1.6205122 1.6286017 0.6919108 0.7923088 1.4795354 1.3529589 0.7932898 0.6367184 1.2852843 1.1726433 0.7633784 0.9842330 0.8461474 1.1311964 1.1057812 1.3129166 1.3197082 0.7853546 1.4723655 0.6302484 1.3353060 0.6340422 0.8079892 1.4044643 
MetazoaCnidariaHydramagnapapillata_3263974__ARRB1_MACFA_Beta-arrestin-1_OS_                      3.0488570 2.1844695 2.0914160 2.1685793 2.7814657 0.6247125 0.7353703 0.7527594 2.5549266 1.4333283 2.8743740 1.6267674 0.6145744 2.6953538 0.6092730 1.5135681 1.5322740 0.7905934 2.6690044 0.7068382 1.6843138 1.9982085 0.6414759 0.6395203 0.7695388 0.6089719 0.6071772 0.4078071 0.4057897 0.5444434 0.3004394 0.5903343 0.4531626 0.5464147 0.0000000 0.4662933 0.5585993 0.4744877 0.5634941 0.5454286 1.7157282 0.7493067 0.6657829 0.6262995 0.6274106 0.6642277 0.9234215 0.5008286 0.7112321 1.3722055 0.6386412 0.8540853 0.8099567 0.9255251 0.6663875 0.6757336 0.5529276 0.4910568 0.6341052 1.0830580 1.1536520 1.0173130 1.0534162 1.7009973 1.5207206 1.4463117 1.5876338 1.6465592 1.6056810 0.7323348 0.7986681 1.3348256 1.4477609 0.7955768 0.7354046 1.2500751 1.3978669 0.7819666 1.1123486 0.8896371 1.2739624 1.3603148 1.4590032 1.4054483 0.8514437 1.2526827 0.7544381 1.3128375 0.7569543 0.8560800 1.2733901 
MetazoaCnidariaMadracisauretenra_3310276__ARRB1_MACFA_Beta-arrestin-1_OS_                        3.0389160 2.0457161 1.8161695 1.9258742 2.2929232 0.4698356 0.5916219 0.5415638 2.2421215 1.3370309 2.5777323 1.5570393 0.5099062 2.6628369 0.5135229 1.4517171 1.4871997 0.6785452 2.4259063 0.5677141 1.5339136 1.9444743 0.5208836 0.4720300 0.5684603 0.5161821 0.5235429 0.1314907 0.2384224 0.1257253 0.4975064 0.1148824 0.3518472 0.3831207 0.4662933 0.0000000 0.1159072 0.2753051 0.1377832 0.0500720 1.3795259 0.7119984 0.4918545 0.4643377 0.4652772 0.4905095 0.7910495 0.3692429 0.5534987 1.1942501 0.4944898 0.7227261 0.6826687 0.8077533 0.4620428 0.4549778 0.3967733 0.3179442 0.4589960 0.9406133 1.0008322 0.8597515 0.9371940 1.6098683 1.5106521 1.4244666 1.4272037 1.6106840 1.5394029 0.6093451 0.6868136 1.3406172 1.1617067 0.6382135 0.5648947 1.2509604 1.2085616 0.6418640 0.8802198 0.6907056 0.9911768 1.1940942 1.2136717 1.2284202 0.6413772 1.1462593 0.5613887 1.2183069 0.5704765 0.6608858 1.1666264 
MetazoaCnidariaMontastraeacavernosa_3346746__ARRB1_MACFA_Beta-arrestin-1_OS_                     3.1979310 2.2874905 1.9592789 2.0429973 2.4325161 0.5367316 0.6559996 0.6244527 2.4777299 1.4811744 2.8346154 1.5222886 0.5856768 2.7606459 0.5769350 1.4917909 1.5373940 0.7356531 2.6872336 0.6086710 1.6967792 2.0514793 0.5960152 0.5368542 0.5338329 0.5501865 0.5574060 0.1366314 0.2530534 0.0706847 0.5792606 0.0739416 0.3794265 0.4487818 0.5585993 0.1159072 0.0000000 0.2978248 0.1241432 0.1263562 1.6119452 0.7926640 0.5338592 0.5090842 0.5100104 0.5325490 0.8237087 0.4493243 0.6243394 1.2300349 0.5679831 0.7409932 0.7319014 0.8520675 0.5207116 0.5275342 0.3926522 0.2970507 0.5226659 1.0267470 1.0521647 0.9693313 1.0225907 1.6772067 1.5965060 1.4740258 1.5470903 1.7201451 1.5208759 0.6451512 0.7821148 1.3158090 1.2821510 0.7338884 0.6287040 1.2206214 1.3000719 0.7382144 0.9906237 0.7763477 1.1914724 1.2192995 1.4437064 1.2944152 0.7326465 1.2041192 0.6235050 1.2649241 0.6277925 0.7579649 1.2199249 
MetazoaCnidariaNematostellavectensis_3379894__ARRB1_MACFA_Beta-arrestin-1_OS_                    3.0850038 1.9575785 1.7727342 1.8268437 2.2787411 0.4125799 0.5112425 0.4841599 2.1191355 1.2145252 2.8696078 1.6070306 0.5300017 2.6445542 0.5219856 1.4537526 1.4057371 0.6191382 2.5577288 0.5458747 1.5543478 2.0352854 0.5253136 0.4308906 0.5387275 0.4409422 0.4389743 0.2892584 0.1489318 0.2749530 0.5346701 0.3061467 0.4173552 0.2552084 0.4744877 0.2753051 0.2978248 0.0000000 0.3119539 0.2432941 1.2443613 0.5252498 0.4034093 0.4034093 0.4034093 0.4034093 0.8663400 0.3692358 0.4568342 1.1971617 0.4357266 0.6761528 0.7262628 0.6956365 0.4363144 0.4202355 0.4838176 0.4260066 0.4996126 0.8791067 0.9046859 0.8586192 0.8996326 1.4601709 0.6494648 1.6191239 1.2792947 1.5771827 1.4073503 0.5388238 0.6448992 1.4333519 1.1400929 0.6580114 0.6340479 1.3663070 1.2002458 0.6650686 0.8233871 0.6623762 0.9393030 1.1659923 1.1654155 1.1261564 0.6794020 1.1886493 0.6223603 1.0834728 0.6337856 0.6989649 1.2079933 
MetazoaCnidariaPoritesaustraliensis_3534399__ARRB1_MACFA_Beta-arrestin-1_OS_                     3.1433324 2.1425431 1.9539495 2.0018175 2.4213847 0.5308754 0.6208264 0.6167739 2.4500057 1.4528715 2.6661763 1.5515883 0.5887413 2.5542584 0.5827376 1.4921166 1.5866355 0.6951713 2.6574328 0.5772109 1.5845343 2.0959155 0.5599026 0.4919992 0.5177898 0.5362999 0.5477701 0.1020124 0.2768959 0.1140920 0.5752905 0.1371234 0.4160719 0.4590583 0.5634941 0.1377832 0.1241432 0.3119539 0.0000000 0.1460526 1.5905857 0.7829567 0.5241105 0.4991510 0.5000558 0.5228261 0.7692151 0.4414791 0.6179994 1.2233310 0.5467778 0.7711157 0.7149922 0.8854468 0.5429783 0.5390251 0.3862733 0.3090774 0.4937541 1.0252454 1.0720486 0.9485202 1.0206734 1.6747046 1.7310420 1.3945932 1.4826361 1.6962443 1.5155925 0.6382169 0.7681431 1.2372045 1.2613086 0.7148647 0.6372913 1.2615299 1.3528750 0.6898074 1.0444041 0.7843429 1.1673601 1.2248804 1.4185991 1.3635407 0.7207205 1.2573162 0.6384852 1.3337546 0.6476738 0.7302556 1.3335837 
