172
AlveolataEP00742ColponemidiaspColp10_4276848__DGLA_MOUSE_Sn1-specific_diacylglycerol_lipase_alpha_OS_                    0.0000000 2.5784230 2.5863889 2.3368132 2.4748653 2.4883111 3.1039596 2.2453652 2.7304556 2.4850586 2.3822796 2.8985813 3.2187806 2.9915304 2.9523864 2.9215068 2.6933311 3.6616532 2.7239767 2.4285988 2.4591379 2.7764277 2.3568758 2.5985105 1.9769904 2.5193192 2.1358982 2.5370360 2.7288798 2.6937678 2.5925474 3.0447280 2.3943437 2.3692650 2.3514667 2.4036671 2.0867600 2.4067551 2.7025250 2.6354346 2.8530312 3.0187833 2.9514674 2.7976123 2.6254212 2.8031602 2.0930270 2.5478266 2.1507322 2.8726200 2.4939659 2.3053779 2.5861817 2.3554998 2.2478124 2.9859776 2.3966579 2.2968033 2.2047263 2.8947759 2.2088164 2.4335108 2.5159359 1.8517855 2.2845661 2.2689977 2.4292380 1.5939756 2.4096520 2.5692779 2.4505048 2.2376877 2.0473385 2.2548330 2.3800112 2.3596820 2.4370538 2.3651245 2.2269689 2.0741303 2.6825717 2.2349123 2.0740849 2.4616699 2.3114270 2.2238461 2.7712536 2.7228743 2.6094763 2.2170460 2.4955854 1.9463402 1.7268029 2.6575899 2.0907379 2.6336981 2.3433449 3.1312999 2.6365585 2.5727602 2.3882632 2.8451811 2.3232684 1.7813417 2.3699520 2.8606078 2.3854488 2.4744924 2.2930066 2.8572029 3.0854143 2.2538380 2.3571293 2.1643274 2.3763086 2.2613009 2.3325644 2.8689319 2.6805692 2.7933849 2.3331432 2.6338052 2.6528443 2.6152198 2.6216307 1.7448286 1.9344341 1.8020406 2.5686170 2.4862599 2.5453233 2.4155482 2.5840073 2.6313518 2.3444791 2.0544247 2.6106977 2.0075333 2.2667433 1.6511547 2.1587905 2.4999596 2.7251372 2.7178787 2.5935296 2.5369009 2.4344439 2.2745296 2.3287470 2.3101075 2.2095961 2.2829576 2.1232942 2.1233934 2.0732733 2.1774713 2.2854868 2.2839983 2.2372233 2.6025492 2.6021507 2.4053508 2.3635688 2.2946436 2.5249056 3.0208219 3.0208219 2.4299913 2.5941424 3.0081045 3.1112867 2.6728219 
AlveolataEP00742ColponemidiaspColp10_4285786__DGLA_HUMAN_Sn1-specific_diacylglycerol_lipase_alpha_OS_                    2.5784230 0.0000000 2.7439008 2.1787352 2.2776572 2.6981986 2.8759071 1.9917540 3.3447218 3.0540888 3.0826589 2.3824092 2.6770440 2.7257276 2.7410444 2.5935662 2.4728555 3.5772258 2.1017691 3.1346716 2.5521751 2.5836159 2.3372509 2.0650799 2.0288128 2.4446177 2.6071299 2.1004232 2.9412896 2.7179308 2.5308368 3.0364406 1.9448567 1.9485957 2.1449914 2.4980879 1.8338774 2.2762054 2.3385931 2.5764648 2.7316754 2.2662133 2.4603897 2.6090614 2.5180429 2.6569959 2.7723345 1.8762019 1.4262657 3.0783391 2.2046957 2.3921621 2.1597483 1.9317232 2.6357713 2.6613985 2.8278560 2.2720026 2.1234793 2.4481413 2.0072395 2.1438515 1.9381378 1.6208731 2.1453367 1.9634239 2.1288295 2.1861403 2.4374301 2.0106430 2.3362120 2.0069154 2.0021954 2.0018913 1.9608976 2.1069493 2.3848318 2.1125996 2.0636978 1.7571908 2.3552053 3.1408339 1.2802731 1.6932400 1.6901530 1.9741811 2.4292875 2.4355680 2.2953646 1.5507292 2.2697224 1.5229903 1.9578817 1.8337197 2.2656942 2.1539363 1.9147919 2.3603638 1.9700691 1.9705617 2.2216986 2.9174275 2.4176537 1.7514528 1.9302237 2.7253020 2.1422742 2.0220018 2.2009803 1.6284735 2.9154218 1.8703901 2.4299532 2.1314375 2.0918581 1.4976262 1.6085669 2.5875602 2.5809918 2.4910036 2.3126870 2.2826197 2.2312769 2.4008515 2.3857972 2.3538003 1.6508680 2.3505249 2.2072459 2.3574039 2.2612541 2.2656957 2.3603154 2.1650834 2.4342843 2.1079115 2.2333780 2.0896594 1.7052327 2.2650086 2.9352015 2.2536381 2.0136842 2.0790443 2.0228522 2.0854156 2.0648624 2.3441069 2.1515023 2.1164954 2.1239745 2.0431883 1.9467544 2.1793948 1.9369121 2.1881669 2.0847372 2.1136093 2.2189719 2.7944905 2.5744000 2.8466658 2.0627651 2.1150623 3.1094076 2.7834514 2.7834514 2.9770060 2.4165947 2.6064191 2.7397667 2.8636240 
ApusomonadidaThecamonastrahensUP000054408_5477713__DGLA_HUMAN_Sn1-specific_diacylglycerol_lipase_alpha_OS_               2.5863889 2.7439008 0.0000000 2.2253631 2.6079081 2.0708609 2.2667951 2.2333424 3.1021977 2.2787998 2.3672963 2.8220799 2.7358333 2.4872470 2.4487696 2.5450443 2.6001937 2.5381608 2.8508138 2.6848743 2.4488907 3.0799514 2.6753543 2.6951412 2.0011273 2.8521200 2.9921273 3.1688250 2.3385713 2.4296100 2.7216780 3.0127241 2.4899879 2.5246918 2.9274199 2.1778652 2.2870935 2.4679653 2.8731573 2.5889023 2.6406526 2.6027284 2.5534175 2.7867197 2.6548751 3.0224659 2.4230189 2.4365179 2.5680368 2.9018332 2.7247990 2.3908398 2.4153084 2.7739799 2.0956101 2.9910528 2.4585006 2.3040280 2.7163638 3.3569233 2.6737458 2.5810328 2.5444994 2.4410709 2.8135571 2.5776000 2.5333507 1.8971290 2.6921826 3.5399287 2.9932593 2.6434338 2.8276126 2.9020339 2.6089693 2.7480247 3.5066792 2.9211856 2.6518665 2.2777758 2.6328334 3.0599898 3.1717020 2.9295422 2.6226370 2.7942078 2.6332008 3.3808766 3.2721516 2.5004721 2.8238931 2.1137674 2.6795454 2.5667605 2.7141813 2.6290424 2.6823694 3.2226488 2.6585737 2.6145714 2.8347704 3.2995529 2.7654687 2.8495262 2.7034425 2.9685247 2.7622155 2.8130508 2.4309214 2.7831036 3.3978679 2.5021400 2.6891197 2.5812343 2.7340793 2.7090848 2.4799418 2.9725546 2.9952688 3.0369267 2.9818671 3.1043217 2.9668306 2.7647455 2.7468379 2.8428688 2.7337824 2.8150258 2.6437880 2.8953879 2.7632613 2.8409985 2.9145125 3.1118378 2.9077024 2.4866265 2.8613217 2.4442339 2.2385739 2.2782012 2.6231590 2.6036208 2.9429143 2.8534873 2.3840456 2.9792031 2.9029904 2.6788351 2.6072758 2.6028023 2.4233577 2.7669065 2.6420465 2.5749932 2.3371339 2.5504513 2.8188864 2.8539408 2.6115260 2.5277984 2.4556314 2.9239276 3.0476160 2.4305732 2.5080667 2.2281893 2.2281893 2.7722127 2.4929738 2.9620078 2.8570289 2.4156086 
ApusomonadidaThecamonastrahensUP000054408_5478374__DGLA_HUMAN_Sn1-specific_diacylglycerol_lipase_alpha_OS_               2.3368132 2.1787352 2.2253631 0.0000000 1.9174258 1.2155308 1.8425471 1.8402736 2.5576915 1.9557991 2.0837160 2.1613558 2.4065802 2.2688913 2.2283310 2.2615838 2.2564692 2.9614562 2.0970086 2.3763847 2.5092576 2.1976702 2.1866881 2.0925898 1.8979463 2.5056202 2.2013487 2.1735223 2.2612033 2.3301744 2.3000325 3.2524630 2.4115358 2.4115358 2.0004956 2.2915975 2.3580046 2.3858849 1.9784739 2.2908630 2.3862299 2.3694881 2.3571121 2.4002184 2.2810888 2.2916914 2.0175816 1.8820265 1.9442353 2.6495718 2.6155081 2.7508281 2.5019920 1.8283627 2.2695624 2.5137232 2.5849687 2.4896681 2.3534000 2.4814413 1.8933576 2.3051859 2.3969106 2.2154925 2.1321625 2.0997145 2.1855818 1.9843848 2.3282040 1.8709434 2.0391579 2.1440995 2.1744750 2.1944239 2.0299984 2.2634129 2.0935561 2.2147964 2.0889567 1.9128822 2.2377031 2.5294893 2.0937993 1.9611375 1.9823010 2.0581742 2.6597859 2.3269466 2.2718167 1.9855766 2.2508152 1.8942496 1.9789347 1.9528627 2.3226551 2.1067541 1.9952955 2.3172312 2.0070447 2.1057036 2.1526605 2.3931292 2.2741903 2.3275963 2.1151676 2.5696928 2.0876547 2.3868860 2.2159742 2.3067110 2.8276535 1.7563075 2.0197789 2.2266839 2.1931526 2.0139594 1.9578845 2.5785357 2.4018684 2.3719622 2.1407398 2.2946594 2.2828586 2.1591364 2.1294721 2.1065837 1.9834128 2.0956183 2.2561254 2.6406555 1.8888402 2.2392447 2.5523553 2.3457540 2.4588160 2.1557470 2.2193274 2.1034565 1.9009497 2.7446501 2.7103008 2.2909984 2.2474299 2.4263242 2.3026945 2.0156522 2.0444093 2.1199981 2.2287179 2.1816201 2.3285244 2.0573891 2.2346883 2.2790118 2.0147288 2.2371560 2.0909270 2.1069141 2.2422714 2.2079777 2.0834218 2.5218733 2.1550224 2.3039982 2.6849079 2.0130691 2.0130691 2.2894381 2.2499537 2.1195617 2.7556963 2.0505960 
ApusomonadidaThecamonastrahensUP000054408_5478908__DGLA_RAT_Sn1-specific_diacylglycerol_lipase_alpha_OS_                 2.4748653 2.2776572 2.6079081 1.9174258 0.0000000 2.4861954 2.9402714 2.3490956 3.2861717 2.7369450 2.5671541 3.1671943 3.3483387 2.9234060 2.8867464 3.0213496 3.0499577 3.0670749 3.0822841 2.6480937 2.6363650 2.7933656 2.4488175 2.2690641 2.1087736 2.6272893 2.3110241 2.6716918 2.7880280 2.8101671 2.5873788 2.8505798 2.4383686 2.3895991 2.4922826 2.4567759 2.1170415 2.4258569 2.8000908 3.0290895 2.8285841 2.5120883 2.8012893 3.2942019 3.0828513 2.4889133 2.2528615 2.0510216 1.7972983 3.3598528 2.5230842 2.4604871 2.8304805 2.3993971 2.6558093 3.3694834 2.6775793 2.0270825 2.1750372 2.9617429 2.1022930 2.5956740 2.6501708 1.7842641 2.2859826 2.0936508 2.2270448 2.2925918 2.5663574 1.7809061 2.4290016 2.3211433 1.9096777 2.1017767 2.2635114 2.1964974 2.3630183 2.3347103 2.2036573 2.0340598 2.5278377 2.2682594 1.6236830 2.0527841 2.2656642 2.2194018 2.7756064 2.4939065 2.4404678 2.1561620 2.4242186 1.6025856 1.7233760 1.8028951 2.1062976 2.2755553 2.2691157 2.3529569 2.3564162 2.3267675 2.3734367 2.2878541 2.5065059 2.1918963 2.3721595 3.1102014 2.3865663 2.3036385 2.4264005 2.1583881 2.4920713 1.9891651 2.3055641 2.0909461 2.1762598 2.3087884 2.3547917 2.7521552 2.5657779 2.5020644 2.3084775 2.4591296 2.5629023 2.4524188 2.4491514 2.1675773 1.8519665 2.1301873 2.8083774 2.5932755 2.4315395 2.1805869 2.5092522 2.6315561 2.6222974 1.9270439 2.3836880 1.7673377 1.8949055 2.5282629 2.8979206 2.4252756 2.5490053 2.1764618 2.0623513 2.3489227 2.2524025 2.2832389 2.2565919 2.2390439 2.3632816 2.2295207 2.4275102 2.4738259 2.3937638 2.2118676 2.1899059 2.1999595 2.1767543 2.8046801 3.0401839 2.5901640 2.3962329 2.5198119 2.7318584 2.7227621 2.7227621 2.7081426 2.1683265 2.9675407 3.0736622 2.5826955 
ApusomonadidaThecamonastrahensUP000054408_5481376__DGLA_MOUSE_Sn1-specific_diacylglycerol_lipase_alpha_OS_               2.4883111 2.6981986 2.0708609 1.2155308 2.4861954 0.0000000 1.9015420 1.9294957 2.9097754 2.1135981 2.4580420 2.3309677 2.5151364 2.6314667 2.5891554 2.3973936 2.4830596 3.0191209 2.2472494 2.4854933 2.3938950 2.8433259 2.6265689 2.5730608 2.4870815 2.7865523 2.6230001 2.4473557 2.4403065 2.4683924 2.6945668 3.2596785 2.5050834 2.3858616 2.5340676 2.5382988 2.2504183 2.5042380 2.2886257 2.5755434 2.6214751 2.6842134 2.4834562 2.2340744 2.2602068 2.6918409 2.4098339 2.3162827 2.0035102 2.4961003 3.0411326 2.5274326 2.6271666 2.1396377 2.4289851 2.5561712 2.6276485 2.7630340 2.3543753 2.6116143 2.1449375 2.5937056 2.3048134 2.2891789 2.3139095 2.3225085 2.3097579 2.1823025 2.4831928 2.4584986 2.4311642 2.2621045 2.2412819 2.2149086 2.1934626 2.3630263 2.4428257 2.3309982 2.3101144 2.2398761 2.9880270 2.8632643 2.1542592 2.1982747 2.1551239 2.3274307 2.5015386 2.5956229 2.7017217 2.1126131 2.5730000 2.0872151 2.2150981 2.4827842 2.5199001 2.3874641 2.0897230 2.0686677 2.2615279 2.4287176 2.5576332 2.7606039 2.4725089 2.6120318 2.6928886 2.4707904 2.2955682 2.2527663 2.3429847 2.1851962 3.0015583 2.1785972 2.4037154 2.4893932 2.2840397 2.3296084 1.9693270 3.0315380 2.8440302 2.8163943 2.3165230 2.7599323 2.5686181 2.5926845 2.5970609 2.3686602 2.0384484 2.4082218 2.2902133 2.7570940 2.3046201 2.7450694 2.7790694 2.8662849 2.9958477 2.4513105 2.7743165 2.4561158 2.0689692 2.5087309 2.8563189 2.2675436 2.5011314 2.6179249 2.3950184 2.3170866 2.4014184 2.5348929 2.4558771 2.4146388 2.4939125 2.2529908 2.3282592 2.4186839 2.2611088 2.5541998 2.3090441 2.3087443 2.5596448 2.4251917 2.3680865 2.6878474 2.6475308 2.4084236 2.4910694 2.5091852 2.5091852 3.0113489 2.8742379 2.4233712 2.7525006 2.3807550 
ApusomonadidaThecamonastrahensUP000054408_5485271__DGLA_MOUSE_Sn1-specific_diacylglycerol_lipase_alpha_OS_               3.1039596 2.8759071 2.2667951 1.8425471 2.9402714 1.9015420 0.0000000 2.2776600 3.2112390 2.1681235 2.4070469 3.1765271 2.6213183 2.7888348 2.7485310 2.6164290 2.8332541 2.7967478 2.8110551 2.5458736 2.6295072 3.1564300 3.1179796 2.9748664 2.7235301 2.9093672 2.6305180 3.1295083 2.5431066 2.5297060 2.9212768 3.5242413 2.3450499 2.3112861 2.9689624 2.8592866 1.9645146 2.3256557 2.7796436 3.1039628 2.6565427 2.8386476 3.0169048 2.8436890 2.7139032 3.2805441 2.7574539 2.7388968 2.3538900 2.3464556 2.3698024 2.4668719 3.3579745 3.0346124 2.7476180 2.9514144 2.6797139 2.7347498 2.3656945 3.0582325 2.7347701 2.9779436 2.7214294 2.5960463 2.6159698 2.4959682 2.4712347 2.0047822 2.7301755 2.7205976 2.8551097 2.4893250 2.6483863 2.7461557 2.5549098 2.3397838 2.6019826 2.3465124 2.5877175 2.3583017 3.5284159 3.0934777 2.4061589 2.7989431 2.9176134 3.0263974 2.6025755 3.0933536 2.9648044 2.6858522 3.3092415 2.7786496 2.4944443 3.0480634 3.3203722 2.8197227 2.7159257 2.9698304 2.8514217 2.8661255 3.0736672 3.1862744 3.0885836 3.0207825 3.0990971 2.7022083 2.8606082 2.6503073 2.7239276 2.9248069 3.6109661 2.7984120 2.8560404 2.7179256 2.6308932 2.4825555 2.4085865 3.4674235 3.1224012 2.7908286 2.7007814 2.9112069 2.8993745 2.7622500 2.7545989 2.5444321 2.5225412 2.5458975 2.5124975 2.8602359 2.6039814 2.8948726 2.7563485 2.9113442 2.7736579 2.5077053 2.7413899 2.4228065 2.3197038 3.2172025 3.2379340 2.6597757 2.5009332 2.7776153 2.6810122 2.4757623 2.3894556 2.8229354 2.5168595 2.5129606 2.7766740 2.4517128 2.6698566 2.7685260 2.6300590 2.6866394 2.5362850 2.5353425 2.6364379 2.7174473 2.4523656 3.3966450 2.8880776 2.8293408 2.6442921 2.3820373 2.3820373 2.8351398 3.2804821 2.9965278 3.2488752 2.5051616 
BreviataEP00033Pygsuiabiforma_5531427__DGLA_HUMAN_Sn1-specific_diacylglycerol_lipase_alpha_OS_                           2.2453652 1.9917540 2.2333424 1.8402736 2.3490956 1.9294957 2.2776600 0.0000000 3.2903109 2.0437350 2.0513892 2.4522167 2.3916914 2.3669181 2.3252560 2.5997361 2.1900150 2.5702370 2.2237127 2.3831475 2.4411444 3.0937094 2.4585523 2.4376894 1.9680939 2.5524249 2.4497590 2.5027177 2.1763672 2.1717264 2.1209598 2.6612388 2.3831655 2.3653419 2.4445532 2.1252668 2.1094660 2.3530638 2.1879537 2.4896857 2.2081043 2.4690118 2.1535198 2.1220471 2.1268538 2.1300459 2.1182188 1.7501684 2.0193658 2.4026387 2.3595378 2.4240024 2.4154646 2.1774799 1.9914884 2.7396355 2.0144426 2.3155364 2.2593884 2.4582818 2.0043702 3.1544682 2.4134422 1.6530997 2.3289346 2.2693858 2.0679147 1.8772875 2.4627608 1.8606914 2.2652116 2.2229803 2.2000635 2.2383592 2.1104561 2.2893198 2.1061046 2.3451393 2.1128766 2.0523012 1.9572926 2.6300975 1.8885759 2.3739253 2.0253611 2.1955092 2.1590648 2.6050464 2.6197934 2.2102151 2.2453093 2.0347876 1.7018247 2.3790879 1.9950698 2.2919691 2.1759838 2.7772389 2.5013331 2.4225742 2.1687071 2.6150644 1.9956742 2.5205483 2.4508925 2.2932874 2.2566372 2.3958372 1.8837489 2.8490058 3.4905042 2.0766952 2.1944384 2.2033732 2.2766865 2.1282937 2.4282054 2.7736402 2.5720475 2.3768945 2.4457231 2.1906365 2.3179905 2.2904517 2.3123744 2.1045181 2.0830058 2.1154418 2.2212361 2.2626321 2.4342315 2.3078811 2.5723898 2.5802953 2.3209098 1.9813828 2.5393093 1.9777864 2.1928279 2.4882561 2.8687898 2.2795627 2.3417072 2.4331804 2.0411401 2.1917160 2.1530910 2.2801595 2.3233864 2.3233864 2.2799664 2.3128114 2.1567572 2.5038503 2.3800414 2.2390004 2.4309915 2.4336733 2.3868504 2.4561813 2.1367317 2.9885158 2.2536580 2.1622234 2.0732441 2.4069022 2.4069022 2.8189019 2.3333860 2.6297757 2.7824187 2.2381524 
ChloroplastidaArabidopsisthalianaUP000006548_5864831__DGLB_MOUSE_Diacylglycerol_lipase-beta_OS_                          2.7304556 3.3447218 3.1021977 2.5576915 3.2861717 2.9097754 3.2112390 3.2903109 0.0000000 3.1228218 2.9410060 3.6592010 3.6154232 3.3792570 3.3325223 3.3305419 3.5084921 3.6317362 3.8883704 2.4440986 3.4423662 3.4239493 3.4926978 2.8996358 2.1855787 2.7615720 2.6173224 3.0097655 3.1362174 3.2872204 3.0336050 3.6076314 3.1728466 3.1929874 3.2494747 2.9378865 2.8653161 2.9059000 3.3909339 2.8301653 3.9336445 2.9042506 2.5078749 3.4663357 3.3878717 2.9695765 2.9301378 2.9597414 2.3856478 3.4484310 3.2947062 2.9289815 3.3992608 2.8320144 3.1153426 3.4687127 2.8722976 2.5547705 2.9596642 3.4666241 2.8072873 2.8745954 2.8019628 2.3582086 3.0804866 2.8031770 3.0549884 2.5917641 3.0838428 2.3724645 2.7995228 2.7694662 2.4825279 2.7639563 2.7177573 2.3324909 2.5745504 2.4443397 2.6952634 2.5647319 3.3109345 3.1464678 2.3419190 2.7705769 3.0765066 3.0674821 2.8908136 3.2052120 3.0220595 2.7384986 3.0296982 2.2187634 2.4081979 2.0545313 2.7524540 2.7275566 3.0978212 4.2412183 2.6607190 2.7693922 3.0699308 2.7549419 3.1251370 2.1474944 2.6003844 3.2794622 2.9834090 3.1501307 2.7726702 3.1655396 3.2966217 2.6323417 2.8092625 2.7780590 3.0576965 2.8389350 2.8521745 3.3174514 3.0983374 3.4779251 3.0186267 2.9130501 2.9837194 3.2875113 3.2784517 2.4381063 2.6610595 2.4783611 3.1127888 3.2862634 2.8044821 2.7594069 3.2805424 3.4232837 3.0380783 2.8622892 3.5886535 2.8159382 2.0615214 2.3068939 2.8509773 3.1856991 3.4799182 3.4063925 2.8479906 2.7748732 2.6931952 2.7171856 2.7186195 2.7025563 2.6935768 2.6506167 2.7327572 2.8157829 2.7974845 2.8431562 2.7835243 2.8051687 2.8860633 3.0707052 3.1450440 2.8910332 2.8062860 2.5176943 3.0121941 3.1204162 3.1204162 3.3919847 2.5315216 3.5109112 3.2105205 2.7679884 
ChloroplastidaArabidopsisthalianaUP000006548_5865168__DGLA_HUMAN_Sn1-specific_diacylglycerol_lipase_alpha_OS_            2.4850586 3.0540888 2.2787998 1.9557991 2.7369450 2.1135981 2.1681235 2.0437350 3.1228218 0.0000000 2.2181360 2.7629814 2.3951631 2.5453577 2.5079430 2.4457252 2.4542739 2.8606468 2.5267972 2.7629168 2.4532585 2.8243756 2.6752637 2.7225120 1.8857120 2.4846753 2.6235644 2.5171303 2.2621074 2.3606632 2.3271009 2.9430510 2.4695027 2.2839186 2.7429947 2.4197286 1.9136477 2.2448715 2.5878417 2.3579603 2.3289532 2.6554465 2.7291514 2.3494510 2.5435084 2.9646538 2.5019922 2.9303185 2.2652989 2.4942588 2.1306960 2.4281029 2.6880384 2.5147536 2.3992688 3.0864496 2.5566312 2.7128508 2.4473376 3.1481448 2.6445238 2.3679283 2.2197468 2.5348767 2.6589192 2.3060824 2.8609116 2.1060776 2.6089493 4.2237849 2.5889731 2.7291734 2.7535760 2.6939775 2.6556113 2.6004392 2.9176169 2.7284649 2.6748439 2.5367175 3.0706393 3.4282909 3.1170065 2.6858016 2.5635903 2.6532284 2.8217108 2.7040999 2.5476029 2.5631562 2.7840968 2.0274773 2.6205102 2.2597796 2.7723377 2.5951034 2.4379753 3.5112255 2.5763372 2.6547055 2.6860452 3.3016212 2.7508123 2.2279632 2.7592440 2.4868947 2.7783095 2.6777480 2.4712518 2.7787361 2.9436300 2.6617621 2.9292914 2.6364362 2.5082050 2.4732919 2.2875321 2.8759160 2.9636689 2.7850538 2.3756533 2.5339733 2.4943496 2.6198061 2.6093535 2.1219100 2.2034010 2.1702829 2.4898561 2.7014591 2.3060141 2.8359426 2.8926383 3.2615478 3.0304032 2.4827129 2.5648007 2.3770787 2.1184750 2.2694986 2.6636886 2.5899419 2.6289191 2.5457893 2.4500876 2.7391535 2.6623327 2.7049220 2.7095053 2.6654678 2.5205701 2.5510152 2.2879465 2.6576761 2.4837281 2.6366455 2.6225656 2.6328567 2.6360655 2.5809188 2.5935266 2.6585351 2.5704416 2.3193804 2.3564305 2.6064396 2.6064396 2.7966236 3.1661669 2.5303076 2.7443588 2.3592069 
ChloroplastidaArabidopsisthalianaUP000006548_5867662__DGLB_MOUSE_Diacylglycerol_lipase-beta_OS_                          2.3822796 3.0826589 2.3672963 2.0837160 2.5671541 2.4580420 2.4070469 2.0513892 2.9410060 2.2181360 0.0000000 3.1167743 2.9472426 2.8802672 2.8405803 2.7319600 2.9225123 2.9655340 2.6529444 2.2338605 2.4279420 3.1420867 2.7862977 2.6638864 1.7357633 2.7114033 2.3391125 3.1495647 2.6641363 2.5818347 2.6368995 2.8974089 2.5337477 2.4624328 2.8737204 2.5663317 2.6377731 2.8441548 2.7515455 2.5195233 2.8683585 2.5698467 2.6837463 2.8076175 2.7489601 3.2256713 2.5096343 3.2991542 2.0404790 2.6951820 2.5506904 2.6416550 2.8770073 2.7274540 2.2177746 2.8261650 3.1120041 2.0863291 2.5940473 3.1088665 2.4748849 2.5789478 2.4745712 2.0143299 2.6386211 2.7179558 2.7985222 2.2505594 2.6563671 2.4156029 2.9357037 2.8071802 2.3872204 2.6423428 2.8144240 2.5043993 2.6876882 2.6892900 2.6792348 2.6102022 3.2804482 2.8944989 2.1076603 2.8584578 2.7030847 2.5316663 2.4245340 2.9433201 2.7938030 2.6267923 2.8299285 1.8472040 2.2413212 2.3737580 2.4713218 2.9245612 2.8831485 3.3055899 2.9341012 2.9295117 2.6455973 3.3251277 2.6782935 2.2534975 2.4816970 2.8469592 2.7429823 2.8652720 2.6716563 3.0555008 3.6603698 2.1922771 2.4406018 2.6389334 2.8471171 2.6855400 2.5738128 2.9956512 2.8278471 2.9434169 2.9162385 2.6494423 2.6873203 2.7349534 2.7316096 2.1955296 2.0250880 2.2348272 3.0054061 3.0497159 2.6753915 2.6805229 2.7636326 3.3659825 3.1788298 2.2128498 2.7869835 2.2297860 1.9343385 2.2137785 2.7710741 2.8192652 2.7089503 2.8986237 2.6392913 2.9290222 2.8261334 2.5565754 2.8692951 2.8609054 2.6241230 2.7233197 2.6727106 2.5802720 2.4987999 2.7336996 2.9344436 2.9362288 2.8149529 2.6599421 2.3679235 3.2374888 2.9107255 2.4931711 2.4335143 2.4687163 2.4687163 2.9788431 2.7154861 2.8356439 2.7105057 2.4387027 
ChoanoflagellataEP00035Acanthoecaspectabilis_10722090__DGLA_MOUSE_Sn1-specific_diacylglycerol_lipase_alpha_OS_           2.8985813 2.3824092 2.8220799 2.1613558 3.1671943 2.3309677 3.1765271 2.4522167 3.6592010 2.7629814 3.1167743 0.0000000 2.9258081 2.6623731 2.6268143 2.8350882 0.5054155 3.5357532 1.1762584 2.7885212 3.1996929 3.3858648 3.3049424 3.0014841 1.8468101 2.4348833 2.5964470 3.3249430 2.4211583 2.4146144 3.6429578 2.4631329 2.6198913 2.6820334 3.1609009 2.5113380 2.0376656 2.3931752 3.1359345 2.3949420 2.9586315 3.0723567 3.8074553 2.4886130 2.2304267 3.3145108 2.2224752 2.9218161 2.4240678 3.1885518 2.8028530 2.3442332 3.1436230 3.2739302 2.1704143 2.6342701 2.8398681 3.0211047 2.7830791 3.4164466 2.7844442 2.4783482 3.0255662 2.2956652 3.0323924 2.8653809 3.0928422 2.2261964 3.1043564 2.6979396 3.4378086 3.0633461 2.6759531 3.1405599 3.0868302 2.5753739 2.6435088 2.9216517 2.8309891 2.8322720 3.5220372 3.1416710 2.5496820 2.9937378 2.9286121 2.9007341 2.7160912 3.1804219 3.1408548 3.0415904 3.0771915 1.8783274 2.4194300 2.0180437 2.2733677 3.1738574 3.1652761 2.9049877 3.0336023 3.2022323 3.0025043 3.5164209 3.0290960 1.7807239 3.0149960 2.8353865 3.1424620 3.0403835 2.4626568 3.7744724 3.9434007 2.4314981 2.8634497 2.9508109 3.0627933 3.1054459 3.2011242 3.4503826 3.0472256 3.4954097 3.2622574 3.1210727 3.0249274 3.3398935 3.3257414 2.0875145 2.0771161 2.1529393 3.0361259 3.2176622 3.2483322 3.1492121 3.1040313 3.0141030 3.2054420 2.2844671 3.4594599 2.2915512 2.2794070 2.0495286 2.9571402 3.1191663 3.1859080 3.5942752 2.6598094 3.5177348 3.1834634 2.8375449 2.7781891 2.7840451 3.2758229 2.7770447 3.1298468 3.3129935 3.1245485 3.1742519 2.9728655 2.9960211 3.1281724 2.5606187 3.2545328 3.5954844 3.0684963 2.5166856 2.9979546 2.8965868 2.8965868 3.3941772 3.0729120 3.2283448 3.8452379 2.7723528 
ChoanoflagellataEP00035Acanthoecaspectabilis_10723583__DGLB_HUMAN_Diacylglycerol_lipase-beta_OS_                         3.2187806 2.6770440 2.7358333 2.4065802 3.3483387 2.5151364 2.6213183 2.3916914 3.6154232 2.3951631 2.9472426 2.9258081 0.0000000 1.0035093 0.9910815 0.9677628 2.6448539 3.5296254 2.6114615 2.9461776 2.7988517 3.5673230 3.4545615 3.4373675 2.6555231 2.5292154 2.9419980 3.4029216 2.6114735 2.7819415 3.0140540 3.5933106 2.3689429 2.2730782 3.2356308 2.4881882 2.2592364 2.3083355 3.1244562 2.5235738 2.9834370 3.1992034 3.3782785 3.0836518 2.6537693 3.2258942 2.2579196 2.2731332 2.4388742 2.9451322 2.5128693 2.1095405 2.9806884 3.1780752 2.3853167 3.3292174 2.3182658 2.5423941 2.9431050 3.5318944 2.8589775 2.8930508 3.4985418 2.2631443 3.0243586 3.0478182 2.9660633 2.4301392 3.1334409 3.4342636 2.9934200 2.8658197 2.3495363 2.7653740 3.0176055 2.4157736 2.5656255 2.7302654 2.8769022 2.7454406 3.2686742 3.1992152 2.2111379 3.0814238 3.1154483 3.0703589 1.9306147 3.3132670 3.2623181 2.7339485 3.0264696 2.0817153 2.4378303 2.4130432 2.5300234 2.8595123 3.0487453 3.4571857 3.0815273 2.8683274 2.9417556 2.6980368 3.0414473 2.7682102 3.1274240 3.0181367 3.0676503 2.8034605 2.2682424 4.1580136 3.8737347 2.4938979 2.8375934 2.9158758 3.0691871 2.6548854 2.8212267 3.5172692 3.3636982 3.0525379 2.9416036 3.3803816 3.3044275 2.8288865 2.8260109 2.1351998 2.5454369 2.1516043 2.8656612 2.9384284 2.7742544 3.2270033 2.8871826 2.9633515 3.2317136 2.7043807 3.2507490 2.5641169 2.1106352 2.3962427 2.5616812 2.9131646 3.0643574 2.9734166 2.3255999 3.1914848 2.9904208 2.6701031 3.0198190 3.0272222 2.7706528 2.9194573 2.8690211 3.0509540 2.8754405 2.7665166 2.9806843 3.0156142 2.7778917 2.9897030 3.0021483 3.1882102 3.3752542 2.2204345 2.4539042 2.8884865 2.8884865 3.2312726 3.3455944 3.6668193 3.5879896 2.6238954 
ChoanoflagellataEP00035Acanthoecaspectabilis_10724185__DGLA_HUMAN_Sn1-specific_diacylglycerol_lipase_alpha_OS_           2.9915304 2.7257276 2.4872470 2.2688913 2.9234060 2.6314667 2.7888348 2.3669181 3.3792570 2.5453577 2.8802672 2.6623731 1.0035093 0.0000000 0.0026444 0.8044005 2.6550093 3.7683571 2.6788261 2.7303059 2.6536455 3.2450501 3.3170188 3.3920897 2.1694295 2.7027087 3.0493262 3.0068022 2.5137212 2.7021194 3.1868546 3.2810701 2.5472366 2.4532677 3.1644250 2.4719491 2.6185740 2.7159398 3.1446538 2.5394231 2.9777643 2.9987044 3.3179385 2.8222123 2.3514337 3.3631721 2.1315490 2.5731264 2.3942149 2.9806061 2.6493527 2.3906073 3.0136737 2.8018108 2.4487156 3.7881984 2.5959079 2.3903205 2.6613664 3.1421438 2.6589617 2.9220342 2.7286514 2.2354267 2.8183490 2.6628235 2.9724230 2.7619485 2.7133925 3.3473125 2.7380214 2.8930029 2.8383104 2.8592087 2.8717229 2.8734609 2.6661658 2.9981287 2.6846043 2.4149278 3.1847054 3.5349577 2.6624084 2.8525486 2.9340974 2.7750005 2.2730015 3.2116353 3.3207196 2.7017441 3.0313709 2.1146597 2.4812933 2.1953306 2.6846664 3.0288957 2.8174569 3.5708678 3.1337215 2.9786215 2.9313012 3.3707248 2.9906424 2.7780770 3.0139804 3.2409924 2.9475792 2.7226959 2.4391471 3.3579718 3.4631104 2.3700005 2.8246666 2.6860531 3.1070847 2.7627016 2.4637733 3.3106174 3.1491308 3.1761237 2.8694962 3.1544515 3.0207919 2.9993767 2.9888622 2.2569755 2.3257017 2.2691957 2.9186682 2.9670813 3.1208105 2.9660211 2.7112133 3.0002592 3.2157048 2.3383669 2.9288346 2.2837224 2.2971832 2.1373716 2.6996431 2.8394155 2.5724348 2.8606450 2.4354790 3.2875795 3.1428688 2.8844401 2.7922295 2.7882486 2.5685981 2.6812657 2.8095742 2.9610991 2.9128829 2.6715509 2.7850356 2.7830690 2.7746786 3.1857504 3.1098832 2.8432299 3.1406527 2.2170453 3.0957743 3.0918372 3.0918372 3.1841823 3.4545810 3.7009019 3.6428952 2.6930541 
ChoanoflagellataEP00035Acanthoecaspectabilis_10724186__DGLA_HUMAN_Sn1-specific_diacylglycerol_lipase_alpha_OS_           2.9523864 2.7410444 2.4487696 2.2283310 2.8867464 2.5891554 2.7485310 2.3252560 3.3325223 2.5079430 2.8405803 2.6268143 0.9910815 0.0026444 0.0000000 0.7941811 2.6192961 3.7074746 2.6428510 2.6858851 2.6170836 3.2306231 3.2758056 3.3477602 2.1694295 2.6655700 3.0493262 2.9335103 2.4809103 2.6611119 3.1427407 3.2275916 2.5088750 2.4121975 3.1255354 2.4383498 2.5683708 2.6761899 3.1055299 2.5055298 2.9379753 2.9628966 3.2766762 2.7861909 2.3209721 3.3216194 2.1315490 2.5731264 2.3494950 2.9396264 2.6087197 2.3561379 2.9418036 2.7688202 2.4373155 3.7319621 2.5526671 2.3903205 2.6251936 3.1038311 2.6272380 2.9220342 2.6836365 2.1908879 2.7841771 2.6291142 2.9371211 2.7619485 2.6791134 3.3473125 2.7040444 2.8584180 2.8020235 2.8262023 2.8370358 2.8297431 2.6212332 2.9570460 2.6538366 2.3865003 3.1847054 3.4613433 2.5270211 2.8002617 2.8903012 2.7370971 2.2425229 3.1724686 3.2777977 2.6606770 2.9950111 2.1146597 2.4349695 2.1953306 2.6846664 2.9927536 2.7768399 3.4832781 3.0948372 2.9429465 2.8966219 3.3068989 2.9543294 2.7780770 2.9729849 3.1954746 2.9133636 2.6902313 2.4391471 3.3359343 3.4492122 2.3237852 2.7880261 2.6541182 3.0693924 2.7192976 2.4295834 3.2689148 3.1071634 3.1365329 2.8352778 3.1121320 2.9817605 2.9633208 2.9529101 2.2569755 2.2827815 2.2691957 2.8841118 2.9269028 3.0826341 2.9309616 2.6803948 2.9644542 3.1772246 2.3383669 2.8935544 2.2837224 2.2971832 2.1373716 2.6939333 2.8015497 2.5387815 2.8275047 2.4354790 3.2461499 3.0990689 2.8467635 2.7594402 2.7555293 2.5378618 2.6494715 2.7756511 2.9252973 2.8738657 2.6397629 2.7522151 2.7502761 2.7413417 3.1426332 3.0664215 2.8087000 3.1013379 2.2083393 3.0468631 3.0469793 3.0469793 3.1699082 3.4031812 3.6496008 3.5936202 2.6494552 
ChoanoflagellataEP00037Helgoecanana_10788341__DGLB_HUMAN_Diacylglycerol_lipase-beta_OS_                                  2.9215068 2.5935662 2.5450443 2.2615838 3.0213496 2.3973936 2.6164290 2.5997361 3.3305419 2.4457252 2.7319600 2.8350882 0.9677628 0.8044005 0.7941811 0.0000000 2.7509375 2.8994386 2.7481707 2.5956987 2.7023783 3.4123632 3.4639438 3.3253675 2.9599447 2.7386833 3.0550526 2.9020262 2.4981871 2.6032781 3.0946292 3.2514105 2.4293273 2.3603248 3.2266407 2.2763922 2.3645887 2.3632820 3.0301498 2.3670020 2.8850068 2.8925761 3.1439502 2.7835065 2.5511655 3.0634145 2.2445121 2.5777273 2.2970874 2.6594518 2.6631959 2.2432711 2.7245491 2.7454882 2.5508914 3.0760893 2.4468839 2.7680333 2.4951211 3.2630746 2.4598561 2.9986280 2.7236616 2.1382948 2.8282941 2.4747767 2.7130756 2.4475160 3.1545798 2.7841655 2.7562624 2.5324772 2.4389361 2.5546206 2.6502752 2.4761001 2.6364646 2.5621516 2.6076933 2.4002074 2.8336403 2.8682648 2.0528330 2.5679045 2.7064394 2.6463554 2.2146731 2.9011801 3.1488329 2.3369735 2.6776374 2.0529689 2.4081206 2.0360941 2.4438256 2.6748148 2.6425870 3.1327656 2.8559291 2.6552171 2.7052016 2.7100024 2.6083816 2.8138625 2.7983864 2.8450788 2.8672613 2.3975278 2.3061602 2.9103588 3.1430726 2.2706239 2.9137334 2.4720663 2.7753552 2.5232121 2.4184051 3.1468280 2.9905825 3.1052845 2.7382398 2.9823496 2.8546193 2.9452091 2.9347389 2.2812550 2.3296439 2.3030668 2.9166005 2.6866341 2.8384755 2.8695497 2.7655385 2.8787297 2.8544360 2.4364746 2.8249484 2.3832145 2.3988939 2.4185881 2.7265647 2.7628256 2.7787619 2.9065393 2.5047827 3.0727523 2.9346149 2.6563728 2.5778677 2.5915778 2.5740960 2.5936024 2.7060497 2.9195615 2.7831577 2.4800419 2.6982132 2.6963629 2.5429767 3.0601338 3.2083545 2.8908678 2.9800250 2.2460431 2.6518071 2.9607906 2.9607906 3.3165048 2.9998354 3.4513146 3.1082074 2.3849041 
ChoanoflagellataEP00037Helgoecanana_10809553__DGLB_RAT_Diacylglycerol_lipase-beta_OS_                                    2.6933311 2.4728555 2.6001937 2.2564692 3.0499577 2.4830596 2.8332541 2.1900150 3.5084921 2.4542739 2.9225123 0.5054155 2.6448539 2.6550093 2.6192961 2.7509375 0.0000000 3.3774562 1.1743464 2.7761854 2.8860091 3.2056725 3.4936360 2.9036157 1.8317216 2.3330521 2.4095285 3.0899651 2.5924598 2.5655106 3.2813531 2.3912799 2.5135102 2.4910812 3.2740031 2.6383570 1.9185433 2.2662013 3.1598147 2.1789074 2.6734345 3.0306051 3.3973729 2.4055171 1.9706249 3.1534935 2.1688246 2.3771271 2.3494675 2.9947222 2.7527499 2.4046256 3.2136760 3.1748755 2.2230471 2.5437023 2.5762666 2.8567328 2.9525887 3.2190193 2.7358108 2.5167060 2.9769888 2.1458711 2.9655438 3.0259485 3.2334069 2.2819945 3.3897043 3.2148589 3.4236996 2.9554071 2.7994596 3.2200073 2.9170180 2.4838899 2.7360067 2.7875649 2.9429320 2.9654824 3.7151823 3.1113436 2.5824135 2.7709490 3.0178140 3.1602252 2.7146016 3.0728195 3.0335439 3.0205391 3.1568853 1.8789311 2.5765572 2.0834933 2.4318173 3.0052716 3.2408661 2.9910608 2.9396886 3.1375504 3.1378471 3.1794045 3.1903692 2.0228994 3.0243800 2.6855561 3.1859948 2.9527222 2.2125909 3.8279877 3.9436134 2.5394380 2.9245467 2.8098290 2.9620023 2.8663419 3.3214096 3.5490290 3.1722775 3.5336150 3.0708235 3.3066424 3.1669203 3.2818440 3.2874218 2.1130008 2.2117964 2.1581258 3.1014430 2.9732069 3.0014344 3.1220194 3.2079412 3.2666241 3.1452051 2.2867902 3.3144165 2.2552533 2.4717520 2.3686856 3.0005300 3.2262462 3.0217349 3.3997083 2.4051788 3.6572419 3.2210657 2.7228771 2.7822203 2.7941990 3.2979227 2.8807413 3.1311136 3.3533639 3.1928411 3.1306342 3.0973894 3.1258259 3.1603055 2.4279896 2.9457898 3.2452463 3.1407323 2.5000891 2.6874865 2.7054811 2.7054811 3.0932476 2.6999666 2.9642240 3.7829605 2.7110011 
ChoanoflagellataEP00039Didymoecacostata_10867383__DGLA_HUMAN_Sn1-specific_diacylglycerol_lipase_alpha_OS_                3.6616532 3.5772258 2.5381608 2.9614562 3.0670749 3.0191209 2.7967478 2.5702370 3.6317362 2.8606468 2.9655340 3.5357532 3.5296254 3.7683571 3.7074746 2.8994386 3.3774562 0.0000000 3.6098521 2.8641535 2.5533828 3.4465577 3.4392415 3.2637919 2.6822006 2.7835727 3.8760704 3.1542963 3.2446853 3.1413753 3.2538803 3.6217007 3.1079282 2.9709353 3.6618184 2.9366959 2.6865234 2.8764174 4.1049069 3.4063274 3.4831577 3.3798786 3.3084878 3.1283748 2.7760022 3.5124133 2.9779592 3.3064140 2.9241189 3.3760307 2.6795533 3.0623884 2.7536983 3.4059472 3.0972829 3.1537854 2.8424253 3.0049078 3.1634602 3.3649949 3.4969244 3.7028652 3.5546164 2.7170839 3.3308868 3.1548147 2.8938701 3.2276749 3.3958533 2.7519781 3.4114806 2.7613935 2.8966636 3.2947322 3.1193746 3.0192907 3.6724525 3.0569624 3.2547368 2.9844778 3.9731509 3.7897039 2.2832066 2.7724082 3.1171125 3.1360094 3.1781802 3.6299104 3.3705744 2.7319607 3.2887192 2.1499660 2.6411268 2.2487002 3.1277017 3.2292626 2.9794002 3.7564012 3.2591756 3.1715489 3.3022433 3.2389673 3.1642908 2.9562227 3.0538175 3.1318877 3.2676290 3.4948544 3.2861422 3.4122549 3.6609464 2.3009712 3.1472428 3.2650018 3.2012476 2.9412224 2.9211801 3.4692174 3.3770113 3.1652105 3.2089630 3.2281436 3.4600690 3.0465807 3.0762844 3.0348940 2.4842403 3.0060152 3.2988063 3.3743836 3.0036135 3.3384579 3.7220737 3.4977630 3.5524881 3.2797806 3.4245303 3.1564167 2.7596020 2.8857336 3.2074381 3.2056533 3.2392581 3.2730724 3.0830856 3.0965546 3.1783120 3.3254162 3.2676869 3.2459728 3.1861526 3.4141671 3.0955588 2.9771642 2.7901844 3.1074172 3.3970470 3.4005676 3.1368482 3.4051870 2.9548260 3.8548243 3.8884686 2.8712681 2.9449761 2.5729139 2.5729139 3.5544753 3.3542802 2.6272123 3.3539965 2.9094323 
ChoanoflagellataEP00040Diaphanoecagrandis_10890730__DGLA_HUMAN_Sn1-specific_diacylglycerol_lipase_alpha_OS_              2.7239767 2.1017691 2.8508138 2.0970086 3.0822841 2.2472494 2.8110551 2.2237127 3.8883704 2.5267972 2.6529444 1.1762584 2.6114615 2.6788261 2.6428510 2.7481707 1.1743464 3.6098521 0.0000000 2.8844280 2.8560161 3.2463796 3.3561921 2.8175036 1.4672351 2.2360858 2.1684505 3.4217549 2.4205490 2.4341011 3.2497862 2.6433902 2.8480666 2.8150686 3.0962222 2.1247448 2.0663583 2.3689967 2.8452958 2.3007507 2.7221226 2.9531996 3.2720614 2.3788961 2.1842423 3.2912317 2.0881282 2.7461309 2.7112352 2.8271102 2.6909424 2.0946357 2.9151039 2.9819830 2.0976840 2.3561910 2.2029330 2.4512767 2.8161985 3.0802999 2.9035421 2.3750910 2.8960920 1.8682696 3.0394603 3.1030772 2.9239973 2.0901137 3.0952580 2.6378969 3.2449284 2.7101300 2.3609785 2.9651549 2.6761248 2.4144158 2.4189124 2.7826613 2.6586451 2.6670289 3.3064212 3.1190209 2.0347577 2.5879119 3.0128996 2.8625791 2.1278300 2.9586653 2.9487412 2.8563608 2.9425418 1.6505084 1.9503239 1.6533609 2.0908265 2.9863656 3.0977398 2.8665258 3.0317487 2.9294190 2.7755161 3.1834298 2.9361941 2.2371455 2.7871157 2.6266518 2.6280286 2.7014207 2.3760784 3.6839219 3.7441118 2.1579640 2.3993222 2.8293783 2.9902877 2.5665082 2.8139607 3.2712875 3.0210618 3.3714485 2.9583210 3.2307819 3.1645688 3.0712206 3.0533661 1.7899936 1.8383186 1.7821834 3.2683760 2.7854163 3.2086940 3.1219127 2.9515256 3.1232324 3.3232499 2.0662217 3.3043740 2.0244723 2.1091442 1.8763275 2.7914128 2.7939372 2.7630783 3.2024262 2.0788209 3.3211732 3.0344603 2.4700288 2.7372714 2.7290888 2.9672660 2.7550698 2.9951796 3.3426069 3.1418371 2.9145987 2.7856339 2.7926780 3.1245804 2.4971193 2.9505776 3.4183300 3.1090354 2.3945966 2.7388461 2.7736969 2.7736969 3.3259542 2.8864841 2.9176570 3.4215793 2.8966070 
ChoanoflagellataEP00040Diaphanoecagrandis_10901399__DGLA_HUMAN_Sn1-specific_diacylglycerol_lipase_alpha_OS_              2.4285988 3.1346716 2.6848743 2.3763847 2.6480937 2.4854933 2.5458736 2.3831475 2.4440986 2.7629168 2.2338605 2.7885212 2.9461776 2.7303059 2.6858851 2.5956987 2.7761854 2.8641535 2.8844280 0.0000000 2.7176893 2.9095752 3.2460867 2.9721732 2.5784180 2.7817232 2.9269334 2.1747816 2.4551509 2.3972823 3.0025639 3.2385617 2.6729736 2.6115202 2.9344845 2.4881071 2.3365182 2.4732663 2.9822233 3.1319900 3.0692352 2.4279425 2.8553227 3.1671789 2.7961315 2.6154883 2.2036883 3.0097912 2.4313827 2.6112463 2.8951845 2.7567976 2.3320577 2.5611167 2.8395330 3.2555179 2.9521823 2.3853832 2.5541174 2.9239559 2.3845178 2.8775165 2.3616996 2.1603426 2.3381793 2.4832237 2.4469446 2.4576911 2.3648968 2.4209720 2.6723821 2.5821659 2.6455747 2.7312118 2.3972461 2.6316103 2.6756447 2.6263544 2.4170433 2.2732614 2.7177617 3.0858622 2.0713952 2.4076126 2.7767277 2.5034106 2.4316229 2.8631859 2.7752670 2.3981885 2.8126248 2.1337445 2.2111991 2.4701409 2.6957215 2.5753997 2.7772520 3.3381663 2.7117545 2.5763616 2.7853641 2.7908630 2.7284593 2.4843695 2.5186159 2.6918487 2.4298932 2.7582099 2.6291627 2.6458168 3.2316735 2.2468616 2.4627079 2.5151107 2.6109219 2.5444549 2.4845305 3.0481233 2.9219734 2.6919799 2.0559430 2.5169610 2.6426108 2.6527990 2.6259345 1.8283562 2.0638849 1.8520120 2.7328697 2.7612588 2.5807218 2.5928250 2.6190432 2.4478929 2.3999031 2.6331571 2.8378820 2.6207593 2.3604048 2.1995920 2.3602466 2.6772103 2.3684791 2.6094227 2.5068402 2.7335937 2.6938401 2.7629177 2.5779800 2.5572041 2.5822882 2.5273189 2.7224989 2.2771816 2.1494990 2.4579894 2.6365299 2.6758819 2.5198460 2.6421617 2.4336506 3.0085041 2.7270669 2.4069616 2.7292647 2.4722372 2.4722372 2.6484603 2.6864391 2.4765291 2.8717557 2.2284708 
ChoanoflagellataEP00040Diaphanoecagrandis_10907545__DGLA_HUMAN_Sn1-specific_diacylglycerol_lipase_alpha_OS_              2.4591379 2.5521751 2.4488907 2.5092576 2.6363650 2.3938950 2.6295072 2.4411444 3.4423662 2.4532585 2.4279420 3.1996929 2.7988517 2.6536455 2.6170836 2.7023783 2.8860091 2.5533828 2.8560161 2.7176893 0.0000000 2.7859550 2.4772580 2.3482588 1.9464205 2.5922268 2.7128114 3.2788355 2.8194869 2.9798599 2.8347761 3.2556116 2.1704111 2.1037221 2.6226162 2.3095737 1.8493625 2.0482329 2.7739029 2.7376762 2.8318443 2.7051414 2.5535949 2.4551638 2.4233685 2.8879899 2.1452027 2.7241908 2.3122801 2.7332972 2.3148496 2.2824623 2.3494420 2.5612270 2.3209548 2.4683774 2.1702573 2.1631555 2.4379562 2.8243625 2.4735335 2.4015574 2.5571576 1.8041218 2.5839556 2.3403875 2.3540086 2.2515402 2.5489942 2.2353488 3.1135316 2.2980656 2.3996169 2.4339912 2.4136827 2.2618035 2.3899428 2.4459181 2.2963057 2.4059828 3.1747060 3.0144573 2.1141468 2.7740150 2.6722310 2.4298967 2.3260036 2.6670844 2.7581116 2.5639399 2.6250926 1.8109832 2.0697962 2.3090175 2.3146224 2.6902087 2.6153934 3.3182182 2.5292716 2.6245165 2.5200742 2.8729173 2.5613413 2.7763332 2.5822341 2.8115255 2.5334325 2.4929907 2.1581748 3.0615040 3.3628455 2.0414218 2.2583701 2.3837057 2.2925749 2.4393837 2.4113614 2.6370935 2.7772027 2.8517079 2.1277018 2.7482518 2.6606652 2.4726336 2.4888689 1.8983704 1.9127721 1.8939314 2.6466520 2.5314463 2.5204889 2.5430140 2.7172384 2.8096967 2.9295611 2.2054095 2.6087126 2.1687734 1.9263953 2.0930567 2.4000618 2.8116497 2.6277095 2.6481232 2.2984949 2.5056757 2.3483789 2.5298771 2.1941069 2.1912067 2.5518430 2.4362496 2.4750887 2.7090855 2.6083731 2.4153104 2.2995976 2.3013372 2.4811439 2.9469868 2.5393133 2.7296714 2.6230398 2.7503033 2.7334491 2.5772277 2.5772277 3.1808440 2.5981534 2.6898796 2.9617687 2.1370872 
