50
FungiSaccharomycescerevisiaeUP000002311_13445882__GBB_YEAST_Guanine_nucleotide-binding_protein_subunit_beta_OS_                   0.0000000 1.9067927 1.9203783 2.0645161 2.0281090 2.2203856 1.9046246 1.9352558 2.9625883 1.6663989 1.9754739 1.9704733 2.7104731 2.3311215 2.2809199 1.8405495 2.1497098 2.9922923 2.7641493 2.0473507 2.6725484 1.9998641 2.0892878 2.0119166 1.9928381 1.9186368 1.8648292 1.9096869 2.0683284 1.9242326 2.2018051 2.3180504 2.2030908 2.3831556 2.4245099 2.4861206 2.3882550 3.4266316 2.7582702 2.9005408 3.1352771 1.7647628 3.0932627 2.1230889 1.9261156 1.8838858 1.9360550 2.3347940 2.0371165 2.0532030 
MetazoaAnnelidaEP00103Capitellateleta_53806__GNB5A_DANRE_Guanine_nucleotide-binding_protein_subunit_beta-5a_OS_                   1.9067927 0.0000000 0.2170606 0.4143688 0.5298811 0.6819678 0.4164874 0.3156505 1.0828439 0.4378919 0.7296434 0.7280619 0.7042136 0.5903717 0.5279207 0.7701275 0.6464067 0.9754625 1.6488558 0.6172168 1.8590215 0.6323817 0.6581179 0.6192889 0.5945040 0.4836724 0.4940761 0.3869392 0.2872846 0.2880418 0.6639910 0.6782752 0.6858543 1.2389124 1.1494172 1.8919500 1.1501140 1.7319390 1.7572438 2.2714503 1.9930839 1.4276499 1.9833093 0.7077801 0.8395832 0.4561270 0.5573888 0.8547012 0.5197481 0.5251050 
MetazoaAnnelidaHelobdellarobusta_86738__GNB5_RAT_Guanine_nucleotide-binding_protein_subunit_beta-5_OS_                            1.9203783 0.2170606 0.0000000 0.4223746 0.5210480 0.7550329 0.3771765 0.3052381 1.0254080 0.3901685 0.7744242 0.7648326 0.7394889 0.6487388 0.5939017 0.7560352 0.6798720 1.1624383 1.7711840 0.6396450 1.8605928 0.6180300 0.7322112 0.6698980 0.6019813 0.4591406 0.4506273 0.3568330 0.2981727 0.2933018 0.6972331 0.7044995 0.7365181 1.2211700 1.1905610 1.9592557 1.2443985 2.0117203 1.7873867 2.2598778 1.9440258 1.3467232 1.8633034 0.6739828 0.8623054 0.4781458 0.5515478 0.7554103 0.5251805 0.5171193 
MetazoaArthropodaDaphniapulex_192150__GNB5_HUMAN_Guanine_nucleotide-binding_protein_subunit_beta-5_OS_                            2.0645161 0.4143688 0.4223746 0.0000000 0.3684555 0.5196572 0.2796566 0.4156984 1.1037629 0.4829886 0.7257638 0.7164849 0.7491113 0.6774291 0.5627099 0.6554275 0.5829928 1.1913385 1.7461706 0.5603727 1.8309500 0.5670754 0.6125161 0.5765634 0.5788579 0.4947529 0.4449157 0.3942114 0.4130882 0.3568019 0.5524629 0.5716731 0.6431569 1.2915752 1.2326870 1.7835865 1.3144657 2.0754163 1.7787085 2.2764963 1.9266995 1.3440217 1.8543617 0.6088526 0.7761981 0.4940834 0.5072925 0.8215787 0.4971859 0.5024570 
MetazoaArthropodaDrosophilamelanogaster_253541__GNB5_MOUSE_Guanine_nucleotide-binding_protein_subunit_beta-5_OS_                  2.0281090 0.5298811 0.5210480 0.3684555 0.0000000 0.6451797 0.3345479 0.5135869 1.2456199 0.6336227 0.8277650 0.8177475 0.8084014 0.6919636 0.5871031 0.8672444 0.6689573 1.3889320 1.8047232 0.6365419 1.9576170 0.6486329 0.7714304 0.6433070 0.6496688 0.5717967 0.5109144 0.4801528 0.4883359 0.4503898 0.7068727 0.7328687 0.7421918 1.2496838 1.2582367 1.8242915 1.3715141 2.0619603 1.8256837 2.3500089 1.9920338 1.6102950 1.9903564 0.7004336 0.9205283 0.5755529 0.6199132 0.9306597 0.5610011 0.5573002 
MetazoaArthropodaEP00090Calanusglacialis_717478__GNB5A_DANRE_Guanine_nucleotide-binding_protein_subunit_beta-5a_OS_               2.2203856 0.6819678 0.7550329 0.5196572 0.6451797 0.0000000 0.5722010 0.6559769 1.1587096 0.6356190 1.0549409 1.0526779 1.0598670 0.9634723 0.7998020 0.8840866 0.8617683 1.4931670 2.0565580 0.8324315 2.0407924 0.8295105 0.8585744 0.8341280 0.8024716 0.7986926 0.7389391 0.7332405 0.6625486 0.6254174 0.8651923 0.8620673 0.8957290 1.3285515 1.3135635 1.8810323 1.5417622 2.3187406 1.9622038 2.4290382 2.1349118 1.7916795 1.9479479 0.8250125 1.0003160 0.7351005 0.7952635 1.1779591 0.8287564 0.8388575 
MetazoaArthropodaStrigamiamaritima_1171997__GNB5_PONAB_Guanine_nucleotide-binding_protein_subunit_beta-5_OS_                      1.9046246 0.4164874 0.3771765 0.2796566 0.3345479 0.5722010 0.0000000 0.3343763 1.2214898 0.5186448 0.7603636 0.7608159 0.6743205 0.5726252 0.5348222 0.7405651 0.5657131 1.0976198 1.7327156 0.5349012 1.9055874 0.5556738 0.6440435 0.5510473 0.5373430 0.4419310 0.4029072 0.3252712 0.3578679 0.3461644 0.5422443 0.5627261 0.6093392 1.2399204 1.2669470 1.8578523 1.4010759 2.1213665 1.7715657 2.2602924 2.1675590 1.3643661 2.0130624 0.6368904 0.7918461 0.4585609 0.4957447 0.7910527 0.4672645 0.4723864 
MetazoaBrachiopodaLingulaunguis_1286281__GNB5A_DANRE_Guanine_nucleotide-binding_protein_subunit_beta-5a_OS_                       1.9352558 0.3156505 0.3052381 0.4156984 0.5135869 0.6559769 0.3343763 0.0000000 1.1773783 0.4852131 0.7802367 0.7785639 0.6938509 0.6003465 0.4723452 0.7404279 0.5987992 1.0429721 1.7488689 0.5578566 1.8870608 0.5797894 0.6311235 0.5898188 0.5819454 0.4407168 0.4445616 0.3401020 0.2776752 0.2439032 0.5833419 0.5989224 0.6329629 1.3010057 1.2095404 1.8520939 1.2952481 2.1994396 1.8034575 2.2565435 2.0373342 1.3111101 1.8790050 0.6562347 0.7839145 0.4667416 0.5481507 0.8630109 0.5167228 0.5220793 
MetazoaBryozoaBugulaneritina_2728350__GNB5B_DANRE_Guanine_nucleotide-binding_protein_subunit_beta-5b_OS_                          2.9625883 1.0828439 1.0254080 1.1037629 1.2456199 1.1587096 1.2214898 1.1773783 0.0000000 9.0000000 1.1556092 1.1556092 1.1824789 1.2548569 0.9895425 9.0000000 1.3858421 1.4261289 4.0792845 1.1953193 3.3462701 1.1573976 1.2458280 1.2787091 1.1892057 1.3709206 1.2260797 1.3413793 1.1792656 1.1782516 1.2805116 1.2500419 1.4149928 1.9626228 2.1370275 2.6398603 1.7571574 1.7571574 2.7915587 2.0135170 3.8356885 9.0000000 4.3363422 1.3604311 1.3615887 1.0992605 1.1000310 2.4886914 1.0836537 1.0836537 
MetazoaBryozoaBugulaneritina_2738639__GNB5_PONAB_Guanine_nucleotide-binding_protein_subunit_beta-5_OS_                            1.6663989 0.4378919 0.3901685 0.4829886 0.6336227 0.6356190 0.5186448 0.4852131 9.0000000 0.0000000 0.8548039 0.8315317 2.5180714 9.0000000 0.0000010 0.8745506 0.7802921 9.0000000 1.3320836 0.7472374 1.4928058 0.7188493 0.9257448 0.7403009 0.7088611 0.5279011 0.4963592 0.4792457 0.4663907 0.4090595 0.7230500 0.7516168 0.7798637 1.0857361 1.0524654 1.4620811 1.1405596 3.6805391 1.5564115 2.1980924 1.6419369 1.3960580 1.4454747 0.6383261 0.7722830 0.5119085 0.6018098 0.5702176 0.4747012 0.4862828 
MetazoaCephalochordataBranchiostomabelcheri_2815558__GNB5A_DANRE_Guanine_nucleotide-binding_protein_subunit_beta-5a_OS_           1.9754739 0.7296434 0.7744242 0.7257638 0.8277650 1.0549409 0.7603636 0.7802367 1.1556092 0.8548039 0.0000000 0.0028254 1.0172987 0.8024405 0.6182236 0.9236889 0.7671207 1.5025292 1.9020768 0.7985754 1.9933220 0.8140434 0.7680320 0.7709128 0.7767605 0.7317377 0.7664158 0.6543508 0.7686171 0.7436655 0.9510617 0.9335076 0.9900169 1.2375872 1.3255462 1.9516307 1.3231677 2.1124653 1.9097628 2.2652954 2.3250443 1.4324620 2.2695093 0.8545682 1.0165587 0.7623205 0.7951994 1.1038041 0.8244415 0.8333477 
MetazoaCephalochordataBranchiostomabelcheri_2815559__GNB5A_DANRE_Guanine_nucleotide-binding_protein_subunit_beta-5a_OS_           1.9704733 0.7280619 0.7648326 0.7164849 0.8177475 1.0526779 0.7608159 0.7785639 1.1556092 0.8315317 0.0028254 0.0000000 1.0172987 0.8024405 0.6182236 0.9193019 0.7574795 1.5025292 1.9190415 0.7968644 2.0109713 0.8039255 0.7663798 0.7613208 0.7671282 0.7301562 0.7647578 0.6456497 0.7590154 0.7342590 0.9490343 0.9315151 0.9878972 1.2241178 1.3114601 1.9468324 1.3089054 2.1124653 1.8907546 2.2432706 2.3186298 1.4324620 2.2633191 0.8527499 1.0144051 0.7606868 0.7934977 1.0900381 0.8145000 0.8233488 
MetazoaCnidariaAcroporadigitifera_2933328__GNB5_PONAB_Guanine_nucleotide-binding_protein_subunit_beta-5_OS_                       2.7104731 0.7042136 0.7394889 0.7491113 0.8084014 1.0598670 0.6743205 0.6938509 1.1824789 2.5180714 1.0172987 1.0172987 0.0000000 0.0152674 0.4540855 1.6379223 0.2698442 1.0365687 2.4634535 0.2250437 2.3951442 0.2795678 0.5963676 0.3035765 0.2641946 0.6915974 0.6800906 0.5661060 0.7201128 0.7747386 0.9203718 0.9588598 0.9191717 1.6153328 1.6372700 2.3779027 1.6791003 1.6308700 2.4537119 2.7119102 2.9575935 5.3073142 2.5544790 0.9758563 1.1177327 0.8321372 0.7993019 1.5434777 0.8226024 0.8259320 
MetazoaCnidariaAcroporatenuis_2977245__GBB2_CAEEL_Guanine_nucleotide-binding_protein_subunit_beta-2_OS_                           2.3311215 0.5903717 0.6487388 0.6774291 0.6919636 0.9634723 0.5726252 0.6003465 1.2548569 9.0000000 0.8024405 0.8024405 0.0152674 0.0000000 0.4440127 0.2913430 0.1833771 1.0577003 2.2784564 0.1516504 2.2234614 0.1919979 0.4867028 0.1951299 0.1730839 0.5389284 0.5468309 0.4589075 0.5856293 0.6350526 0.7266442 0.7290626 0.6826358 1.4072982 1.4330941 2.1540445 1.4092626 1.6184682 2.2123256 2.2215393 2.7639037 9.0000000 2.3744030 0.8677756 0.9123632 0.7091324 0.7088944 1.4948300 0.7139295 0.7174478 
MetazoaCnidariaAnthopleuraelegantissima_3003137__GNB5_TAMST_Guanine_nucleotide-binding_protein_subunit_beta-5_OS_                 2.2809199 0.5279207 0.5939017 0.5627099 0.5871031 0.7998020 0.5348222 0.4723452 0.9895425 0.0000010 0.6182236 0.6182236 0.4540855 0.4440127 0.0000000 0.0000010 0.4093171 0.9541315 1.9668038 0.3822779 2.0268557 0.3783125 0.1861308 0.3742073 0.3846450 0.4860304 0.5097730 0.4519307 0.5875259 0.5054081 0.6909162 0.6678617 0.6714265 1.4173479 1.3400406 2.2854611 1.3452877 1.5275153 2.1369880 2.1856095 2.6359961 2.3081978 2.0719874 0.6109443 0.8217923 0.5919445 0.6086816 1.3718854 0.6027576 0.6027576 
MetazoaCnidariaAnthopleuraelegantissima_3016542__GNB5A_DANRE_Guanine_nucleotide-binding_protein_subunit_beta-5a_OS_               1.8405495 0.7701275 0.7560352 0.6554275 0.8672444 0.8840866 0.7405651 0.7404279 9.0000000 0.8745506 0.9236889 0.9193019 1.6379223 0.2913430 0.0000010 0.0000000 0.4166110 9.0000000 1.4822480 0.4152683 1.4044680 0.4566255 0.3567967 0.4062837 0.4588042 0.6640311 0.6232903 0.5943538 0.7923130 0.7035106 0.8998102 0.8279322 0.9028090 1.0621397 1.0896678 1.2376006 1.3009306 3.3013177 1.4906832 2.0623414 1.6012776 1.5218424 1.5575744 0.9261667 0.8714246 0.6855321 0.7127895 0.7465724 0.7401658 0.7542194 
MetazoaCnidariaAstreoporasp_3041203__GNB5_PONAB_Guanine_nucleotide-binding_protein_subunit_beta-5_OS_                             2.1497098 0.6464067 0.6798720 0.5829928 0.6689573 0.8617683 0.5657131 0.5987992 1.3858421 0.7802921 0.7671207 0.7574795 0.2698442 0.1833771 0.4093171 0.4166110 0.0000000 1.1359311 1.8558231 0.0963455 1.7179236 0.1214351 0.4199783 0.1340622 0.1329466 0.5349687 0.5151204 0.4997541 0.6012890 0.5705899 0.8209156 0.8371981 0.8002212 1.2547338 1.1562787 1.7421910 1.4015558 1.9686117 1.9022452 2.1921272 2.0934350 1.2744907 1.8836822 0.8394284 0.8883188 0.6155204 0.6768660 0.9583915 0.6379175 0.6464593 
MetazoaCnidariaAureliaGenome_3057586__GNB5A_DANRE_Guanine_nucleotide-binding_protein_subunit_beta-5a_OS_                          2.9922923 0.9754625 1.1624383 1.1913385 1.3889320 1.4931670 1.0976198 1.0429721 1.4261289 9.0000000 1.5025292 1.5025292 1.0365687 1.0577003 0.9541315 9.0000000 1.1359311 0.0000000 3.0095884 1.0346928 2.8628544 1.0748484 1.1092618 1.1477056 1.0534523 0.9870517 0.9950973 1.1221748 1.0903081 1.0774430 1.5526275 1.4860886 1.5285056 1.7286305 1.6736231 2.7270374 2.0312305 2.2027042 2.3801187 2.7515429 3.9080501 9.0000000 3.5971075 1.5264137 1.4720935 1.2006179 1.3516605 2.5604071 1.4033049 1.4094144 
MetazoaCnidariaClytiahemisphaerica_3083757__GNB5_RABIT_Guanine_nucleotide-binding_protein_subunit_beta-5_OS_                      2.7641493 1.6488558 1.7711840 1.7461706 1.8047232 2.0565580 1.7327156 1.7488689 4.0792845 1.3320836 1.9020768 1.9190415 2.4634535 2.2784564 1.9668038 1.4822480 1.8558231 3.0095884 0.0000000 1.8298353 0.7280817 1.8383854 1.7466455 1.8291004 1.8547650 1.6388995 1.6215329 1.5575976 1.7305706 1.7093259 1.9039718 1.9638774 1.9362980 2.0638193 2.0840890 2.6027624 2.1608180 4.1709772 2.3294662 2.6463607 2.5774953 1.9181652 2.5844967 1.8768698 1.9786649 1.6103317 1.7157579 1.8911635 1.7291237 1.7162333 
MetazoaCnidariaFungiascutaria_3190555__GNB5_PONAB_Guanine_nucleotide-binding_protein_subunit_beta-5_OS_                           2.0473507 0.6172168 0.6396450 0.5603727 0.6365419 0.8324315 0.5349012 0.5578566 1.1953193 0.7472374 0.7985754 0.7968644 0.2250437 0.1516504 0.3822779 0.4152683 0.0963455 1.0346928 1.8298353 0.0000000 1.7210186 0.0370290 0.4202595 0.1113824 0.0755189 0.5145623 0.4753095 0.4591715 0.6118427 0.5437382 0.7835680 0.8106442 0.8053478 1.2923253 1.1672187 1.6404871 1.4326570 1.9478283 1.7593448 2.1580175 2.1025270 1.2307111 1.8734044 0.8421944 0.8667202 0.6083857 0.6432430 0.9544706 0.5986346 0.6061595 
MetazoaCnidariaHydramagnapapillata_3261959__GNB5_PONAB_Guanine_nucleotide-binding_protein_subunit_beta-5_OS_                      2.6725484 1.8590215 1.8605928 1.8309500 1.9576170 2.0407924 1.9055874 1.8870608 3.3462701 1.4928058 1.9933220 2.0109713 2.3951442 2.2234614 2.0268557 1.4044680 1.7179236 2.8628544 0.7280817 1.7210186 0.0000000 1.6850366 1.8420845 1.7499836 1.6911771 1.6968578 1.6694389 1.6858063 1.7693685 1.7648071 2.0729195 2.0801209 2.0838509 2.2198038 2.2385249 2.4846954 2.1739292 4.0707145 2.4943258 2.8207531 2.6409894 2.1248517 2.7263989 1.8296695 1.9754598 1.7211440 1.8162822 2.1387434 1.8220955 1.8187871 
MetazoaCnidariaMontastraeacavernosa_3334179__GNB5_PONAB_Guanine_nucleotide-binding_protein_subunit_beta-5_OS_                     1.9998641 0.6323817 0.6180300 0.5670754 0.6486329 0.8295105 0.5556738 0.5797894 1.1573976 0.7188493 0.8140434 0.8039255 0.2795678 0.1919979 0.3783125 0.4566255 0.1214351 1.0748484 1.8383854 0.0370290 1.6850366 0.0000000 0.4174363 0.1152009 0.0806818 0.5337421 0.5006668 0.4732312 0.6147934 0.5642430 0.7697334 0.7932046 0.8159540 1.2797019 1.1623861 1.7097056 1.4307584 1.9961894 1.7632654 2.1810738 2.1254186 1.2117811 1.9226717 0.8364481 0.8695748 0.6125236 0.6491978 0.9402994 0.5792825 0.5850961 
MetazoaCnidariaNematostellavectensis_3385674__GNB5A_DANRE_Guanine_nucleotide-binding_protein_subunit_beta-5a_OS_                  2.0892878 0.6581179 0.7322112 0.6125161 0.7714304 0.8585744 0.6440435 0.6311235 1.2458280 0.9257448 0.7680320 0.7663798 0.5963676 0.4867028 0.1861308 0.3567967 0.4199783 1.1092618 1.7466455 0.4202595 1.8420845 0.4174363 0.0000000 0.4462482 0.4340608 0.6451614 0.6181269 0.5942528 0.7347856 0.6396843 0.8723791 0.8091607 0.8159289 1.2002742 1.2320754 1.8215045 1.4407726 2.1207454 1.9261600 2.1627064 2.1106530 1.5784302 1.8883792 0.8240578 0.9076940 0.7333182 0.7924081 1.1320843 0.8199202 0.8252193 
MetazoaCnidariaPoritesaustraliensis_3539729__GNB5_TAMST_Guanine_nucleotide-binding_protein_subunit_beta-5_OS_                     2.0119166 0.6192889 0.6698980 0.5765634 0.6433070 0.8341280 0.5510473 0.5898188 1.2787091 0.7403009 0.7709128 0.7613208 0.3035765 0.1951299 0.3742073 0.4062837 0.1340622 1.1477056 1.8291004 0.1113824 1.7499836 0.1152009 0.4462482 0.0000000 0.1387426 0.5238211 0.5058398 0.4903149 0.5937004 0.5636284 0.7625880 0.7856810 0.8041092 1.2622116 1.1705745 1.7797671 1.3734797 1.8839313 1.8241903 2.2807169 1.9961415 1.2767375 1.7892561 0.8197370 0.8583129 0.5925491 0.6483420 0.9187443 0.5958815 0.6004015 
MetazoaCnidariaStylophorapistillata_3681357__GNB5_PONAB_Guanine_nucleotide-binding_protein_subunit_beta-5_OS_                     1.9928381 0.5945040 0.6019813 0.5788579 0.6496688 0.8024716 0.5373430 0.5819454 1.1892057 0.7088611 0.7767605 0.7671282 0.2641946 0.1730839 0.3846450 0.4588042 0.1329466 1.0534523 1.8547650 0.0755189 1.6911771 0.0806818 0.4340608 0.1387426 0.0000000 0.5098521 0.4820496 0.4471721 0.5953812 0.5486328 0.7582422 0.7863648 0.7749189 1.3041111 1.1984437 1.7696707 1.3934062 1.9160318 1.7462100 2.1421783 2.1264031 1.2817168 1.9222174 0.8192119 0.8812393 0.6214209 0.6566247 0.9241685 0.5877386 0.5951752 
MetazoaEchinodermataAcanthasterplanci_3787091__GNB5A_DANRE_Guanine_nucleotide-binding_protein_subunit_beta-5a_OS_                 1.9186368 0.4836724 0.4591406 0.4947529 0.5717967 0.7986926 0.4419310 0.4407168 1.3709206 0.5279011 0.7317377 0.7301562 0.6915974 0.5389284 0.4860304 0.6640311 0.5349687 0.9870517 1.6388995 0.5145623 1.6968578 0.5337421 0.6451614 0.5238211 0.5098521 0.0000000 0.1375346 0.2305272 0.4293400 0.3806591 0.6476015 0.6389180 0.6998715 1.2052612 1.1557163 1.8423438 1.3186926 2.0026464 1.5712794 2.1240109 2.0214761 1.1622752 1.8979930 0.6894118 0.7768688 0.4809077 0.5269550 0.8665744 0.5341202 0.5395055 
MetazoaEchinodermataEP00057Strongylocentrotuspurpuratus_3835663__GNB5_TAMST_Guanine_nucleotide-binding_protein_subunit_beta-5_OS_ 1.8648292 0.4940761 0.4506273 0.4449157 0.5109144 0.7389391 0.4029072 0.4445616 1.2260797 0.4963592 0.7664158 0.7647578 0.6800906 0.5468309 0.5097730 0.6232903 0.5151204 0.9950973 1.6215329 0.4753095 1.6694389 0.5006668 0.6181269 0.5058398 0.4820496 0.1375346 0.0000000 0.2336917 0.4205743 0.3743883 0.6266280 0.6342544 0.7040806 1.1342753 1.1580778 1.8487216 1.2759040 1.9561034 1.5747814 2.2114525 1.9196080 1.1850189 1.8019498 0.6876702 0.7212164 0.4463717 0.4859563 0.7561130 0.4724354 0.4775424 
MetazoaHemichordataSaccoglossuskowalevskii_4073067__GNB5_TAMST_Guanine_nucleotide-binding_protein_subunit_beta-5_OS_              1.9096869 0.3869392 0.3568330 0.3942114 0.4801528 0.7332405 0.3252712 0.3401020 1.3413793 0.4792457 0.6543508 0.6456497 0.5661060 0.4589075 0.4519307 0.5943538 0.4997541 1.1221748 1.5575976 0.4591715 1.6858063 0.4732312 0.5942528 0.4903149 0.4471721 0.2305272 0.2336917 0.0000000 0.3310296 0.2892437 0.6184406 0.6250905 0.6337158 1.1122802 1.1106490 1.7289421 1.1874974 1.9422416 1.5287518 2.0833748 2.1478212 1.1259675 1.9183265 0.6737103 0.7657665 0.3845460 0.4122628 0.6961063 0.4035135 0.4082793 
MetazoaMolluscaEP00106Octopusbimaculoides_4165613__GNB5_TAMST_Guanine_nucleotide-binding_protein_subunit_beta-5_OS_               2.0683284 0.2872846 0.2981727 0.4130882 0.4883359 0.6625486 0.3578679 0.2776752 1.1792656 0.4663907 0.7686171 0.7590154 0.7201128 0.5856293 0.5875259 0.7923130 0.6012890 1.0903081 1.7305706 0.6118427 1.7693685 0.6147934 0.7347856 0.5937004 0.5953812 0.4293400 0.4205743 0.3310296 0.0000000 0.2027503 0.6312144 0.6420038 0.6635060 1.2360397 1.1665902 1.9192344 1.2339005 2.0100480 1.7223801 2.2144624 2.0854482 1.4622355 1.9417563 0.6237017 0.7877203 0.4589430 0.5158037 0.8390186 0.4984068 0.5036096 
MetazoaMolluscaLottiagigantea_4204684__GNB5_HUMAN_Guanine_nucleotide-binding_protein_subunit_beta-5_OS_                           1.9242326 0.2880418 0.2933018 0.3568019 0.4503898 0.6254174 0.3461644 0.2439032 1.1782516 0.4090595 0.7436655 0.7342590 0.7747386 0.6350526 0.5054081 0.7035106 0.5705899 1.0774430 1.7093259 0.5437382 1.7648071 0.5642430 0.6396843 0.5636284 0.5486328 0.3806591 0.3743883 0.2892437 0.2027503 0.0000000 0.6164365 0.6155408 0.6319777 1.1840708 1.1420729 1.9011516 1.1703108 1.9812516 1.6734476 2.1843974 2.0692619 1.3339293 1.9498883 0.6015517 0.7245705 0.3856799 0.4479975 0.7701231 0.4194643 0.4243505 
MetazoaNematodaCaenorhabditiselegans_4316499__GBB2_CAEEL_Guanine_nucleotide-binding_protein_subunit_beta-2_OS_                    2.2018051 0.6639910 0.6972331 0.5524629 0.7068727 0.8651923 0.5422443 0.5833419 1.2805116 0.7230500 0.9510617 0.9490343 0.9203718 0.7266442 0.6909162 0.8998102 0.8209156 1.5526275 1.9039718 0.7835680 2.0729195 0.7697334 0.8723791 0.7625880 0.7582422 0.6476015 0.6266280 0.6184406 0.6312144 0.6164365 0.0000000 0.2022829 0.2242411 1.4917881 1.4651562 2.0669084 1.4138359 2.1949150 2.0919798 2.4317688 2.0017481 1.6971538 2.0188869 0.8065897 0.8645037 0.6882648 0.7568398 0.9596296 0.6790037 0.6856634 
MetazoaNematodaLoaloa_4409265__GBB2_CAEEL_Guanine_nucleotide-binding_protein_subunit_beta-2_OS_                                   2.3180504 0.6782752 0.7044995 0.5716731 0.7328687 0.8620673 0.5627261 0.5989224 1.2500419 0.7516168 0.9335076 0.9315151 0.9588598 0.7290626 0.6678617 0.8279322 0.8371981 1.4860886 1.9638774 0.8106442 2.0801209 0.7932046 0.8091607 0.7856810 0.7863648 0.6389180 0.6342544 0.6250905 0.6420038 0.6155408 0.2022829 0.0000000 0.2392580 1.4726368 1.3773851 2.1406338 1.4193573 2.1335901 2.0380885 2.3458322 2.1123562 1.6413768 2.0487564 0.8602585 0.8711119 0.6859899 0.7823346 0.9471589 0.7200703 0.7268920 
MetazoaNematodaPristionchuspacificus_4422030__GBB2_CAEEL_Guanine_nucleotide-binding_protein_subunit_beta-2_OS_                    2.2030908 0.6858543 0.7365181 0.6431569 0.7421918 0.8957290 0.6093392 0.6329629 1.4149928 0.7798637 0.9900169 0.9878972 0.9191717 0.6826358 0.6714265 0.9028090 0.8002212 1.5285056 1.9362980 0.8053478 2.0838509 0.8159540 0.8159289 0.8041092 0.7749189 0.6998715 0.7040806 0.6337158 0.6635060 0.6319777 0.2242411 0.2392580 0.0000000 1.4873804 1.4168207 2.0701065 1.4569869 2.2083121 2.0161006 2.4343680 2.0218231 1.7446790 2.0840459 0.9129872 0.8900166 0.7789947 0.8451878 0.9941108 0.8110909 0.8200910 
MetazoaPlacozoaEP00114TrichoplaxspH2_4508508__GNB5_RAT_Guanine_nucleotide-binding_protein_subunit_beta-5_OS_                      2.3831556 1.2389124 1.2211700 1.2915752 1.2496838 1.3285515 1.2399204 1.3010057 1.9626228 1.0857361 1.2375872 1.2241178 1.6153328 1.4072982 1.4173479 1.0621397 1.2547338 1.7286305 2.0638193 1.2923253 2.2198038 1.2797019 1.2002742 1.2622116 1.3041111 1.2052612 1.1342753 1.1122802 1.2360397 1.1840708 1.4917881 1.4726368 1.4873804 0.0000000 0.2329157 2.0468963 1.4999290 2.3161852 2.0489196 2.2449283 2.5602798 1.4490629 2.3345189 1.2531829 1.4607535 1.2032777 1.2395781 1.5076685 1.2051278 1.1966056 
MetazoaPlacozoaHoilungiahongkongensis_4563594__GNB5_RAT_Guanine_nucleotide-binding_protein_subunit_beta-5_OS_                     2.4245099 1.1494172 1.1905610 1.2326870 1.2582367 1.3135635 1.2669470 1.2095404 2.1370275 1.0524654 1.3255462 1.3114601 1.6372700 1.4330941 1.3400406 1.0896678 1.1562787 1.6736231 2.0840890 1.1672187 2.2385249 1.1623861 1.2320754 1.1705745 1.1984437 1.1557163 1.1580778 1.1106490 1.1665902 1.1420729 1.4651562 1.3773851 1.4168207 0.2329157 0.0000000 2.0124172 1.4745437 2.2985946 1.9836541 2.3084877 2.4901878 1.5037235 2.4529739 1.2240545 1.5126307 1.1500504 1.2173490 1.4467443 1.1636472 1.1553688 
MetazoaPoriferaAmphimedonqueenslandica_4713406__GNB5A_DANRE_Guanine_nucleotide-binding_protein_subunit_beta-5a_OS_                2.4861206 1.8919500 1.9592557 1.7835865 1.8242915 1.8810323 1.8578523 1.8520939 2.6398603 1.4620811 1.9516307 1.9468324 2.3779027 2.1540445 2.2854611 1.2376006 1.7421910 2.7270374 2.6027624 1.6404871 2.4846954 1.7097056 1.8215045 1.7797671 1.7696707 1.8423438 1.8487216 1.7289421 1.9192344 1.9011516 2.0669084 2.1406338 2.0701065 2.0468963 2.0124172 0.0000000 1.8593088 3.3873609 1.4761689 1.5224083 2.9253785 1.2190418 2.7799307 1.9353857 2.0241326 1.7571024 1.7971844 2.3590567 1.8079991 1.8146398 
MetazoaPoriferaEP00118Oscarellapearsei_4817886__GNB5_PONAB_Guanine_nucleotide-binding_protein_subunit_beta-5_OS_                  2.3882550 1.1501140 1.2443985 1.3144657 1.3715141 1.5417622 1.4010759 1.2952481 1.7571574 1.1405596 1.3231677 1.3089054 1.6791003 1.4092626 1.3452877 1.3009306 1.4015558 2.0312305 2.1608180 1.4326570 2.1739292 1.4307584 1.4407726 1.3734797 1.3934062 1.3186926 1.2759040 1.1874974 1.2339005 1.1703108 1.4138359 1.4193573 1.4569869 1.4999290 1.4745437 1.8593088 0.0000000 0.1390596 1.7522398 2.1365322 2.3733537 1.3464107 2.2568722 1.4569334 1.7034079 1.2830443 1.2598714 1.5185810 1.2466913 1.2381927 
MetazoaPoriferaEP00118Oscarellapearsei_4817887__GBB2_CAEEL_Guanine_nucleotide-binding_protein_subunit_beta-2_OS_                  3.4266316 1.7319390 2.0117203 2.0754163 2.0619603 2.3187406 2.1213665 2.1994396 1.7571574 3.6805391 2.1124653 2.1124653 1.6308700 1.6184682 1.5275153 3.3013177 1.9686117 2.2027042 4.1709772 1.9478283 4.0707145 1.9961894 2.1207454 1.8839313 1.9160318 2.0026464 1.9561034 1.9422416 2.0100480 1.9812516 2.1949150 2.1335901 2.2083121 2.3161852 2.2985946 3.3873609 0.1390596 0.0000000 2.8406120 3.0327520 4.6134526 5.6848120 4.5215103 2.3453870 2.7207983 2.2161896 2.0411048 3.5295414 2.1267316 2.1277918 
MetazoaPoriferaEphydatiamuelleri_4916607__GNB5A_DANRE_Guanine_nucleotide-binding_protein_subunit_beta-5a_OS_                      2.7582702 1.7572438 1.7873867 1.7787085 1.8256837 1.9622038 1.7715657 1.8034575 2.7915587 1.5564115 1.9097628 1.8907546 2.4537119 2.2123256 2.1369880 1.4906832 1.9022452 2.3801187 2.3294662 1.7593448 2.4943258 1.7632654 1.9261600 1.8241903 1.7462100 1.5712794 1.5747814 1.5287518 1.7223801 1.6734476 2.0919798 2.0380885 2.0161006 2.0489196 1.9836541 1.4761689 1.7522398 2.8406120 0.0000000 1.8373141 2.7359764 0.7586630 2.8590579 1.8018841 1.9681062 1.7098229 1.7606606 2.1065078 1.7582812 1.7484677 
MetazoaPoriferaHaliclonatubifera_4954928__GNB5B_DANRE_Guanine_nucleotide-binding_protein_subunit_beta-5b_OS_                      2.9005408 2.2714503 2.2598778 2.2764963 2.3500089 2.4290382 2.2602924 2.2565435 2.0135170 2.1980924 2.2652954 2.2432706 2.7119102 2.2215393 2.1856095 2.0623414 2.1921272 2.7515429 2.6463607 2.1580175 2.8207531 2.1810738 2.1627064 2.2807169 2.1421783 2.1240109 2.2114525 2.0833748 2.2144624 2.1843974 2.4317688 2.3458322 2.4343680 2.2449283 2.3084877 1.5224083 2.1365322 3.0327520 1.8373141 0.0000000 3.4546525 1.9463179 3.5083891 2.2965874 2.4452593 2.1877408 2.2798521 2.9236424 2.3316068 2.3202918 
MetazoaPoriferaLeucosoleniacomplicata_4998203__GBB2_CAEEL_Guanine_nucleotide-binding_protein_subunit_beta-2_OS_                   3.1352771 1.9930839 1.9440258 1.9266995 1.9920338 2.1349118 2.1675590 2.0373342 3.8356885 1.6419369 2.3250443 2.3186298 2.9575935 2.7639037 2.6359961 1.6012776 2.0934350 3.9080501 2.5774953 2.1025270 2.6409894 2.1254186 2.1106530 1.9961415 2.1264031 2.0214761 1.9196080 2.1478212 2.0854482 2.0692619 2.0017481 2.1123562 2.0218231 2.5602798 2.4901878 2.9253785 2.3733537 4.6134526 2.7359764 3.4546525 0.0000000 2.2006457 0.8180313 2.1301963 2.1385005 2.1169846 2.0673493 2.2442172 2.1249691 2.1125109 
MetazoaPoriferaStylissacarteri_5095234__GNB5_RAT_Guanine_nucleotide-binding_protein_subunit_beta-5_OS_                            1.7647628 1.4276499 1.3467232 1.3440217 1.6102950 1.7916795 1.3643661 1.3111101 9.0000000 1.3960580 1.4324620 1.4324620 5.3073142 9.0000000 2.3081978 1.5218424 1.2744907 9.0000000 1.9181652 1.2307111 2.1248517 1.2117811 1.5784302 1.2767375 1.2817168 1.1622752 1.1850189 1.1259675 1.4622355 1.3339293 1.6971538 1.6413768 1.7446790 1.4490629 1.5037235 1.2190418 1.3464107 5.6848120 0.7586630 1.9463179 2.2006457 0.0000000 2.2354678 1.4940070 1.4818942 1.3046822 1.2767321 1.0529172 1.2271759 1.1998499 
MetazoaPoriferaSyconciliatum_5108376__GNB5A_DANRE_Guanine_nucleotide-binding_protein_subunit_beta-5a_OS_                          3.0932627 1.9833093 1.8633034 1.8543617 1.9903564 1.9479479 2.0130624 1.8790050 4.3363422 1.4454747 2.2695093 2.2633191 2.5544790 2.3744030 2.0719874 1.5575744 1.8836822 3.5971075 2.5844967 1.8734044 2.7263989 1.9226717 1.8883792 1.7892561 1.9222174 1.8979930 1.8019498 1.9183265 1.9417563 1.9498883 2.0188869 2.0487564 2.0840459 2.3345189 2.4529739 2.7799307 2.2568722 4.5215103 2.8590579 3.5083891 0.8180313 2.2354678 0.0000000 1.8963635 1.8740097 1.8905795 1.8718862 2.1850253 1.9152985 1.9035814 
MetazoaTardigradaRamazzotiusvarieornatus_5283542__GNB5A_DANRE_Guanine_nucleotide-binding_protein_subunit_beta-5a_OS_              2.1230889 0.7077801 0.6739828 0.6088526 0.7004336 0.8250125 0.6368904 0.6562347 1.3604311 0.6383261 0.8545682 0.8527499 0.9758563 0.8677756 0.6109443 0.9261667 0.8394284 1.5264137 1.8768698 0.8421944 1.8296695 0.8364481 0.8240578 0.8197370 0.8192119 0.6894118 0.6876702 0.6737103 0.6237017 0.6015517 0.8065897 0.8602585 0.9129872 1.2531829 1.2240545 1.9353857 1.4569334 2.3453870 1.8018841 2.2965874 2.1301963 1.4940070 1.8963635 0.0000000 0.8746136 0.7017483 0.7974572 1.1042927 0.7857599 0.7794814 
MetazoaUrochordataEP00059Cionaintestinalis_5337910__GNB5A_DANRE_Guanine_nucleotide-binding_protein_subunit_beta-5a_OS_            1.9261156 0.8395832 0.8623054 0.7761981 0.9205283 1.0003160 0.7918461 0.7839145 1.3615887 0.7722830 1.0165587 1.0144051 1.1177327 0.9123632 0.8217923 0.8714246 0.8883188 1.4720935 1.9786649 0.8667202 1.9754598 0.8695748 0.9076940 0.8583129 0.8812393 0.7768688 0.7212164 0.7657665 0.7877203 0.7245705 0.8645037 0.8711119 0.8900166 1.4607535 1.5126307 2.0241326 1.7034079 2.7207983 1.9681062 2.4452593 2.1385005 1.4818942 1.8740097 0.8746136 0.0000000 0.7435405 0.7961161 1.0844448 0.7600383 0.7698667 
MetazoaVertebrateDaniorerio_5418744__GNB5A_DANRE_Guanine_nucleotide-binding_protein_subunit_beta-5a_OS_                           1.8838858 0.4561270 0.4781458 0.4940834 0.5755529 0.7351005 0.4585609 0.4667416 1.0992605 0.5119085 0.7623205 0.7606868 0.8321372 0.7091324 0.5919445 0.6855321 0.6155204 1.2006179 1.6103317 0.6083857 1.7211440 0.6125236 0.7333182 0.5925491 0.6214209 0.4809077 0.4463717 0.3845460 0.4589430 0.3856799 0.6882648 0.6859899 0.7789947 1.2032777 1.1500504 1.7571024 1.2830443 2.2161896 1.7098229 2.1877408 2.1169846 1.3046822 1.8905795 0.7017483 0.7435405 0.0000000 0.1346875 0.4245699 0.1073733 0.1141062 
MetazoaVertebrateDaniorerio_5434095__GNB5B_DANRE_Guanine_nucleotide-binding_protein_subunit_beta-5b_OS_                           1.9360550 0.5573888 0.5515478 0.5072925 0.6199132 0.7952635 0.4957447 0.5481507 1.1000310 0.6018098 0.7951994 0.7934977 0.7993019 0.7088944 0.6086816 0.7127895 0.6768660 1.3516605 1.7157579 0.6432430 1.8162822 0.6491978 0.7924081 0.6483420 0.6566247 0.5269550 0.4859563 0.4122628 0.5158037 0.4479975 0.7568398 0.7823346 0.8451878 1.2395781 1.2173490 1.7971844 1.2598714 2.0411048 1.7606606 2.2798521 2.0673493 1.2767321 1.8718862 0.7974572 0.7961161 0.1346875 0.0000000 0.4567093 0.1258400 0.1303138 
MetazoaVertebrateEptatretusburgeri_6397942__GNB5_PONAB_Guanine_nucleotide-binding_protein_subunit_beta-5_OS_                      2.3347940 0.8547012 0.7554103 0.8215787 0.9306597 1.1779591 0.7910527 0.8630109 2.4886914 0.5702176 1.1038041 1.0900381 1.5434777 1.4948300 1.3718854 0.7465724 0.9583915 2.5604071 1.8911635 0.9544706 2.1387434 0.9402994 1.1320843 0.9187443 0.9241685 0.8665744 0.7561130 0.6961063 0.8390186 0.7701231 0.9596296 0.9471589 0.9941108 1.5076685 1.4467443 2.3590567 1.5185810 3.5295414 2.1065078 2.9236424 2.2442172 1.0529172 2.1850253 1.1042927 1.0844448 0.4245699 0.4567093 0.0000000 0.3605882 0.3658861 
MetazoaVertebrateHomosapiens_6452108__GNB5_HUMAN_Guanine_nucleotide-binding_protein_subunit_beta-5_OS_                            2.0371165 0.5197481 0.5251805 0.4971859 0.5610011 0.8287564 0.4672645 0.5167228 1.0836537 0.4747012 0.8244415 0.8145000 0.8226024 0.7139295 0.6027576 0.7401658 0.6379175 1.4033049 1.7291237 0.5986346 1.8220955 0.5792825 0.8199202 0.5958815 0.5877386 0.5341202 0.4724354 0.4035135 0.4984068 0.4194643 0.6790037 0.7200703 0.8110909 1.2051278 1.1636472 1.8079991 1.2466913 2.1267316 1.7582812 2.3316068 2.1249691 1.2271759 1.9152985 0.7857599 0.7600383 0.1073733 0.1258400 0.3605882 0.0000000 0.0055057 
MetazoaVertebrateMusmusculus_6534246__GNB5_MOUSE_Guanine_nucleotide-binding_protein_subunit_beta-5_OS_                            2.0532030 0.5251050 0.5171193 0.5024570 0.5573002 0.8388575 0.4723864 0.5220793 1.0836537 0.4862828 0.8333477 0.8233488 0.8259320 0.7174478 0.6027576 0.7542194 0.6464593 1.4094144 1.7162333 0.6061595 1.8187871 0.5850961 0.8252193 0.6004015 0.5951752 0.5395055 0.4775424 0.4082793 0.5036096 0.4243505 0.6856634 0.7268920 0.8200910 1.1966056 1.1553688 1.8146398 1.2381927 2.1277918 1.7484677 2.3202918 2.1125109 1.1998499 1.9035814 0.7794814 0.7698667 0.1141062 0.1303138 0.3658861 0.0055057 0.0000000 
