25
AmoebozoaEP00007CuneaspBSH02190019_4978198__NCS1_SCHPO_Calcium-binding_protein_NCS-1_OS_   0.0000000 2.6300493 2.3392905 3.4673381 3.5992531 3.2464568 2.9852578 3.7157013 3.0305062 2.0084212 3.3513652 3.2013086 2.2837187 1.9327797 2.6131017 1.8953254 2.7400853 2.7939588 1.8401862 2.6427492 1.9027223 1.8905652 2.7144153 1.8814482 2.7446160 
AmoebozoaEP00029Vermamoebavermiformis_5275698__NCSA_DICDI_Calcium-binding_protein_NCSA_OS_ 2.6300493 0.0000000 2.0324046 2.3729471 2.7916190 2.3847880 2.2989931 2.5619017 2.1832950 1.8467386 3.1721364 3.5172788 1.8268263 1.6378041 2.2088577 1.5899387 2.5056813 2.2591912 1.5875993 2.2409962 1.5090467 1.5816387 2.2201738 1.6072758 2.1797705 
MetazoaArthropodaEP00090Calanusglacialis_689159__NCS2_CAEEL_Neuronal_calcium_sensor_2_OS_  2.3392905 2.0324046 0.0000000 1.7933868 2.1076257 1.6197597 2.0776560 2.1541162 1.8716549 1.7702890 2.0549093 2.7004241 1.5829616 1.5834049 1.4122686 1.5161921 1.6203730 1.4143261 1.4686504 1.3738872 1.4546285 1.4438440 1.2922699 1.5329341 1.2870791 
MetazoaArthropodaEP00090Calanusglacialis_692020__NCS2_CAEEL_Neuronal_calcium_sensor_2_OS_  3.4673381 2.3729471 1.7933868 0.0000000 1.3691941 0.4155490 0.8616447 2.1114191 1.1804084 2.1151586 3.0656023 3.4082709 2.3468403 2.1245971 2.1817035 1.9436639 2.7311229 2.3775715 1.9479976 2.2457815 2.1642527 2.1609437 2.1450077 2.0137785 2.1704279 
MetazoaArthropodaEP00090Calanusglacialis_694805__VISL1_MACFA_Visinin-like_protein_1_OS_    3.5992531 2.7916190 2.1076257 1.3691941 0.0000000 1.2963774 1.8631718 2.3020831 0.6692653 2.0286478 3.4323521 4.2221443 2.6657777 2.3455575 2.5474743 2.3284537 2.6087109 2.7229634 2.3050606 2.6158829 2.3743122 2.3886359 2.7094194 2.2931376 2.5142451 
MetazoaArthropodaEP00090Calanusglacialis_702346__NCS2_CAEEL_Neuronal_calcium_sensor_2_OS_  3.2464568 2.3847880 1.6197597 0.4155490 1.2963774 0.0000000 0.8471628 2.0962507 0.9834728 1.9431539 3.3036651 3.2225819 2.2109477 2.1541327 2.3130151 2.0175682 2.6122981 2.5416522 2.0206666 2.3406077 2.2140953 2.0379562 2.2184987 2.0488085 2.2875436 
MetazoaArthropodaEP00090Calanusglacialis_717164__RECO_BOVIN_Recoverin_OS_                  2.9852578 2.2989931 2.0776560 0.8616447 1.8631718 0.8471628 0.0000000 2.1201576 1.5250875 2.2026095 3.3328621 2.6300639 2.4328312 2.1531887 1.8980508 2.0718219 2.5389228 2.1041275 2.0483625 2.2015769 2.1594814 2.1247403 1.9916519 2.0845542 1.9270766 
MetazoaArthropodaEP00090Calanusglacialis_719269__NCLDB_DANRE_Neurocalcin-delta_B_OS_       3.7157013 2.5619017 2.1541162 2.1114191 2.3020831 2.0962507 2.1201576 0.0000000 2.1014036 2.6740194 3.4892827 4.1807190 2.9711047 2.7756659 2.4743079 2.8305795 2.4192243 2.6937844 2.7450743 2.1430369 2.6406949 2.7140921 2.8002103 2.8382093 2.7546409 
MetazoaArthropodaEP00090Calanusglacialis_719920__NCS2_CAEEL_Neuronal_calcium_sensor_2_OS_  3.0305062 2.1832950 1.8716549 1.1804084 0.6692653 0.9834728 1.5250875 2.1014036 0.0000000 2.0749164 2.9017582 2.9302830 1.9709558 1.7801851 2.1038363 1.8863983 2.3894940 2.1800974 1.8484251 2.1499032 1.8261406 1.7696334 2.1113605 1.8343518 2.0908538 
MetazoaCtenophoraPleurobrachiabachei_3770534__VISL1_MACFA_Visinin-like_protein_1_OS_       2.0084212 1.8467386 1.7702890 2.1151586 2.0286478 1.9431539 2.2026095 2.6740194 2.0749164 0.0000000 2.0315732 1.6796720 0.9776627 0.8144135 1.1217628 0.8367795 1.2668494 0.9686025 0.8393020 1.1418391 0.7990882 0.8072340 1.0084362 0.8143058 0.9803173 
MetazoaPoriferaLeucosoleniacomplicata_5012367__NCS2_CAEEL_Neuronal_calcium_sensor_2_OS_    3.3513652 3.1721364 2.0549093 3.0656023 3.4323521 3.3036651 3.3328621 3.4892827 2.9017582 2.0315732 0.0000000 2.9672956 2.4714343 2.2821237 2.3937985 2.2161356 2.5694689 2.4486022 2.2191176 2.4325619 2.2203218 2.0989975 2.4872964 2.2119946 2.5568707 
MetazoaPoriferaLeucosoleniacomplicata_5020779__NCAH_DROME_Neurocalcin_homolog_OS_          3.2013086 3.5172788 2.7004241 3.4082709 4.2221443 3.2225819 2.6300639 4.1807190 2.9302830 1.6796720 2.9672956 0.0000000 2.6412776 1.9919715 2.7012601 2.0298099 2.6792648 2.7881074 2.0042968 2.6203956 2.0438958 2.0744864 2.6717195 2.0035733 2.5821094 
MetazoaUrochordataEP00059Cionaintestinalis_5337126__VISL1_MACFA_Visinin-like_protein_1_OS_ 2.2837187 1.8268263 1.5829616 2.3468403 2.6657777 2.2109477 2.4328312 2.9711047 1.9709558 0.9776627 2.4714343 2.6412776 0.0000000 0.8632833 1.7675008 0.8462484 1.7873134 1.7801864 0.8501581 1.7374385 0.8832437 0.9428845 1.7538317 0.8533959 1.7586057 
MetazoaVertebrateDaniorerio_5419231__VISL1_MACFA_Visinin-like_protein_1_OS_                1.9327797 1.6378041 1.5834049 2.1245971 2.3455575 2.1541327 2.1531887 2.7756659 1.7801851 0.8144135 2.2821237 1.9919715 0.8632833 0.0000000 1.3883161 0.1014980 1.3312647 1.3304240 0.1071659 1.3122817 0.1168278 0.1293171 1.2539019 0.0904343 1.2393301 
MetazoaVertebrateDaniorerio_5423358__RECO_MOUSE_Recoverin_OS_                              2.6131017 2.2088577 1.4122686 2.1817035 2.5474743 2.3130151 1.8980508 2.4743079 2.1038363 1.1217628 2.3937985 2.7012601 1.7675008 1.3883161 0.0000000 1.3771887 0.7611916 0.3408911 1.3379272 0.6317955 1.4103330 1.3666524 0.4811440 1.3359977 0.4590439 
MetazoaVertebrateDaniorerio_5429210__VISL1_MACFA_Visinin-like_protein_1_OS_                1.8953254 1.5899387 1.5161921 1.9436639 2.3284537 2.0175682 2.0718219 2.8305795 1.8863983 0.8367795 2.2161356 2.0298099 0.8462484 0.1014980 1.3771887 0.0000000 1.3026884 1.2989379 0.0371682 1.2489896 0.1013601 0.0941104 1.1568726 0.0428680 1.1804207 
MetazoaVertebrateDaniorerio_5430776__VISI_CHICK_Visinin_OS_                                2.7400853 2.5056813 1.6203730 2.7311229 2.6087109 2.6122981 2.5389228 2.4192243 2.3894940 1.2668494 2.5694689 2.6792648 1.7873134 1.3312647 0.7611916 1.3026884 0.0000000 0.6542356 1.3136862 0.4003621 1.3264053 1.2817192 0.6640109 1.3160926 0.6179134 
MetazoaVertebrateDaniorerio_5431548__RECO_MOUSE_Recoverin_OS_                              2.7939588 2.2591912 1.4143261 2.3775715 2.7229634 2.5416522 2.1041275 2.6937844 2.1800974 0.9686025 2.4486022 2.7881074 1.7801864 1.3304240 0.3408911 1.2989379 0.6542356 0.0000000 1.2783328 0.4764066 1.3201575 1.2381142 0.4018061 1.3123434 0.3699583 
MetazoaVertebrateDaniorerio_5432559__VISL1_MACFA_Visinin-like_protein_1_OS_                1.8401862 1.5875993 1.4686504 1.9479976 2.3050606 2.0206666 2.0483625 2.7450743 1.8484251 0.8393020 2.2191176 2.0042968 0.8501581 0.1071659 1.3379272 0.0371682 1.3136862 1.2783328 0.0000000 1.2301441 0.1070206 0.1013953 1.1650151 0.0319995 1.1542026 
MetazoaVertebrateDaniorerio_5434117__RECO_BOVIN_Recoverin_OS_                              2.6427492 2.2409962 1.3738872 2.2457815 2.6158829 2.3406077 2.2015769 2.1430369 2.1499032 1.1418391 2.4325619 2.6203956 1.7374385 1.3122817 0.6317955 1.2489896 0.4003621 0.4764066 1.2301441 0.0000000 1.2611291 1.2180805 0.5135032 1.2608544 0.5011268 
MetazoaVertebrateEptatretusburgeri_6393400__VISL1_MACFA_Visinin-like_protein_1_OS_         1.9027223 1.5090467 1.4546285 2.1642527 2.3743122 2.2140953 2.1594814 2.6406949 1.8261406 0.7990882 2.2203218 2.0438958 0.8832437 0.1168278 1.4103330 0.1013601 1.3264053 1.3201575 0.1070206 1.2611291 0.0000000 0.0674286 1.1794645 0.0953557 1.1772463 
MetazoaVertebrateEptatretusburgeri_6403357__VISL1_MACFA_Visinin-like_protein_1_OS_         1.8905652 1.5816387 1.4438440 2.1609437 2.3886359 2.0379562 2.1247403 2.7140921 1.7696334 0.8072340 2.0989975 2.0744864 0.9428845 0.1293171 1.3666524 0.0941104 1.2817192 1.2381142 0.1013953 1.2180805 0.0674286 0.0000000 1.1350877 0.0944047 1.1485931 
MetazoaVertebrateHomosapiens_6455948__RECO_HUMAN_Recoverin_OS_                             2.7144153 2.2201738 1.2922699 2.1450077 2.7094194 2.2184987 1.9916519 2.8002103 2.1113605 1.0084362 2.4872964 2.6717195 1.7538317 1.2539019 0.4811440 1.1568726 0.6640109 0.4018061 1.1650151 0.5135032 1.1794645 1.1350877 0.0000000 1.1919035 0.1351069 
MetazoaVertebrateHomosapiens_6457374__VISL1_MACFA_Visinin-like_protein_1_OS_               1.8814482 1.6072758 1.5329341 2.0137785 2.2931376 2.0488085 2.0845542 2.8382093 1.8343518 0.8143058 2.2119946 2.0035733 0.8533959 0.0904343 1.3359977 0.0428680 1.3160926 1.3123434 0.0319995 1.2608544 0.0953557 0.0944047 1.1919035 0.0000000 1.1752877 
MetazoaVertebrateMusmusculus_6533151__RECO_MOUSE_Recoverin_OS_                             2.7446160 2.1797705 1.2870791 2.1704279 2.5142451 2.2875436 1.9270766 2.7546409 2.0908538 0.9803173 2.5568707 2.5821094 1.7586057 1.2393301 0.4590439 1.1804207 0.6179134 0.3699583 1.1542026 0.5011268 1.1772463 1.1485931 0.1351069 1.1752877 0.0000000 
