9
MetazoaVertebrateDaniorerio_5415593__CNCG_RAT_Retinal_cone_rhodopsin-sensitive_cGMP_3_         0.0000000 1.1153730 1.2769169 0.7203823 1.1237139 0.7560096 0.7828848 0.7353436 0.7235657 
MetazoaVertebrateDaniorerio_5431652__CNRG_CAVPO_Retinal_rod_rhodopsin-sensitive_cGMP_3_        1.1153730 0.0000000 0.9786341 0.4852296 0.7786072 0.4648042 0.5856560 0.5091152 0.6337989 
MetazoaVertebrateDaniorerio_5434062__CNRG_CAVPO_Retinal_rod_rhodopsin-sensitive_cGMP_3_        1.2769169 0.9786341 0.0000000 0.6668777 0.7643402 0.6202177 0.6778544 0.6130296 0.6689746 
MetazoaVertebrateDaniorerio_5435009__CNRG_BOVIN_Retinal_rod_rhodopsin-sensitive_cGMP_3_        0.7203823 0.4852296 0.6668777 0.0000000 0.2887063 0.0773910 0.3736744 0.0673374 0.3310519 
MetazoaVertebrateEptatretusburgeri_6404682__CNRG_MOUSE_Retinal_rod_rhodopsin-sensitive_cGMP_3_ 1.1237139 0.7786072 0.7643402 0.2887063 0.0000000 0.3396901 0.3287186 0.2905693 0.3527481 
MetazoaVertebrateHomosapiens_6455159__CNRG_HUMAN_Retinal_rod_rhodopsin-sensitive_cGMP_3_       0.7560096 0.4648042 0.6202177 0.0773910 0.3396901 0.0000000 0.3444798 0.0393621 0.3438801 
MetazoaVertebrateHomosapiens_6458513__CNCG_HUMAN_Retinal_cone_rhodopsin-sensitive_cGMP_3_      0.7828848 0.5856560 0.6778544 0.3736744 0.3287186 0.3444798 0.0000000 0.3621376 0.0955185 
MetazoaVertebrateMusmusculus_6532220__CNRG_MOUSE_Retinal_rod_rhodopsin-sensitive_cGMP_3_       0.7353436 0.5091152 0.6130296 0.0673374 0.2905693 0.0393621 0.3621376 0.0000000 0.3756412 
MetazoaVertebrateMusmusculus_6534125__CNCG_MOUSE_Retinal_cone_rhodopsin-sensitive_cGMP_3_      0.7235657 0.6337989 0.6689746 0.3310519 0.3527481 0.3438801 0.0955185 0.3756412 0.0000000 
