163
ChoanoflagellataEP00035Acanthoecaspectabilis_10720128__GUC2G_RAT_Guanylate_cyclase_2G_OS_                               0.0000000 1.4838232 1.5080800 1.3208158 0.5073085 2.1896294 1.7610124 1.5272031 1.9526989 1.7067365 1.5151738 1.3625811 9.0000000 1.2363802 0.8565241 1.1729507 1.3408415 0.3151240 1.0009785 0.9721805 1.5109765 0.2837290 0.8642945 1.9913164 0.8087376 1.2587729 0.8328875 0.8972500 0.9395366 0.8736874 0.9943058 1.4187335 1.7544122 0.9774111 0.9890261 0.9890261 0.9715468 1.1833830 1.1000602 0.8771172 1.0356507 1.1682704 0.8718166 9.0000000 0.7133028 0.8536103 0.9105598 0.8798441 1.1053923 1.0509987 2.6058946 1.2677595 1.0166790 1.2860451 1.0172194 1.1720982 1.1622527 1.2564606 1.4477800 1.2928549 1.1522404 0.3217109 1.2502501 1.0277212 1.0711887 0.9704156 1.0995625 1.0887852 1.3288319 0.7932253 0.9384992 0.8631880 3.9108805 0.7956792 0.6466284 3.8036524 0.7387076 0.3392460 1.0251400 1.2400305 1.6393273 1.0449579 1.0871234 1.3099625 1.3346459 1.1491499 1.4466287 1.5993856 1.0987836 1.4501846 1.4747582 1.5468991 1.7353973 1.7737150 1.0579228 1.1680129 1.1285302 1.3083456 0.9942895 1.4514185 1.2753686 1.2857513 1.1936998 1.0576873 1.8078778 0.6933579 1.8813500 1.3723818 1.3282878 1.5626488 1.1820689 0.8747210 1.1153687 1.7542272 1.9087229 1.7040234 1.1589839 1.1538360 0.9049998 0.9049998 1.0664714 1.6779947 1.1544532 0.9731808 1.1090595 1.4637087 1.2341355 1.1715864 1.1920780 1.1920780 0.5819868 1.2912161 1.5891696 0.7142941 0.5940572 0.8113716 0.3367737 1.3432296 1.3743345 0.8755362 0.9199316 0.8807877 1.1223655 1.3037961 1.0151264 1.1663163 1.0417396 1.0529801 1.3037961 1.1964288 1.1825275 1.0323617 1.0323617 1.7357644 1.0107926 1.1671571 1.1937081 1.0534164 0.9402768 1.0393975 1.0773221 1.1605919 0.8270000 
ChoanoflagellataEP00045Choanoecaperplexa_11092840__GUC2E_MOUSE_Retinal_guanylyl_cyclase_1_OS_                           1.4838232 0.0000000 0.1117031 2.0395370 1.6764958 1.4344691 1.5289593 1.4601892 1.5511025 1.4853215 1.6206049 2.2922143 1.7963170 1.4286286 1.3953062 1.4449843 1.3871432 2.0118666 1.7296726 1.6193669 2.5814826 1.5071292 1.7183639 2.9338965 1.7898423 1.5933095 1.4825445 1.4758901 2.9474739 1.4672368 2.4033468 3.5978614 1.6450686 1.4349951 1.6288194 1.5542281 1.4703482 1.9338647 2.5891829 2.9843026 1.6439170 1.6504443 1.6071758 1.6377176 2.0748898 1.4677459 1.8274533 1.7638002 1.6146616 1.6947775 2.3145130 2.0445516 1.6973282 2.0399604 2.9359495 1.6183550 3.6522785 1.8735919 3.7702264 2.6928918 3.1576002 3.4335418 3.3565985 1.4232015 2.8691380 2.9293729 2.4702484 2.5531216 3.3209325 3.0160464 3.0272544 1.5170604 3.9059259 3.0943912 4.5020948 1.5858964 1.7494548 1.8684494 2.7842472 3.1862816 3.2370079 2.8984489 2.6984408 2.7990635 2.8876740 2.7566235 2.9432237 2.9164109 2.8225836 2.9823109 3.1483666 3.1352430 3.1977822 2.7972583 2.9315824 2.9028289 3.1055188 2.7086561 2.7021904 2.7265658 2.7560593 2.8737063 2.3614480 3.0692550 2.5673104 2.7669652 3.0944156 2.7551548 2.3452316 3.0859390 2.5398383 3.1363584 2.8146626 3.2242013 3.2627025 3.3043411 2.7554423 2.9651684 2.9578991 3.2427498 3.2854071 2.8388613 2.7085431 2.8305994 2.6234647 2.8271039 2.7603778 2.7223096 2.9654980 2.9855456 2.9077876 3.3974699 1.4464143 2.4231286 2.3765860 1.5960560 2.7895910 2.4633384 2.0630320 2.2668425 2.6319704 2.8619763 2.7056217 2.5778761 2.9850436 2.6916485 2.7106591 3.0768794 2.6169720 1.5331375 1.5589209 2.8052377 2.8052377 2.4690410 1.4345769 2.8393771 2.6886755 2.7853823 2.8457911 2.6822022 2.8563580 2.7235305 2.9960841 
ChoanoflagellataEP00045Choanoecaperplexa_11092841__GC76C_DROME_Receptor-type_guanylate_cyclase_Gyc76C_OS_               1.5080800 0.1117031 0.0000000 1.3724521 1.6683849 1.1765281 1.1311726 1.0724366 1.1636862 1.1517609 0.9930661 2.2844890 1.7963170 1.4277442 1.4446785 1.4287121 1.2786566 1.9340583 1.7115980 1.6154545 2.1609165 1.4772528 1.6771987 2.2042145 1.7507125 1.3714603 1.3814009 1.4863078 1.8033848 1.5157110 2.1686029 3.0380373 1.6370016 1.4904490 1.5490778 1.4559963 1.5193324 1.9179616 1.8278679 1.9091457 1.6041079 1.6234132 1.6737187 1.6221479 1.9746206 1.4655404 1.7553187 1.7944822 1.5883365 1.5660553 2.2778143 2.0139999 1.6772321 2.0727792 1.9128476 1.4373261 2.9095450 1.9060873 3.1478239 1.8369821 2.7754245 2.9685234 2.9258033 1.5022303 2.5974522 2.6041348 2.1798283 1.7151229 2.8692015 2.4098942 1.9507912 1.4760211 4.1023231 1.8463727 3.9800954 1.6317400 1.6944795 1.7347573 2.4640197 2.4129555 2.5283226 1.9764301 1.9926994 1.8932776 1.9626475 1.8626297 2.2147407 2.0402572 1.9998308 2.1674575 2.0445106 2.0763757 2.0430920 2.1304994 1.8548244 2.0254853 1.9231074 1.8555103 1.8434491 2.4222910 1.8350305 1.8652648 2.1144169 1.9326528 2.0524898 1.8930498 2.2408805 1.9200477 1.7195807 1.9968059 1.8825376 2.0555779 1.9320618 2.2268970 2.3226250 2.5752772 2.0064324 1.8442415 1.9801560 2.0927304 2.0542632 2.1800803 1.9347093 1.8496581 1.9540480 1.9489336 1.9358444 1.9527611 2.6628733 2.6628066 2.6032450 2.7721646 1.5845064 1.9466282 2.0121839 1.6523369 2.3812780 2.0955615 2.0276705 2.1688305 1.8064725 2.1165208 1.9308745 1.9084251 1.8733209 1.8610995 1.8024524 1.9326323 1.9084251 1.4151438 1.3728220 1.7685738 1.7685738 1.9200480 1.4882577 1.9920742 1.8771406 1.7950133 1.8706677 1.7236059 2.0312711 1.9407003 1.8689975 
ChoanoflagellataEP00045Choanoecaperplexa_11093775__GC76C_DROME_Receptor-type_guanylate_cyclase_Gyc76C_OS_               1.3208158 2.0395370 1.3724521 0.0000000 1.5842271 2.0054843 2.1223787 1.9008340 2.0570205 2.1495658 1.7679212 2.4246122 2.2277190 1.7253892 1.4905588 1.7246881 1.7638587 1.9300675 1.8659371 1.7522858 2.7529066 1.5531210 1.8959007 2.7739256 1.7663976 1.7909705 1.4612111 1.5763536 2.9826764 1.6593313 2.4451487 3.3958039 1.8131500 1.3444991 1.7804609 1.6044164 1.4549658 2.0905177 2.7401449 2.6035862 1.7607119 1.9984560 1.7660853 1.8759472 2.3203119 1.5093726 2.2260881 1.7893383 1.8660424 1.7905201 2.1925508 2.2321483 2.0119364 2.0378277 2.8273491 1.7863645 3.3919093 1.7267448 3.6794872 2.5738843 3.9709494 4.1985586 3.9682702 1.2343542 3.0787732 3.0781801 3.1062932 2.4867566 3.0715808 2.7172250 2.6389948 1.6042167 4.4947410 2.8644976 4.5267986 2.2310694 2.0637737 2.0832213 2.5736520 3.1393696 3.0074176 2.9706647 2.7993541 2.9186658 3.0333350 3.0816796 3.0868523 3.0644149 2.9531238 3.0563594 2.9565932 3.0543656 2.9046096 2.9841787 3.0327818 2.9526983 2.7849763 2.8073810 2.7544597 2.8357005 2.7325756 2.9996344 2.2233483 2.7662155 2.5625801 2.9931963 3.2820812 2.9093622 2.5122780 3.4010992 2.6820490 2.9300233 3.0499496 3.1171677 3.4296027 2.9493415 2.8007373 2.7784729 3.0090493 3.0257255 3.1341340 2.8743258 2.7670286 3.0199139 2.7455325 3.0866965 2.8127650 2.7652237 3.2083395 3.2311297 3.2363672 3.5353333 1.4588203 2.1520708 2.1424719 1.8066798 2.9032325 2.5869269 2.1510727 2.4197761 2.8994298 2.7336045 2.8810516 2.8514442 2.9004727 2.6707634 2.8019107 2.7467234 2.9191990 1.6696152 1.8444400 2.9295995 2.9295995 2.5837809 1.4045416 2.7332786 2.7909447 2.9150915 2.6003157 2.8509699 2.7276353 2.8537305 2.7602356 
ChoanoflagellataEP00047Mylnosigafluctuans_11127256__GUC2G_RAT_Guanylate_cyclase_2G_OS_                                  0.5073085 1.6764958 1.6683849 1.5842271 0.0000000 1.8465935 1.8565910 1.7153353 1.7078482 1.7067829 1.4005172 1.4682115 9.0000000 0.8776391 0.7093770 1.0385359 1.2549649 1.0188135 0.7153641 0.7086397 1.1545909 0.5397712 0.7914818 1.2714104 0.7276438 1.0978642 0.8635127 0.8902562 0.9455539 1.1502727 0.8166623 1.0738535 1.1919969 0.9563414 0.8726427 0.9258260 0.9144032 0.9068478 0.7803309 0.5942583 0.7501413 0.7997145 0.7129552 0.5814416 0.5400468 0.8820393 0.7156072 0.7429611 0.7587128 0.7271167 1.4767738 0.9823632 0.9058345 1.0696220 0.8719696 0.9401700 1.0529840 1.0177374 1.2809172 0.7249521 0.9044519 0.6660333 0.9124649 0.7562514 0.9337912 0.7951356 0.9939579 0.7727866 1.1614948 0.8691846 0.6268587 0.6157221 4.4865786 0.6133294 1.0683088 0.7648816 0.6589451 0.5265171 0.8501924 1.3300424 1.5294229 1.0519145 1.3224551 1.5495925 0.9957849 1.0329789 0.8989098 1.7715182 0.9861253 0.8898438 1.1685414 1.1668763 1.2754964 1.1634343 0.8746075 0.9701266 0.7577238 1.3309234 0.7737243 1.4520758 1.0525142 1.2098833 1.1633931 0.8192195 1.7629462 1.2081057 1.4281696 1.1031966 0.9279424 0.9758023 1.4598188 0.7348397 1.0027710 1.9003065 1.6868890 1.5291945 1.4385792 0.8271125 0.7337659 0.8446334 1.0470132 1.5968282 1.4699292 0.8468772 1.4867851 1.1082214 1.4958819 1.4699292 1.0547332 1.0547332 1.0249320 0.9755842 1.3019649 0.8824048 0.8102805 0.7374224 0.3367737 0.9427852 0.9149073 0.9051237 0.8683001 0.8733728 0.9583248 1.1265588 0.7810246 0.8690949 0.7563514 0.7229514 1.1265588 0.9994784 0.9173999 0.8119479 0.8119479 1.1443899 0.8059432 1.0095171 0.8292471 0.8211164 0.8670754 0.7802877 1.0081675 0.8120689 0.5669884 
ChoanoflagellateaMonosigabrevicollisUP000001357_11431311__GUC2D_MOUSE_Guanylate_cyclase_D_OS_                           2.1896294 1.4344691 1.1765281 2.0054843 1.8465935 0.0000000 0.5202987 0.5583185 0.5816964 0.5881284 1.5445038 2.3008511 1.9765844 1.8217857 1.6708799 1.7280136 1.5888816 1.9434800 1.7940388 1.8811055 2.9130014 1.5403193 1.8764407 2.5944875 1.7064637 1.7307348 1.8075040 1.9060548 2.9016523 1.8932857 2.2911356 3.9223352 1.8914211 1.6583466 1.8973748 1.8870849 1.6893279 2.0864255 2.6436040 2.6619087 1.7296487 1.9182817 1.8406630 1.7842771 2.3058935 2.0910905 2.1308865 1.8293578 1.7842122 1.7986334 2.5358476 2.1259096 1.8810363 2.5084176 2.7480897 1.8396655 3.6797297 2.0754605 3.9528044 2.5924738 3.4388857 3.6278379 3.4041443 1.8461255 2.9823495 2.9189894 2.5510923 2.3547254 3.6045883 2.9278244 2.6770420 1.6599447 4.6806781 2.9108210 4.7571938 1.9088495 1.8720653 1.9280252 2.7067664 2.9319070 2.8786760 2.6441496 2.5596680 2.5965940 2.9944492 2.7802147 2.7334506 2.8209131 2.8644856 2.6625366 2.6419544 2.7374650 2.6425955 2.6089668 2.7534403 2.8729338 2.7378461 2.6556180 2.4727228 2.8457304 2.5941947 2.6867592 2.4640982 2.6032406 2.6519589 2.6616967 2.8281238 2.6763727 2.3738442 2.7568820 2.7057607 2.7823388 2.6774793 2.8927185 2.9679677 3.0264358 2.7737460 2.7013647 2.5900568 2.8092083 3.0564414 2.6160285 2.7418698 2.6087981 2.5483763 2.6561009 2.7687687 2.7405577 3.1427962 3.1653692 3.1883277 3.4235055 1.8576765 2.1632221 2.2605621 2.1063163 3.2740949 2.8938543 2.3039999 2.3756573 2.7980534 2.7563309 2.7107750 2.8401179 2.8001921 2.7471371 2.7583708 2.7667678 2.8230737 1.8744125 2.1963837 2.8901720 2.8901720 2.5581118 1.4860724 2.8440025 2.7098567 2.6887840 2.7271269 2.6411163 2.7836430 2.8037397 2.7992452 
ChoanoflagellateaMonosigabrevicollisUP000001357_11431312__GC76C_DROME_Receptor-type_guanylate_cyclase_Gyc76C_OS_        1.7610124 1.5289593 1.1311726 2.1223787 1.8565910 0.5202987 0.0000000 0.3363611 0.4493992 0.2644479 1.6389799 2.2611343 1.8719717 1.7589839 1.5035422 1.8231315 1.5551280 1.8835415 1.7222319 1.7491405 2.8052070 1.3826272 1.8015132 2.6461386 1.6562948 1.7964070 1.7236452 1.7597205 2.9213065 1.9475708 2.2709468 3.7718126 1.6303962 1.6785237 1.8717559 1.8575417 1.6840750 2.0981403 2.7713723 2.7867386 1.6614997 1.9212414 1.7524819 1.6608015 2.3122520 2.0401209 1.9407798 1.7945350 1.6786634 1.7289924 2.2911149 2.0429976 1.8073104 2.1497194 2.9305890 1.7482677 3.5956582 1.8337192 3.7630973 2.6215706 3.2165340 3.4718970 3.2213597 1.8091387 2.8433599 2.9082493 2.5021957 2.4916646 3.2434510 2.7795702 2.7938285 1.6129613 4.0959610 3.0439183 4.2945037 1.8521176 1.8659585 1.8377984 2.7370988 2.9524470 3.0880891 2.6544353 2.5980084 2.6620658 3.1354776 2.9206582 2.9066374 2.8920247 2.9093057 2.8589594 2.8570857 3.0406785 2.8397780 2.7402828 2.9675085 2.9228402 2.7097471 2.6569762 2.5901071 2.9532961 2.8037148 2.7775387 2.4889535 2.6556889 2.6480253 2.7600061 3.0356265 2.7526562 2.2761436 2.8428873 2.6895104 2.7801410 2.6841784 2.8246032 2.9779399 3.3712132 2.8182615 2.6777877 2.6805691 2.8495017 3.1525002 2.6769851 2.7433696 2.7223805 2.6000679 2.7649217 2.8036386 2.7747570 2.9698697 2.9934566 2.9541308 3.2978629 1.7029059 2.3619766 2.3644005 2.2767173 2.9574071 2.6704884 2.1901507 2.2877525 2.6888588 2.9009514 2.7161106 2.7692775 2.7100979 2.6595010 2.5871427 2.8535649 2.7617357 1.8666692 2.0662411 2.8072878 2.8072878 2.4682299 1.3792157 2.8312174 2.6252752 2.6980557 2.6519981 2.6335020 2.7707291 2.6596640 2.9467243 
ChoanoflagellateaMonosigabrevicollisUP000001357_11431313__GC76C_DROME_Receptor-type_guanylate_cyclase_Gyc76C_OS_        1.5272031 1.4601892 1.0724366 1.9008340 1.7153353 0.5583185 0.3363611 0.0000000 0.3322461 0.4359655 1.6201431 2.3228510 1.9651730 1.7750654 1.5345786 1.8560256 1.5945650 1.8758476 1.7664767 1.7724349 2.7674569 1.4412632 1.7457902 2.6456273 1.6512653 1.7900031 1.7771940 1.7185051 2.6802386 1.9082493 2.2542101 3.8484084 1.6798899 1.7018877 1.8107053 1.7885074 1.4978192 2.1097032 2.4996722 2.5066326 1.6110206 1.8252357 1.7710050 1.7458316 2.0864852 1.8811104 1.9759700 1.8167636 1.5736455 1.7029672 2.3934055 2.0810309 1.8128426 2.2532591 2.6634302 1.7946156 3.5452949 1.8294601 3.7528382 2.4267846 3.3975858 3.5173660 3.2631493 1.7477409 2.7694305 2.8519491 2.3001639 2.2579232 3.1107333 2.6845665 2.5873268 1.5239562 3.9489723 2.7222036 4.1969005 1.9263655 1.7936457 1.8264167 2.7332690 2.8863023 3.0742410 2.6152744 2.5086514 2.4478011 2.9499492 2.7095412 2.8695343 2.8327494 2.5711112 2.8114707 2.7071004 2.8158891 2.6990441 2.6985533 2.7408963 2.5925008 2.5081465 2.5807645 2.4417190 2.8586431 2.6474606 2.6608709 2.5570175 2.4773141 2.6867805 2.6621811 2.8087868 2.5079013 2.3228033 2.6720185 2.6028704 2.7094562 2.4966084 2.7877672 2.9924605 3.1047574 2.7116593 2.5573161 2.5658586 2.7281804 3.1053164 2.6022832 2.5876417 2.5370505 2.4511835 2.5638501 2.6226899 2.6274684 2.9669015 2.9921633 3.0735644 3.0256258 1.6292045 2.1711556 2.2134540 2.1509105 2.9015604 2.5902874 2.1394285 2.2406046 2.7956715 2.8684786 2.4778390 2.6590744 2.6694523 2.5702381 2.6518899 2.6731643 2.6176049 1.8442854 2.0051591 2.7211617 2.7211617 2.7391288 1.3970415 2.7717156 2.6325593 2.4650971 2.4024206 2.4125311 2.6899153 2.7490853 2.7465877 
ChoanoflagellateaMonosigabrevicollisUP000001357_11431315__ANPRA_RAT_Atrial_natriuretic_peptide_receptor_1_OS_           1.9526989 1.5511025 1.1636862 2.0570205 1.7078482 0.5816964 0.4493992 0.3322461 0.0000000 0.5259616 1.6164590 2.2658301 1.8642130 1.7506984 1.5615730 1.8289779 1.5365132 1.9068027 1.7670822 1.7913939 2.9202045 1.4066562 1.8018542 3.0044868 1.6535622 1.8246612 1.7168968 1.6747090 2.8773212 1.9469419 2.3779512 3.6212712 1.7799265 1.8685751 1.7753963 1.7510430 1.7082973 2.0653768 2.8107439 2.9445141 1.5824127 1.7136801 1.7439138 1.7004458 2.1684046 1.7940400 1.9823305 1.8025572 1.5411249 1.5797677 2.4646966 2.0846358 1.8846451 2.2765549 3.0159675 1.8624968 3.5692799 1.8624531 3.9445072 2.7279595 3.3147226 3.5471617 3.3600389 1.7704204 2.9689675 2.9062766 2.5374057 2.6307306 3.4441352 2.8332273 2.9172213 1.5494158 4.2137965 3.0513524 4.2775688 1.8648727 1.8120434 1.8965097 2.9178473 3.1119395 3.3002459 2.8500693 2.6629764 2.7032155 3.1664136 3.0659860 3.0425729 2.8941688 2.9585469 3.0158035 3.0009974 3.1929805 2.9938489 2.8146078 3.1894270 2.9433411 2.8065607 2.8431012 2.6862259 2.9138698 2.8486950 3.0121418 2.5065595 2.7236177 2.7970306 2.9383779 3.0750041 2.9277144 2.4810583 3.0599434 2.7083844 3.0594565 2.8445722 3.0497085 3.2440681 3.4520664 2.8182606 2.8301577 2.9837595 3.1683982 3.3067833 2.8746777 2.7974010 2.8558297 2.6876653 2.9015350 2.8435250 2.8129525 3.3433905 3.3663472 3.3657690 3.3164260 1.7890262 2.3400630 2.3835016 2.2142048 3.0696912 2.7386577 2.1165892 2.3818115 2.7255468 3.0378220 2.7566997 2.8377843 2.9926811 2.8685151 2.8245988 3.1224233 2.8486884 1.9016925 2.0750222 2.9940888 2.9940888 2.6869778 1.4668228 2.9298238 2.8477893 2.7633377 2.6823615 2.7752119 2.8956763 2.9313177 3.0132478 
ChoanoflagellateaMonosigabrevicollisUP000001357_11434278__GC76C_DROME_Receptor-type_guanylate_cyclase_Gyc76C_OS_        1.7067365 1.4853215 1.1517609 2.1495658 1.7067829 0.5881284 0.2644479 0.4359655 0.5259616 0.0000000 1.7208127 2.2630504 1.9068519 1.6765468 1.5466384 1.8101082 1.5516316 1.9478019 1.7043800 1.7415713 2.6799840 1.4035473 1.7821945 2.6903042 1.6521020 1.7871764 1.6945831 1.7629170 2.6230386 1.9343958 2.2620658 3.6612350 1.8138515 1.7719353 1.6528838 1.6307670 1.6575987 2.0346726 2.5851702 2.7001045 1.6638274 1.7970556 1.7132464 1.6414224 2.2088622 1.9564351 1.9756333 1.8242526 1.5728142 1.7452435 2.3420343 2.0905567 1.7882303 2.2253020 2.7811123 1.9242492 3.5431189 1.7951621 3.6362430 2.7091224 3.1923170 3.3995783 3.2140265 1.9228846 2.8212441 2.8853359 2.3664203 2.2967176 3.2365081 2.7516671 2.8169894 1.6010118 4.4141859 2.8995436 3.9237448 1.8156767 1.7355029 1.7053379 2.7634372 2.8957468 3.0793946 2.6797936 2.5862332 2.4872854 3.0128719 3.0131749 2.7159262 2.8639142 2.7916930 2.6870904 2.9227988 2.9697147 2.9249986 2.7667233 2.9844308 2.8276462 2.7404015 2.6239279 2.5902228 2.7534796 2.7382729 2.8072563 2.3305662 2.5991831 2.6971224 2.6991087 3.1134726 2.8514182 2.2944039 2.9122430 2.6004949 2.7936071 2.8199534 2.9383668 3.0009307 3.1615114 2.6821898 2.6742862 2.6883816 2.8804600 3.1848654 2.5366479 2.6720936 2.7833096 2.4612487 2.8365453 2.6916699 2.6981325 2.9409550 2.9647394 2.8713336 3.1727410 1.8011605 2.1613292 2.2100837 2.2092985 3.1274249 2.7307405 2.1675475 2.2184169 2.5577675 2.9062466 2.5884228 2.7778029 2.6048107 2.5646973 2.4929394 2.7498638 2.8150408 2.0351684 2.1771282 2.7909646 2.7909646 2.4937394 1.4298167 2.8898784 2.4980591 2.5481351 2.5824102 2.5151311 2.7895010 2.5234550 2.8362017 
ChoanoflagellateaMonosigabrevicollisUP000001357_11434281__GC76C_DROME_Receptor-type_guanylate_cyclase_Gyc76C_OS_        1.5151738 1.6206049 0.9930661 1.7679212 1.4005172 1.5445038 1.6389799 1.6201431 1.6164590 1.7208127 0.0000000 2.2118601 1.9901924 1.6479286 1.3124479 1.6904001 1.4909673 1.9419548 1.8125836 1.6221738 2.5341341 1.3938611 1.6777023 2.9993579 1.6281329 1.5890862 1.4859300 1.5063606 3.2846471 1.4422777 2.5261552 3.5307447 1.5518967 1.6509833 1.4177612 1.3597031 1.4402144 1.9023209 2.7916431 2.9035653 1.6106740 1.6531235 1.5512070 1.6009333 2.1027980 1.7760228 2.0117841 1.5318185 1.6716837 1.6650347 2.2004849 2.0171194 1.7777037 2.1836145 3.0288970 1.5217766 3.5280338 1.6413590 3.5261538 2.7673940 3.3294813 3.5408910 3.2139960 1.8164386 3.0233273 3.0116389 2.5982633 2.5099997 3.0818193 2.6481078 3.0031531 1.5075954 4.2207927 2.8978106 4.4469531 1.6237255 1.8158737 1.8438541 2.9140129 3.1882520 3.1819613 3.0555583 2.8238236 2.9302616 3.2079100 2.9942203 3.1673160 3.0523105 2.8782545 3.1517240 3.1523268 3.3309264 3.2708964 2.7675142 3.1121265 3.0074539 2.9724614 2.8648297 2.9959042 2.8794995 3.0412433 3.0897724 2.4795722 3.0136973 2.8549030 3.0862043 3.0260706 3.1029128 2.5141100 3.2154382 2.8693913 3.2735800 3.0864535 2.9781954 3.3216629 3.6061324 2.9385968 2.8735232 3.2162390 3.3870415 3.1833460 2.9466530 3.0068167 3.1572072 2.9150280 3.2234044 2.9725547 3.0035307 3.0934472 3.1059481 2.8395798 3.3288671 1.5351937 2.1181108 2.3308181 1.5218503 2.9916479 2.6304932 2.2335885 2.2010690 2.7287492 2.4547637 2.8671539 2.8271060 3.0450944 2.7847854 2.8378317 2.9357536 2.8024305 1.5969048 1.6850656 3.0134892 3.0134892 2.4149215 1.3565249 2.9434380 2.7736400 3.0169856 2.8776472 2.9800107 2.8540946 2.9096041 2.8613592 
CollodictyonidaeEP00002Diphylleiarotans_11647857__GCYB2_HUMAN_Guanylate_cyclase_soluble_subunit_beta-2_OS_              1.3625811 2.2922143 2.2844890 2.4246122 1.4682115 2.3008511 2.2611343 2.3228510 2.2658301 2.2630504 2.2118601 0.0000000 2.7587851 1.8175399 1.0471820 1.4365075 1.4149116 2.3503421 2.2450214 2.0025594 1.9094346 1.8114326 2.1193732 2.4281729 2.0158524 1.3357490 1.4814756 1.4603047 2.0506782 1.6957280 1.9223820 2.5958261 1.6558164 1.2120452 1.5414720 1.5281703 1.3083018 1.8686323 2.1666327 2.1649097 1.1875564 1.4185964 1.6894004 1.8979230 1.9895469 1.2763135 1.4944437 1.7632768 1.6618428 1.2535492 2.3219203 2.3319351 2.0528834 1.7706708 2.2207498 1.8529966 2.4722746 1.9061676 2.8496991 2.0892642 2.5411831 2.5444386 2.4690652 1.4845169 2.3964256 2.4269535 2.2144830 2.1302055 2.9221790 2.2488505 2.0910220 1.4509796 4.9603995 2.2787563 3.8912288 1.8124712 2.0093112 1.9470221 2.5947101 2.4165064 2.5310502 2.1908511 2.2162815 2.4160131 1.9271437 2.0947231 2.1887254 2.8590409 2.0166751 2.1915521 2.2629026 2.1151889 2.2686205 2.4745084 1.9822065 2.1424404 2.0307542 2.5239565 2.1481727 2.6143636 2.1020193 2.3204101 2.2756784 2.0643181 2.5540769 2.5568933 2.4977150 2.1973362 1.9932644 2.6827875 2.7535313 2.2371526 2.2317410 2.5658363 2.6421851 2.6271756 2.9065609 2.1267243 2.1902749 2.4104583 2.3669413 2.5012143 2.7711365 2.2056299 2.8392074 2.2532109 2.7732559 2.7666489 2.3667246 2.3636220 2.2655402 2.4029437 1.7108532 2.1774810 2.1436075 1.1143509 3.0780488 2.3441183 2.3313630 2.1234792 2.3998414 2.2975471 1.9755717 2.6629218 2.2657088 2.2224120 2.2775379 2.0629036 2.6536105 1.3832894 1.6302858 2.2701110 2.2701110 2.3393037 1.4534562 2.6832798 2.1355339 2.2098115 2.2118377 2.2093833 2.7779082 2.1455858 2.1347909 
IchthyosporeaEP00126Sphaerothecumdestruens_14599556__GUC2E_RAT_Retinal_guanylyl_cyclase_1_OS_                           9.0000000 1.7963170 1.7963170 2.2277190 9.0000000 1.9765844 1.8719717 1.9651730 1.8642130 1.9068519 1.9901924 2.7587851 0.0000000 1.2768995 0.4147797 0.9464160 0.3337756 1.7642556 1.5143812 1.4203626 2.1199328 1.2236154 1.4460019 1.5679394 1.3413577 0.9420123 0.8821347 1.0659089 1.4775552 1.2693595 1.9005233 3.0108058 0.9963561 9.0000000 9.0000000 9.0000000 0.3093208 1.8651251 1.5166492 1.1950307 0.0000010 9.0000000 0.7123123 1.1533060 1.6404696 9.0000000 4.1560979 0.9491519 1.1170807 9.0000000 0.9058010 1.7083023 1.3652421 2.7391946 1.5216430 1.3175448 2.2885141 1.5509002 2.6156600 1.5495755 2.8655790 3.0930347 3.1078419 0.5245337 2.7609149 2.7319510 1.7915573 1.3918557 2.9427053 2.3599685 1.4762676 1.0661444 3.5103957 1.6055613 4.0663814 0.8707837 1.4124397 1.5975863 2.1737190 2.0259002 1.9352832 1.5656847 1.5217440 1.5014731 1.4829911 1.5068692 1.6434542 1.5460378 1.4526833 1.6281751 1.7607743 1.7615303 1.6869375 1.5002492 1.4750182 1.4352775 1.5145839 1.4988415 1.5895577 2.0463870 1.4431537 1.6050357 1.7262478 1.4695242 1.6507678 1.4215720 1.5804678 1.4343139 1.5046806 1.5794750 1.5950558 1.5171729 1.5282302 1.5006294 1.6550375 1.9855175 1.6139612 1.4820067 1.4483425 1.5527806 1.3803130 1.7879611 1.5850495 1.4769396 1.6030000 1.4463655 1.6034968 1.6043265 2.5428668 2.5428668 2.2150678 2.7159564 2.5155080 1.8781147 1.8075992 9.0000000 2.1004368 2.0762556 2.0762556 2.9254356 1.3203905 2.0988989 1.4299984 1.8312641 1.4708043 1.3889717 1.3033849 1.3947918 1.8312641 9.0000000 9.0000000 1.4806007 1.4806007 1.6998868 0.7093455 1.8061042 1.4720545 1.4266585 1.3074425 1.4556932 1.7835526 1.5106994 1.5032828 
IchthyosporeaEP00126Sphaerothecumdestruens_14602617__GUC2E_MOUSE_Retinal_guanylyl_cyclase_1_OS_                         1.2363802 1.4286286 1.4277442 1.7253892 0.8776391 1.8217857 1.7589839 1.7750654 1.7506984 1.6765468 1.6479286 1.8175399 1.2768995 0.0000000 0.5275912 0.8688173 0.9608978 1.4183957 1.1879792 1.0204345 1.8382369 0.7639016 1.1073436 1.7331023 1.1317315 1.0737553 0.8750982 0.9565988 1.0764914 1.0545156 1.0396783 1.4477684 1.1669907 1.0238668 0.9678846 1.0533708 0.9462093 1.5253952 1.1427151 0.8579286 0.8468153 0.8578520 0.9720194 0.9488112 1.2488061 1.0681346 0.7815110 0.9303562 0.8578649 0.8009709 1.3150484 1.3217514 1.2654721 1.3542679 1.1132286 1.0581628 1.5572804 1.3209075 1.8817193 1.0810812 1.6107654 1.5088690 1.6616606 0.9031906 1.5332263 1.4820557 1.2667760 1.1035266 1.7896805 1.4234245 0.9783027 0.8755741 4.4226743 1.3287791 3.3187936 0.7088132 1.1152470 0.9557053 1.1426676 1.6717966 1.7837490 1.4173575 1.4041370 1.3744349 1.3072279 1.2704687 1.3793906 1.3227809 1.3674764 1.3640667 1.2689443 1.2909487 1.2669569 1.3739702 1.2363964 1.3517352 1.3330209 1.3923457 1.1998503 1.8217956 1.2800645 1.4558920 1.6108225 1.2990525 1.5888027 1.3270293 1.3899826 1.2973865 1.3260539 1.4238734 1.5750630 1.2654826 1.2644639 1.5084380 1.6538578 1.9989580 1.4971817 1.4397392 1.2185742 1.3731263 1.3940021 1.6840004 1.5652953 1.2207251 1.5248616 1.3655902 1.5909404 1.5972215 1.3619723 1.3619723 1.4678913 1.5138876 1.4781803 1.4828253 1.4950682 0.8135261 1.7267305 1.3207392 1.3196839 1.6990853 1.2783392 1.6512424 1.1384953 1.4372510 1.0556066 1.0583995 1.0237087 1.2382690 1.4372510 0.9499836 0.9718731 1.0290379 1.0290379 1.6325207 0.9170977 1.3333707 1.0460519 1.0377321 1.0371924 1.0436492 1.3657848 1.0478816 0.9864289 
IchthyosporeaEP00126Sphaerothecumdestruens_14602683__GUC2F_BOVIN_Retinal_guanylyl_cyclase_2_OS_                         0.8565241 1.3953062 1.4446785 1.4905588 0.7093770 1.6708799 1.5035422 1.5345786 1.5615730 1.5466384 1.3124479 1.0471820 0.4147797 0.5275912 0.0000000 0.9128177 0.9199256 0.8308423 0.7331485 0.7169956 0.9998788 0.5054805 0.6615967 1.0460102 0.6697822 0.8912944 0.8577339 0.9379516 0.9018810 0.9363322 0.8412034 0.8921856 1.0222208 0.8569076 1.0814430 1.1869678 0.6690516 0.8781900 0.6568018 0.7803249 0.6357924 0.6968206 0.8716293 0.6599739 0.7740869 0.7932347 0.6464195 0.9000016 0.6322318 0.6410336 1.7038514 0.9082126 0.7955253 1.0756828 0.6604012 0.7875812 1.0333498 0.9929838 1.1166791 0.6435902 1.0018667 0.7287700 1.0290203 0.9380437 0.8455497 0.8263306 0.7361356 0.7648024 1.2544544 0.8628609 0.6618458 0.6421769 4.0278287 0.5962478 1.6669530 0.9976419 0.7070658 0.5979188 0.7529689 1.4196172 1.2765869 0.9587533 1.1896584 1.3565181 0.9458747 1.0086010 0.7281077 1.4762073 0.9557986 0.7157152 0.9983636 1.0192520 1.0149715 1.1646554 0.9027180 0.9417162 0.7228755 1.1021064 0.8539303 1.1220660 0.9525602 1.0765093 1.2153523 0.6586852 1.5893966 1.0361302 1.1866414 0.9059519 1.0289193 0.9174248 1.3713344 0.8089073 0.9295295 1.3743311 1.5240821 1.1761020 1.3671340 0.7188864 0.7809550 0.9870333 1.0330255 1.5368292 1.3729409 0.7842767 1.3266922 0.9400029 1.4026456 1.3729409 0.9229539 0.9229539 0.6918170 1.0252505 0.9475339 0.9491018 0.9778147 0.8517581 0.6191378 0.9650469 0.8517395 1.0734522 0.8728572 0.8872971 0.8963942 0.8033405 0.7493331 0.7148320 0.7670248 0.8125186 0.8033405 0.7176452 0.9250825 0.7224508 0.7224508 0.9403793 0.9309328 0.7228312 0.6937727 0.6670247 0.7677124 0.6827336 0.8105729 0.6951025 0.6126225 
IchthyosporeaEP00126Sphaerothecumdestruens_14610090__GC76C_DROME_Receptor-type_guanylate_cyclase_Gyc76C_OS_             1.1729507 1.4449843 1.4287121 1.7246881 1.0385359 1.7280136 1.8231315 1.8560256 1.8289779 1.8101082 1.6904001 1.4365075 0.9464160 0.8688173 0.9128177 0.0000000 0.9302621 1.2018007 0.9603584 0.8816273 1.2998974 0.7741561 0.8699626 1.2455573 0.9876473 1.1281002 0.8973129 0.9919313 0.9180068 1.1822310 0.7828723 1.0986125 1.1279527 1.1135083 1.0766061 1.0849190 1.0672404 1.1305097 0.9264820 0.9775174 0.8428109 1.0109141 1.0830789 0.8343293 1.1421385 1.2168244 0.9749488 1.0133737 0.9161166 0.9113931 1.2574983 1.1114164 0.9927283 1.1699832 0.9998994 1.0349538 1.0758772 1.1717258 1.2759213 0.8594669 1.1457354 0.9733571 1.1291943 0.8234870 1.0151460 0.9880388 0.9768933 0.8109070 1.3290616 1.2469029 0.8245159 1.0472123 4.3722484 1.1036107 2.8583234 0.9768108 0.8080476 0.6951127 1.1482821 1.3490808 1.6386771 1.0633426 1.0718153 1.1028034 0.9574778 0.8549802 1.2321126 1.2643382 0.9786310 1.2150458 1.0605514 1.0169164 1.1055081 1.1436907 0.7917662 0.9428192 1.0755853 1.1153509 0.8569286 1.6594665 0.9751802 1.1555242 1.3295973 0.9642118 1.3223241 1.1182951 1.2706601 0.8833541 1.0105305 0.9443401 1.3148494 0.8954064 0.9459493 1.3297439 1.3835378 1.5243948 1.3105766 1.0990069 0.8790573 1.0093506 1.1787140 1.3010367 1.3290957 0.8304137 1.3005496 0.8919935 1.3475518 1.3086224 0.9738913 0.9738913 1.0079625 1.0939730 1.2291344 1.2186243 1.2807019 0.8490711 1.4318003 1.3221898 1.2862119 1.8202224 0.8631165 1.3512299 0.9916836 1.3009807 0.9517571 0.9427051 0.9371127 1.0269196 1.3009807 1.1542749 1.0977351 0.8494999 0.8494999 1.4266384 1.0846802 1.2097140 0.8680662 0.9193951 0.9367713 0.9397584 1.2644403 0.8472377 0.9684437 
IchthyosporeaEP00126Sphaerothecumdestruens_14612099__GCY7_CAEEL_Receptor-type_guanylate_cyclase_gcy-7_OS_               1.3408415 1.3871432 1.2786566 1.7638587 1.2549649 1.5888816 1.5551280 1.5945650 1.5365132 1.5516316 1.4909673 1.4149116 0.3337756 0.9608978 0.9199256 0.9302621 0.0000000 1.1779030 1.1314652 0.9018777 1.2402606 0.8388223 0.9740422 1.4042630 1.0603961 1.2257005 1.1682823 1.1027975 1.0396917 1.3769646 1.0128567 1.1545360 0.9217079 1.0721928 1.1992017 1.1867248 0.9884536 1.0314586 0.9460263 1.0195133 1.0268295 0.9600296 1.1842147 0.8724361 1.1751346 1.1835330 1.1037919 1.3396768 0.9767893 0.8594722 1.6029794 1.1803994 0.9846007 1.3066071 1.1149432 1.0762266 1.2608074 1.2440448 1.3118812 0.9447071 1.1262652 0.9803726 1.1357801 1.3654332 1.0210570 1.0339857 0.9860810 0.8925540 1.5891516 1.3719893 0.9998775 1.1418396 4.1587687 1.1214019 3.0166720 1.0592489 1.0289296 0.7765837 1.0275103 1.4399493 1.4622415 1.0419600 1.1958170 1.0540797 0.8723643 0.9006783 1.0676840 1.1779729 0.9361306 1.0744490 1.1404548 1.1332086 1.1399477 1.0519032 0.9112275 0.9439368 1.0896984 1.1463177 0.9486580 1.5562817 0.9656991 1.1351864 1.3887423 1.0632306 1.4177006 1.0510415 1.1756098 0.9707355 0.9911250 1.1933133 1.2323165 1.0272748 0.9559863 1.2365496 1.3095445 1.4865092 1.3012432 1.0806543 0.9745494 1.0902751 1.2370911 1.3118806 1.2500924 0.9994594 1.2885799 1.0095833 1.2699170 1.2640587 1.1812696 1.1812696 1.0877143 1.1143629 1.4178012 1.4969486 1.4631051 0.9344786 1.3831180 1.2893205 1.2547520 1.6058123 0.9886492 1.2212642 1.0287995 1.1975208 0.9760112 0.9843570 1.0444555 1.0510751 1.1975208 1.0001503 1.1581870 1.0119311 1.0119311 1.4143250 1.0489652 1.1504577 0.9750443 0.9934936 0.9881795 0.9670616 1.1830995 0.9765362 0.9733150 
MetazoaAnnelidaEP00103Capitellateleta_64940__GCY_STRPU_Speract_receptor_OS_                                             0.3151240 2.0118666 1.9340583 1.9300675 1.0188135 1.9434800 1.8835415 1.8758476 1.9068027 1.9478019 1.9419548 2.3503421 1.7642556 1.4183957 0.8308423 1.2018007 1.1779030 0.0000000 1.4958725 1.3973789 1.9453918 1.0996334 1.3924849 1.5451678 1.3768734 1.2741662 1.0255745 1.1799928 1.4082316 1.2507432 1.9849720 2.5595886 1.1893743 0.5718027 0.9330636 0.8285075 0.9637254 1.4383238 1.3853790 1.1150152 0.8174225 0.8657075 1.1647780 1.2909958 1.6831150 0.7480437 1.1437517 1.2644541 1.1373250 0.7580042 1.3184387 1.4886635 1.3993099 1.5383564 1.4726310 1.2535976 1.9938729 1.3449895 2.2552514 1.2842522 2.7344686 2.7922501 2.7661819 0.5076804 2.6167813 2.6434730 1.7919151 1.3265443 2.1616664 2.3754864 1.3394303 1.0510702 4.3786267 1.8345828 3.7658523 1.3446803 1.4161909 1.3280961 1.9519854 1.9457271 1.8586068 1.6496926 1.5281670 1.5161391 1.3730336 1.4676962 1.5415101 1.5933869 1.4590262 1.5390265 1.6219760 1.6332261 1.6020162 1.4950752 1.3957808 1.4644812 1.4168084 1.5756070 1.4665463 1.9606868 1.4199638 1.6876638 1.7512637 1.4039375 1.6041932 1.6431017 1.6101624 1.4210156 1.5093597 1.7069856 1.6490911 1.4842415 1.3736067 1.7662499 1.8469836 1.7734114 1.6494797 1.4189175 1.4218687 1.5127855 1.4628243 1.9027114 1.6356794 1.5241357 1.6410274 1.4049207 1.6614905 1.6379658 2.2810219 2.2810219 2.0021250 1.8364605 1.5173200 1.6357141 1.6460082 1.0531036 2.0540228 1.8434052 1.7779084 2.2180644 1.2736472 2.0101243 1.5767354 1.6363205 1.3899339 1.3734150 1.3672741 1.2332683 1.6363205 1.2721165 1.0567982 1.3160642 1.3160642 1.6485959 0.9078875 1.6318232 1.3687282 1.3922486 1.4406771 1.3251955 1.6521952 1.4230208 1.3458369 
MetazoaAnnelidaEP00103Capitellateleta_65266__ANPRA_HUMAN_Atrial_natriuretic_peptide_receptor_1_OS_                      1.0009785 1.7296726 1.7115980 1.8659371 0.7153641 1.7940388 1.7222319 1.7664767 1.7670822 1.7043800 1.8125836 2.2450214 1.5143812 1.1879792 0.7331485 0.9603584 1.1314652 1.4958725 0.0000000 1.2211125 1.6956625 0.9485960 1.2319008 1.5435200 1.3437158 1.0607148 0.9404868 1.2896513 1.3768794 1.1416427 1.6338258 2.2663678 1.0916658 0.7588502 0.7794871 0.9314644 0.7525939 1.4548461 1.3654054 1.1535164 0.6761824 0.7739541 0.8812158 1.1624808 1.4348973 0.9883073 0.7160750 0.8248790 0.8781921 0.6926608 1.2431993 1.5255288 1.3356246 1.3139565 1.3128765 1.1752304 2.1158917 1.2713006 2.3292390 1.2262084 2.6249186 2.9017132 2.5880442 0.7418078 2.3923113 2.4002306 1.5958987 1.2439776 2.6238495 2.2274336 1.2121704 0.8416155 3.9566108 1.4483181 3.5192542 0.9832368 1.2886730 1.2609520 1.9869562 1.9087680 1.9755053 1.5985086 1.6166907 1.5984434 1.4659700 1.5581079 1.5017926 1.7359080 1.5370174 1.5058829 1.5855385 1.5576243 1.5530539 1.4454374 1.4458485 1.5261787 1.3256761 1.6470641 1.5004254 2.0431917 1.4586672 1.6423975 1.9316666 1.3059475 1.8782352 1.3931182 1.4949730 1.6278617 1.5191289 1.5781095 1.6697532 1.5240638 1.4968185 1.8088854 1.8337678 2.0610145 1.6585949 1.4009726 1.4393344 1.6407603 1.4064914 1.9356082 1.6741796 1.3858005 1.6506543 1.5548978 1.6920970 1.6758470 1.9556520 1.9556520 2.0369273 1.7335187 1.0906503 1.5868390 1.5592903 0.8865043 2.3191459 1.8239154 1.8077993 1.9026491 1.5259238 1.7421331 1.4005229 1.5567749 1.3285592 1.3416227 1.3855336 1.3027794 1.5567749 0.8050992 0.8813868 1.3583008 1.3583008 1.6344075 0.8076160 1.6121814 1.2729486 1.3452361 1.2740875 1.3072539 1.6202689 1.3218278 1.2440651 
MetazoaAnnelidaEP00103Capitellateleta_69643__ANPRB_BOVIN_Atrial_natriuretic_peptide_receptor_2_OS_                      0.9721805 1.6193669 1.6154545 1.7522858 0.7086397 1.8811055 1.7491405 1.7724349 1.7913939 1.7415713 1.6221738 2.0025594 1.4203626 1.0204345 0.7169956 0.8816273 0.9018777 1.3973789 1.2211125 0.0000000 1.5163987 0.6575502 1.0447469 1.3964874 1.0570904 0.9687650 0.7959256 0.9715288 1.0945920 0.9679502 1.5156908 1.8302101 0.9353907 0.6438153 0.7373160 0.7486748 0.6525898 1.1159219 0.9854401 0.8940973 0.5758525 0.6355347 0.8613684 0.8392079 1.1951915 0.7211280 0.7647221 0.8658898 0.6929157 0.5933259 0.9300032 1.0548372 0.9935578 1.1730980 1.0337113 1.0703171 1.7421131 1.0984508 2.0168213 0.8942151 1.9340835 2.0588043 1.8995000 0.7921571 1.7814308 1.8008836 1.6503728 1.0025501 2.1267087 1.8794203 0.9148153 0.6770824 3.9521957 1.1435304 3.1391590 0.8232633 1.0500831 1.0834931 1.7223097 1.6072233 1.7722054 1.3168912 1.4106877 1.4913643 1.2863001 1.2725725 1.2107585 1.5291676 1.3039592 1.2057319 1.3049805 1.3955461 1.2956274 1.2304054 1.1813101 1.3302460 1.0544490 1.4141935 1.3217022 1.7780417 1.2303145 1.3306108 1.5397033 1.0464118 1.6499538 1.3786689 1.3708352 1.2790669 1.3438164 1.4597018 1.4986215 1.2276365 1.3060905 1.5806728 1.4781976 1.7751184 1.5258246 1.1459358 1.1995519 1.3262546 1.2835734 1.5964183 1.5178277 1.2530337 1.5280255 1.2395852 1.5114315 1.5246331 1.6312330 1.6312330 1.7808304 1.6736071 1.3522210 1.3485575 1.3565779 0.8109999 2.0438186 1.6373823 1.6459660 1.4628420 1.0781545 1.6159735 1.1209195 1.4245795 1.0882745 1.0949970 1.0812908 1.0462568 1.4245795 0.8143664 0.9586493 1.0906027 1.0906027 1.4807394 0.8055795 1.3215106 1.0805505 1.1610000 1.1358552 1.1589093 1.3367024 1.1011581 0.9813961 
MetazoaAnnelidaEP00103Capitellateleta_75654__ANPRA_HUMAN_Atrial_natriuretic_peptide_receptor_1_OS_                      1.5109765 2.5814826 2.1609165 2.7529066 1.1545909 2.9130014 2.8052070 2.7674569 2.9202045 2.6799840 2.5341341 1.9094346 2.1199328 1.8382369 0.9998788 1.2998974 1.2402606 1.9453918 1.6956625 1.5163987 0.0000000 1.3523581 1.7889715 2.8146426 1.7409389 1.1581292 1.1595983 1.2300901 2.1503280 1.2452454 1.7653594 1.6795533 0.9682011 1.2885299 1.2692994 1.3308917 1.2584283 1.8630823 2.1890841 1.8985616 1.1802359 1.2446883 1.3175350 1.5478876 1.8620264 1.2649457 1.1761211 1.2692178 1.4542037 1.1100744 1.5609626 2.0327114 1.7445955 1.7896888 2.3292024 1.2298354 1.8936173 1.2468955 2.0871816 1.9779664 1.7928658 1.8684544 1.7280944 1.2343479 1.5684506 1.4925204 1.6827779 2.0060716 1.9175516 2.2385122 2.0454723 1.1145178 4.1447154 2.3935273 3.8260332 1.4073413 1.8114491 1.8467473 1.6385637 2.8146554 2.9139162 2.4925580 2.4090446 2.4687404 2.2987305 2.2217643 2.6015853 2.7850525 2.1291514 2.5567374 2.3536001 2.4117735 2.2469758 2.3131378 2.2213284 2.2704077 2.2842923 2.4333528 2.0451011 2.5621029 2.3235717 2.6701387 2.2511009 2.2579735 2.6069215 2.5729132 2.5752443 2.3751185 2.2590622 2.7373892 2.3523626 2.3688091 2.3983188 2.7853675 2.9458101 2.6270983 2.5024800 2.3644131 2.4436582 2.6209584 2.6362147 2.9483787 2.3685690 2.2722646 2.3781782 2.3934497 2.3368042 2.3501999 1.7230319 1.7230319 1.7065239 2.2288172 1.3044432 2.2245204 2.2080524 1.1525423 3.3785275 2.4081710 1.8881375 1.7006475 2.2155605 2.1522308 2.2622863 2.6677651 2.2724951 2.1164039 2.2393929 2.5646420 2.6549823 1.4029067 1.3032026 2.1699862 2.1699862 2.1377767 1.2258220 2.5058715 2.3081417 2.1947254 2.2840210 2.1382164 2.4706799 2.2696838 2.3717229 
MetazoaAnnelidaEP00103Capitellateleta_75815__GUC2E_RAT_Retinal_guanylyl_cyclase_1_OS_                                   0.2837290 1.5071292 1.4772528 1.5531210 0.5397712 1.5403193 1.3826272 1.4412632 1.4066562 1.4035473 1.3938611 1.8114326 1.2236154 0.7639016 0.5054805 0.7741561 0.8388223 1.0996334 0.9485960 0.6575502 1.3523581 0.0000000 0.7679838 1.0260683 0.8221024 0.8656951 0.5868920 0.8871236 0.8606417 0.9927679 0.8664564 1.1504883 0.9323466 0.2545936 0.6387569 0.6242379 0.5548942 0.8975970 0.6207846 0.5962244 0.4420083 0.4191791 0.6070966 0.8069615 0.9082668 0.4963315 0.4810403 0.5707203 0.5895950 0.5141632 0.8560612 0.9560106 0.8749541 1.2105291 0.6846309 0.9333907 1.1141877 1.0379456 1.3545081 0.6789477 1.2846657 1.2880672 1.2771343 0.3014874 1.2515749 1.2015494 0.9337477 0.6554372 1.2720086 1.1739045 0.6990656 0.7220867 3.6601251 1.0171610 3.2820943 0.9042537 0.7067929 0.6487791 1.1757263 1.3863448 1.3739600 0.8613519 1.0922581 1.0850378 0.8969035 0.9504377 0.9046856 1.0328839 0.9344209 0.8998756 0.9428140 0.9650059 0.8916808 0.9194112 0.8538559 0.9219586 0.7606706 1.1147208 0.9214167 1.4938531 0.9297921 0.9545637 1.0557185 0.6742234 1.2510114 1.1098160 0.9538769 0.8442054 0.8518836 1.0324600 1.1368139 0.8640437 0.8900861 1.1438591 1.0921840 1.2269935 1.1153778 0.7876845 0.8424369 0.9546057 0.9859246 1.4090981 1.1197049 0.8146535 1.1196324 0.8641551 1.1542076 1.1425040 1.1641776 1.1641776 1.3099308 1.2279574 0.9678141 1.2474903 1.2430439 0.5446829 1.5881796 1.2275164 1.2275164 1.6617510 0.7838031 1.3208213 0.7786911 1.0526636 0.6638458 0.7191956 0.6751685 0.8348549 1.0526636 0.6323057 0.7805073 0.6335334 0.6335334 1.0415565 0.7011492 0.9532489 0.6931836 0.6347128 0.7572188 0.6159419 0.9845498 0.7015571 0.7757101 
