102
MetazoaAnnelidaEP00103Capitellateleta_71942__GBG1_DROME_Guanine_nucleotide-binding_protein_subunit_gamma-1_OS_                                      0.0000000 1.1502655 0.3317562 1.6417890 0.9867824 1.7409360 0.9814153 1.1560725 1.0503086 1.7745013 1.9307972 1.2773825 0.9630799 1.3483797 1.8041419 1.6495583 1.4977187 1.9200902 1.8643516 1.9377651 1.7981023 1.3423210 1.6636206 2.2027811 1.3250469 1.8102104 1.3190713 1.8182176 1.7814530 1.4249133 1.6077432 1.1336698 1.5190488 1.2784719 2.1272221 1.4007886 3.0794797 2.7790409 0.4791915 0.4791915 0.5628404 1.8891339 1.3834108 1.7267482 1.4960776 1.8071108 1.3026119 2.2969437 2.2052182 1.7894219 1.7138919 1.6421377 1.6180166 1.2913504 1.5588690 1.0066472 2.1163049 1.6520119 1.5877059 2.3830917 2.8369146 1.7804168 1.6968979 1.4409590 1.5552324 1.4845146 1.3407351 2.7055562 1.8084231 1.7414789 1.8563992 1.6466199 1.9817117 1.6042840 2.7268334 1.2189542 1.7000662 1.3969777 1.6943696 3.1990269 1.8182573 1.3413192 1.4537537 1.7314814 1.4766742 1.9095428 1.9327279 1.6117261 1.7823921 2.4731417 1.4981830 1.6093165 2.1140902 1.6487845 1.4149562 1.5469693 1.9741318 1.4212640 2.1611472 1.7248475 1.4624447 2.7365752 
MetazoaAnnelidaEP00103Capitellateleta_74031__GBG7_MOUSE_Guanine_nucleotide-binding_protein_G_I_/G_S_/G_O__subunit_gamma-7_OS_                       1.1502655 0.0000000 1.4580141 1.3340934 0.7636039 1.9954796 1.3646515 1.6714759 1.4294268 1.7966046 1.9656975 0.8519810 0.4923553 1.0320468 1.0278045 1.3420598 0.8620393 1.6605853 1.8824147 1.7963795 2.2596791 1.6079416 1.4247994 1.7928342 1.6173435 1.8773971 1.6144401 2.0346134 1.4675266 1.1365684 1.5039136 1.2051660 1.1826676 1.1483807 1.6301985 1.1418566 3.3327299 2.5489725 1.6825992 1.6825992 1.1962587 2.1257702 1.4801785 1.7845604 1.6094887 1.9098441 1.3877533 2.2399683 1.9550654 1.6496428 1.6779962 1.7954800 1.8819635 0.9767362 1.2990063 0.6819788 1.6366485 1.3350896 1.1085578 2.0815185 2.6359941 1.6902946 1.2216493 1.2337964 1.2313111 1.2069616 0.9027395 2.7652019 1.7272145 1.6979399 1.2527239 1.4020409 1.3934538 1.3539594 2.6222018 1.0302540 1.1261732 1.6277726 1.6703288 3.0211772 1.9017961 0.8869396 1.2716189 1.3591470 1.1774958 1.6330486 1.5512765 1.3706903 1.3774945 2.8274903 1.0399399 1.2620539 1.6420167 1.3494988 1.2827347 1.2974013 1.5493432 0.9141567 2.4170942 1.3825617 1.0669831 2.9408337 
MetazoaAnnelidaHelobdellarobusta_105958__GBG1_DROME_Guanine_nucleotide-binding_protein_subunit_gamma-1_OS_                                          0.3317562 1.4580141 0.0000000 1.5878734 1.0409972 2.1604264 0.8785923 1.2798539 0.9596985 2.1951124 2.2951750 1.2386969 1.1357257 1.4783530 1.6906042 1.5812450 1.3805414 1.7442651 1.7332229 1.7530136 2.1311263 1.6200023 1.5768352 2.2634182 1.5911718 2.2038259 1.1732466 1.6064571 1.6410723 1.3121656 1.6283660 1.1777100 1.1272657 1.2204977 2.1743612 1.4087816 3.1191554 2.6617044 0.5051289 0.5051289 0.6293876 2.1826485 1.5900500 2.1878310 1.4933572 1.5727427 1.2538474 2.3887904 2.0298108 1.8567828 2.3283266 1.5272753 1.7200276 1.4829606 1.5038666 1.1301735 2.6048561 1.4332858 1.4069284 2.7405967 2.7739049 1.5638194 1.7416919 1.4584359 1.3754230 1.3394430 1.2690125 2.7275500 1.7387513 1.7747475 1.6163545 1.5615794 1.9188064 1.5925756 2.6435536 1.2973358 1.6226427 1.1963105 1.5636126 3.0119923 2.0113374 1.2996494 1.4605989 1.4003029 1.3034781 1.7445118 1.7710652 1.5263102 1.5697079 2.5482756 1.4604686 1.5090151 1.8355875 1.5752827 1.4972306 1.4500798 1.7619758 1.3842096 2.2119574 1.4002108 1.4260308 2.7931856 
MetazoaAnnelidaHelobdellarobusta_107636__GBG1_DROME_Guanine_nucleotide-binding_protein_subunit_gamma-1_OS_                                          1.6417890 1.3340934 1.5878734 0.0000000 1.6088058 1.5213812 1.4677905 1.3512123 1.0170062 1.5528690 1.6713125 1.8257089 1.4416099 1.7401402 1.7794974 2.2031722 1.2687529 1.7663282 2.4018516 1.7992387 2.9884824 1.7855482 2.0225900 2.1433042 1.7703786 1.5803016 1.4541840 2.4345656 2.0255901 1.8210813 1.9509149 1.5049542 1.5826643 1.4287344 1.5492222 1.5319864 3.4354221 2.7184723 1.8509127 1.8509127 1.6755135 1.4847544 1.6081530 1.6636501 1.5955640 1.4037040 1.4462070 1.6856339 2.3287090 1.3923522 1.9214248 2.2390351 2.2508993 1.3643134 1.6452769 1.5398305 1.3193004 1.7717858 1.6638238 3.6995829 2.6953445 2.4529711 1.4507551 1.7993997 1.6090597 1.9332077 1.3511914 2.2841011 1.9995526 2.0182782 1.8731054 1.8683686 1.9321854 2.4880158 2.3177511 1.5340638 1.7642972 1.8590559 2.1977998 2.4825397 2.2593748 1.3222932 1.7150018 1.6229033 1.6094720 2.0117015 2.1889563 1.8015367 1.9161878 2.5259378 1.4460658 1.8633908 2.3140702 1.6187349 1.6990634 1.9296555 2.2162629 1.4340258 2.2656041 1.6174033 1.3927871 2.5596516 
MetazoaArthropodaDaphniapulex_195237__GBG12_BOVIN_Guanine_nucleotide-binding_protein_G_I_/G_S_/G_O__subunit_gamma-12_OS_                            0.9867824 0.7636039 1.0409972 1.6088058 0.0000000 1.7993175 1.1097248 1.3688406 1.1956231 1.7892831 1.7341040 0.3370455 0.6620568 1.2363425 0.7271319 1.2366961 0.9266406 1.2406651 1.4682634 1.2465177 1.7829423 1.2373617 1.2488922 1.5265107 1.2627153 1.7297449 1.1467989 1.3519453 1.1644765 0.8422776 1.0756396 0.8308414 0.6877797 0.8694440 1.6644819 0.7265519 2.7761353 2.3895474 1.2264375 1.2264375 1.0023308 1.7369448 1.1067220 1.4661658 1.2629774 1.2922893 1.0042724 1.7371639 1.2311725 1.1655893 1.5855285 1.4458167 1.2889263 0.7068515 1.1325019 0.5016452 1.7070486 0.9365369 0.7773984 1.8013491 1.9627198 1.8283450 0.6911537 0.7833114 0.9563189 0.8867665 0.8713832 2.4447698 1.3789877 1.8287677 0.8984759 1.0586195 1.0252754 1.0219446 2.3278349 0.7392650 1.1142230 1.1150234 1.1663418 2.4200559 1.7253762 0.8875519 0.9838746 1.0001258 0.9161766 1.2269691 1.3454975 1.0112262 0.8815166 2.4470751 0.7156017 1.0039393 1.0769219 0.9432967 0.9944800 0.9617694 1.3507355 0.8980334 1.7493563 1.0756094 0.7060947 2.5725646 
MetazoaArthropodaDaphniapulex_208806__GBGE_DROME_Guanine_nucleotide-binding_protein_subunit_gamma-e_OS_                                             1.7409360 1.9954796 2.1604264 1.5213812 1.7993175 0.0000000 2.3270973 2.3657140 1.8971184 0.2062102 0.1932993 2.3249556 1.8973324 2.0197377 1.9381855 2.2341085 1.8181202 2.5935448 2.6314493 2.7069225 3.0090843 2.3990176 1.9525748 2.6995994 2.4456373 1.0267082 2.7980485 2.4089291 2.2683286 2.6621671 1.9601608 1.8623487 1.9069062 2.0416624 1.1657061 2.0588557 1.8740165 2.7208909 2.3541011 2.3541011 2.1758569 1.1890974 2.3882274 1.0955633 2.4144614 2.9430673 2.0125835 1.1797560 2.4985295 2.4008509 1.0337081 2.0051944 2.6337179 2.1503062 1.9203982 2.0094822 0.7236880 2.0436620 2.1118389 4.1429932 1.5737161 1.9092341 2.1285754 2.2193024 1.9509392 2.0345695 1.8311406 1.3744817 1.9171098 1.6063041 2.4702899 2.1646401 3.0601898 2.4684756 1.8044499 1.9223805 2.0787519 2.2119289 2.3026185 1.8159202 1.6947403 1.9338541 1.9956552 2.2779927 1.9631925 1.7057715 1.4359761 2.1082268 2.4639325 1.4834295 1.7685210 2.1525913 2.5410897 2.1303826 2.0490092 2.2224382 1.4241098 1.9846375 1.8433441 2.3331129 1.7715472 1.5905561 
MetazoaArthropodaDaphniapulex_210896__GBG1_DROME_Guanine_nucleotide-binding_protein_subunit_gamma-1_OS_                                             0.9814153 1.3646515 0.8785923 1.4677905 1.1097248 2.3270973 0.0000000 0.6728164 0.5053692 2.3556244 2.5110464 1.2096363 1.1078261 2.0535524 1.3344780 1.6120339 1.2464280 1.5210460 1.9929133 1.6664645 2.9531242 1.9348385 2.0006263 1.8820607 1.9150899 2.0920556 1.3982288 2.0658775 1.3109178 1.4085765 1.6318143 1.0642854 1.0350304 1.2543541 2.4383122 1.3332916 3.0990154 3.2716292 0.9806669 0.9806669 0.9312491 2.1062830 1.6379532 1.8505767 1.6848462 0.9737928 1.6981169 2.2382307 2.0109807 1.9621978 1.6727713 1.6274929 2.0073980 1.4384786 1.4182696 1.1539067 2.1024001 1.1503800 1.2609322 2.4639645 2.9372899 2.0992496 1.3951970 1.1822720 1.3902413 1.4349018 1.1869299 2.6606806 1.7841211 2.0871761 1.4925537 1.5319278 1.8861732 2.1385303 2.9994720 1.0794797 1.3190288 1.6335600 1.3280542 3.2456402 2.0971815 1.2000294 1.2600940 1.4813519 1.2889071 1.8268903 1.9044044 1.4627665 1.3949182 2.8471627 1.1083749 1.6014630 1.6356749 1.2213560 1.2966633 1.5344399 1.8902958 1.2670902 2.3822224 1.4982376 1.1874279 2.7763786 
MetazoaArthropodaDrosophilamelanogaster_240563__GBG1_DROME_Guanine_nucleotide-binding_protein_subunit_gamma-1_OS_                                   1.1560725 1.6714759 1.2798539 1.3512123 1.3688406 2.3657140 0.6728164 0.0000000 0.5119714 2.5731059 2.4789275 1.5978671 1.4892399 2.1297340 1.8150999 2.1128185 1.7479162 2.3324117 2.5726893 2.4108566 3.0285248 2.0745069 2.5677222 2.8188159 2.0512354 2.1957154 1.6219324 2.2918336 1.8664247 2.0172883 2.1836236 1.1649309 1.3221721 1.6164668 2.3616371 1.8015100 3.5308990 3.0557499 1.4695502 1.4695502 1.3073306 1.8439998 1.8854834 2.1371391 2.0801187 1.3301029 2.0674066 2.4615312 2.3791502 2.3998033 2.1289428 1.5896786 1.6548830 1.6808176 1.6306768 1.4565020 2.4459989 1.6558857 1.6438654 3.4949236 2.9796969 2.9471191 1.4770843 1.6239983 1.6742610 1.8082672 1.7827205 3.5634407 1.9492911 2.9712501 1.8285408 2.2671862 1.8758993 2.5354794 3.7858304 1.5085816 1.8401226 1.8145799 1.9242448 4.2247462 2.8474985 1.7507404 2.0526995 1.8633955 1.6348059 2.2780198 2.3603121 2.1663655 1.7878464 3.8287659 1.6588948 2.0866595 1.7741046 1.7643019 1.9975050 1.9957945 2.3503432 1.8623040 3.3625706 1.8665829 1.6905634 3.9291034 
MetazoaArthropodaDrosophilamelanogaster_243579__GBG1_DROME_Guanine_nucleotide-binding_protein_subunit_gamma-1_OS_                                   1.0503086 1.4294268 0.9596985 1.0170062 1.1956231 1.8971184 0.5053692 0.5119714 0.0000000 2.0405846 2.2425013 1.1531361 1.1667816 1.3910609 1.5601664 1.9849155 1.2824297 1.6446900 1.8177431 1.6832156 2.5380512 1.8895930 2.1577710 2.4994529 1.8795102 2.0663208 1.3002677 2.0279976 1.5520189 1.5691571 1.9555260 1.0782197 0.9645742 1.1406871 2.1502319 1.5323478 2.9130936 2.6776411 0.9711490 0.9711490 1.1316466 1.7623268 1.4750099 1.9773742 1.4744326 1.1302497 1.7414664 1.9650324 2.3519465 1.9037009 1.9694557 1.2836213 1.6469882 1.3579365 1.1960989 1.3322589 2.6059599 1.4349883 1.4407602 3.0797051 2.8845377 2.3905029 1.5075061 1.4074585 1.4134635 1.3970427 1.3984707 2.4582111 2.0187365 2.2177140 1.5631181 1.8841545 1.6592649 2.1488291 3.1712662 1.3141530 1.3944769 1.4943340 1.6236209 2.5811424 2.4835244 1.4501528 1.3736336 1.6619539 1.3005683 1.9417094 2.1395595 1.8000595 1.4644776 2.5113128 1.3069046 1.6778886 1.5792351 1.3769952 1.4115508 1.6079787 2.0714831 1.5306876 2.2744307 1.6815964 1.2548463 2.5520996 
MetazoaArthropodaDrosophilamelanogaster_247041__GBGE_DROME_Guanine_nucleotide-binding_protein_subunit_gamma-e_OS_                                   1.7745013 1.7966046 2.1951124 1.5528690 1.7892831 0.2062102 2.3556244 2.5731059 2.0405846 0.0000000 0.2031821 2.0063089 1.5441309 2.1215685 1.7786558 2.0368655 1.8501511 2.6363423 2.3193787 2.7788720 2.4580464 2.3071758 1.7762421 2.3238762 2.2392594 0.8999867 2.6118227 2.0814213 2.1049839 2.7515080 2.3656810 1.9610944 1.8293593 1.9343846 1.1458546 1.9513935 2.6503586 2.8842171 2.3995008 2.3995008 2.1044405 1.0628281 1.9533641 0.9956466 2.3276280 2.6790960 1.8839925 1.0619736 2.3119513 2.6038475 1.1007013 1.9727895 2.5037024 2.1134629 1.9575373 2.0667397 0.7379746 2.1427428 2.2640893 3.7227900 1.4388444 1.9929921 2.4952079 2.1819432 1.9313097 2.1213750 1.9555929 1.2113182 1.9933464 1.8495278 2.2823831 2.2359493 2.4533280 2.0457363 1.6558098 2.1137684 2.1092222 2.1058236 2.3419200 1.5720526 1.9426096 1.9655106 2.0940538 2.2755419 1.9819022 1.8233112 1.6284002 2.1548036 2.2953275 1.2283401 1.8946619 2.0857801 2.3626084 2.2660810 2.1435708 2.1594996 1.6167168 2.1090199 2.1606871 2.3750858 1.9072507 1.3108181 
MetazoaArthropodaStrigamiamaritima_1172579__GBGE_DROME_Guanine_nucleotide-binding_protein_subunit_gamma-e_OS_                                       1.9307972 1.9656975 2.2951750 1.6713125 1.7341040 0.1932993 2.5110464 2.4789275 2.2425013 0.2031821 0.0000000 2.2284944 1.7339965 2.2707931 1.7646528 2.2183626 2.0358682 2.7794075 2.4158383 2.9759592 2.6325302 2.4397376 1.8400776 2.4387648 2.4511674 0.8421333 2.6537850 1.9387307 2.0657367 2.7063575 1.8252313 1.8626495 2.1057741 2.3333838 1.0985161 2.3154432 2.0923964 2.8468643 2.4468244 2.4468244 2.0819013 1.1447867 1.9153778 1.0456630 2.1905896 2.9468598 1.6602354 1.2156365 2.1387881 2.3261475 1.2021971 1.7305087 2.3178075 2.2334191 1.8655159 2.0226666 0.7637438 2.1358862 2.2922044 4.4924259 1.6427188 2.2723885 2.3790677 2.3452064 2.1714782 2.2005486 2.2519185 1.4181054 1.9545589 1.7602338 2.3941160 2.4285773 2.3539002 2.4272708 1.7703384 2.2036162 2.4695216 2.2213262 2.2212682 1.9420349 1.7819861 2.1945248 2.3113118 2.4179179 2.2313609 1.6992732 1.5443225 2.3468747 2.4133197 1.4289102 2.2228215 2.4023906 2.4881881 2.4078761 2.3020039 2.3009429 1.5322996 2.2406198 1.9407122 2.4780294 2.2315689 1.5323588 
MetazoaArthropodaStrigamiamaritima_1183135__GBG2_PONAB_Guanine_nucleotide-binding_protein_G_I_/G_S_/G_O__subunit_gamma-2_OS_                        1.2773825 0.8519810 1.2386969 1.8257089 0.3370455 2.3249556 1.2096363 1.5978671 1.1531361 2.0063089 2.2284944 0.0000000 0.8041897 1.5179366 1.0366687 1.4023821 1.0681397 1.5532924 1.6885505 1.6794474 2.1752091 1.7381199 1.4156717 1.8891941 1.7193646 1.9785150 1.4770318 1.7454835 1.0973532 1.0204368 1.3624773 0.8842852 0.7339808 0.9002742 2.0089319 0.8669436 2.4561157 2.9474173 1.4262853 1.4262853 1.1458001 2.3995104 1.2099042 2.1305968 1.2362186 1.3913334 1.1271260 2.3119641 1.5107031 1.2526789 2.2375382 1.6722417 1.8260586 0.8296280 1.0956959 0.6628932 2.0075294 1.2368501 0.9191650 2.1736655 2.3832138 1.7944815 1.1102996 0.9915922 1.0876649 1.0710767 1.0824179 3.0177681 1.5113788 1.9366773 1.1597801 1.4606955 1.1302177 1.1271078 2.5838504 0.9877846 1.2415126 1.3492528 1.6409690 2.9251380 1.8549930 1.0457036 1.2375345 1.3149936 1.0479889 1.5850998 1.5553415 1.4205052 1.0932158 3.1527817 0.9852884 1.1635155 1.3300466 1.1314322 1.2482943 1.2048599 1.5469088 1.0350736 2.1319852 1.3302765 0.9779955 3.2205718 
MetazoaBrachiopodaLingulaunguis_1287194__GBG12_BOVIN_Guanine_nucleotide-binding_protein_G_I_/G_S_/G_O__subunit_gamma-12_OS_                         0.9630799 0.4923553 1.1357257 1.4416099 0.6620568 1.8973324 1.1078261 1.4892399 1.1667816 1.5441309 1.7339965 0.8041897 0.0000000 1.0735651 0.8557832 1.5754575 0.9560496 1.8260336 1.7020007 1.9691689 2.1171205 1.6343729 1.3181881 1.8509302 1.6138477 1.6491835 1.4826267 1.7423522 1.1479981 1.0672516 1.3472966 0.7955291 0.8616285 1.0464358 1.2094187 0.9907089 2.7881250 2.3492253 1.3759099 1.3759099 1.0480578 1.8759237 1.3783121 1.7186604 1.5399869 1.4978973 1.3374846 2.1160376 1.5450466 1.4863051 1.3777152 1.4719988 1.3472387 1.0635308 1.0556042 0.7073669 1.8958427 0.9984782 1.0094775 2.3183544 2.5703394 2.0336446 1.1239331 0.9789750 1.1467835 1.2588249 0.9217882 2.3780145 1.9797152 1.9538256 0.8655308 1.2548590 1.0158106 1.1424612 1.9083166 0.8704625 1.2645152 1.2516555 1.3832503 2.5712384 1.7506604 0.9657311 1.1869807 1.0185936 1.1329297 1.7938347 1.8336298 1.1827426 0.9415154 2.1346293 0.9299740 1.2912745 1.1497436 1.1571017 1.1840062 1.2366053 1.8591019 1.0420849 2.0425319 0.9983915 0.9209752 2.1324409 
MetazoaBryozoaBugulaneritina_2498538__GBG12_MOUSE_Guanine_nucleotide-binding_protein_G_I_/G_S_/G_O__subunit_gamma-12_OS_                            1.3483797 1.0320468 1.4783530 1.7401402 1.2363425 2.0197377 2.0535524 2.1297340 1.3910609 2.1215685 2.2707931 1.5179366 1.0735651 0.0000000 1.4994354 1.6804840 1.3544905 1.7093750 2.0712710 1.8363408 2.6771047 2.0604180 1.8991322 2.5175644 2.0842346 2.4960143 1.8826578 2.3818406 2.1025034 1.8605590 1.6679200 1.4924542 1.5393788 1.6442887 1.6997224 1.5174590 2.9897839 2.7691046 1.7986139 1.7986139 1.5369696 2.8102914 1.6791101 2.5378780 1.7005780 2.2720066 1.5295699 3.0452878 2.5416052 1.5851970 1.9186778 1.6429370 1.9293515 1.0538470 1.2964588 1.2704571 2.0359079 1.8329827 1.5327171 2.7570757 2.7242282 2.0752179 1.2259604 1.6508116 1.6191099 1.8276267 1.3188224 2.7387758 1.8232372 1.9752081 1.7102869 1.6917474 1.4756135 1.5357911 2.5917995 1.3964497 1.5283346 1.5530883 1.7905968 2.5442038 1.9549390 1.3690937 1.6090429 1.7448260 1.5860536 1.9276118 1.7443538 1.6229978 1.6606325 3.0958058 1.3881094 1.8073221 2.0034923 1.5425409 1.5995253 1.8459547 1.6857007 1.4193561 2.4115406 1.8566839 1.3311344 3.1033579 
MetazoaCephalochordataBranchiostomabelcheri_2795881__GBG5_BOVIN_Guanine_nucleotide-binding_protein_G_I_/G_S_/G_O__subunit_gamma-5_OS_               1.8041419 1.0278045 1.6906042 1.7794974 0.7271319 1.9381855 1.3344780 1.8150999 1.5601664 1.7786558 1.7646528 1.0366687 0.8557832 1.4994354 0.0000000 1.3167992 0.8526691 1.4355622 1.6592542 1.5481126 2.0679419 1.9013225 1.4556873 1.9529794 1.8791093 1.6557685 1.6147747 1.5524298 0.7707052 1.0689071 1.4700228 0.9424457 0.6949092 0.7010336 2.0682593 0.9163640 3.7622028 3.7005279 1.7274877 1.7274877 1.2843449 1.7737006 1.4850267 1.8440631 1.6389646 1.4707373 1.2808073 1.7961444 1.3511751 1.1659514 1.5718065 2.1010204 1.4260840 1.3630670 1.1160594 1.0043355 1.9369678 0.8060524 0.9610675 2.2951113 2.5167858 2.3962521 1.2791309 0.8992981 1.0453215 1.3374137 0.7399797 2.4275226 1.9293060 2.2899950 0.8483953 1.4990093 1.1479325 1.3133538 2.6598450 0.7975873 0.9980942 1.1485314 1.1374045 2.5476441 1.9123893 0.7566902 1.0440154 0.8943514 1.0563414 1.8349019 1.9045716 1.4522626 0.7092331 2.4368308 0.8948486 1.4236040 0.9542245 1.1501305 1.0738293 1.3694086 1.8842596 0.7902740 2.1089175 0.9433465 0.8836741 2.4523274 
MetazoaCephalochordataBranchiostomabelcheri_2815961__GBG12_BOVIN_Guanine_nucleotide-binding_protein_G_I_/G_S_/G_O__subunit_gamma-12_OS_             1.6495583 1.3420598 1.5812450 2.2031722 1.2366961 2.2341085 1.6120339 2.1128185 1.9849155 2.0368655 2.2183626 1.4023821 1.5754575 1.6804840 1.3167992 0.0000000 1.0726087 1.7459063 1.5582329 1.8341230 2.0516268 1.9387781 1.7887194 2.3562621 1.8483136 1.9285025 1.7458752 1.2248403 1.6485026 1.8454760 2.2564058 1.8615382 1.3622981 1.4937330 2.6620294 1.3805982 4.3113243 4.3903435 1.7879006 1.7879006 1.4600634 1.8245904 1.6083166 1.9356407 1.4939915 1.6999985 1.3861417 1.9011494 1.7596256 2.0288487 2.3792617 1.9180863 2.8771992 1.4676635 1.4213369 1.3254464 2.3249620 1.4591797 1.4135409 2.2421409 2.2741448 1.7091300 1.7484272 1.5008703 1.4788294 1.4775070 1.2577534 2.0405486 1.4511105 1.5043531 1.4846965 1.8156940 2.0345827 1.7380676 2.4544514 1.2916550 1.5086856 1.8008817 1.7740428 2.2828693 1.8759636 1.2673668 1.4890289 1.6201375 1.4094188 1.5679362 1.7705661 1.7043398 1.6110560 2.4148884 1.3381198 1.5429079 1.8291174 1.5439370 1.5263097 1.5487942 1.7607522 1.3588385 2.0294913 1.6771069 1.3904259 2.3713599 
MetazoaCephalochordataBranchiostomabelcheri_2819590__GBG7_HUMAN_Guanine_nucleotide-binding_protein_G_I_/G_S_/G_O__subunit_gamma-7_OS_               1.4977187 0.8620393 1.3805414 1.2687529 0.9266406 1.8181202 1.2464280 1.7479162 1.2824297 1.8501511 2.0358682 1.0681397 0.9560496 1.3544905 0.8526691 1.0726087 0.0000000 1.1299349 1.6660855 1.2242518 1.9900732 1.4844284 1.4247139 1.5861199 1.5307171 1.3146169 1.2318214 1.7175760 0.8279352 0.8807667 1.3288128 0.8560062 0.6205432 0.7822915 1.7456604 0.6057093 3.0693010 3.2625749 1.2661827 1.2661827 0.9780427 1.7265749 1.4488562 1.9103426 1.2882737 1.4100303 1.2198947 1.8197328 1.4174777 1.3305309 1.4117970 1.5851226 1.3908074 0.8560108 0.9868892 1.1301077 1.7681070 0.8193985 0.5559179 1.2058881 2.8518331 1.8028936 0.8611904 0.5667135 0.5596430 0.6367097 0.3316877 2.2242240 1.5964088 1.9698421 0.9017944 0.7639412 1.0466642 0.8956534 2.1892232 0.5436101 0.6184129 1.1193365 0.9074292 2.8225052 1.7526106 0.3267443 0.6237983 0.8917291 0.4903479 1.6280000 1.6773983 0.7525709 0.9316629 2.6079449 0.3930021 0.7098527 1.1245509 0.7083117 0.6456310 0.7258684 1.6907286 0.3773992 1.9785862 0.9144697 0.3803136 2.6721909 
MetazoaCnidariaAcroporadigitifera_2932206__GBG7_HUMAN_Guanine_nucleotide-binding_protein_G_I_/G_S_/G_O__subunit_gamma-7_OS_                         1.9200902 1.6605853 1.7442651 1.7663282 1.2406651 2.5935448 1.5210460 2.3324117 1.6446900 2.6363423 2.7794075 1.5532924 1.8260336 1.7093750 1.4355622 1.7459063 1.1299349 0.0000000 1.8109732 0.0748069 2.8604949 1.6019675 1.8919641 1.8258491 1.6423882 2.1320695 1.3591313 2.1296917 1.4819731 1.7720737 1.5666595 1.6325436 1.0063534 1.3747844 2.7288247 1.2251473 3.6324339 4.2085275 1.7171579 1.7171579 1.5167840 2.1743823 1.7467436 2.0598432 1.6503729 1.3061929 1.3991022 2.6658363 1.7695085 1.4494634 2.1124149 1.7554027 2.0134771 1.6228305 1.5120212 1.6526700 2.0498832 1.4786701 1.3317523 2.3149464 3.5374957 1.5428114 1.3555545 1.4248707 1.4176629 1.5442867 1.0514622 3.0229522 1.9368108 1.8856840 1.5764157 1.6124862 2.0446924 1.5996329 3.7595861 1.2483918 1.4315474 1.5700363 1.5374040 3.8168960 1.8835920 0.9966342 1.4894989 1.4643679 1.4536808 1.5925840 1.7983258 1.5481990 1.4835430 4.5068089 1.1012890 1.4511074 1.8758187 1.5512493 1.4456206 1.4899338 1.7878711 1.0913733 1.8505350 1.5137582 1.1189759 4.4028007 
MetazoaCnidariaAcroporadigitifera_2948023__GBG11_RAT_Guanine_nucleotide-binding_protein_G_I_/G_S_/G_O__subunit_gamma-11_OS_                         1.8643516 1.8824147 1.7332229 2.4018516 1.4682634 2.6314493 1.9929133 2.5726893 1.8177431 2.3193787 2.4158383 1.6885505 1.7020007 2.0712710 1.6592542 1.5582329 1.6660855 1.8109732 0.0000000 1.8860981 1.7266091 1.6823118 1.1081349 1.6064754 1.6073462 2.3321018 1.6272754 0.2721354 1.4852935 2.1644942 1.7212506 1.9485623 1.4457795 1.3080523 2.8741815 1.9083654 4.1785850 3.4114917 1.7821490 1.7821490 1.4734601 2.1180150 1.5682679 2.2996859 1.5071759 1.5973844 1.3681707 2.3872318 1.5277458 2.0802621 2.4641145 1.7618882 2.5758091 1.7845850 1.5789864 1.7319710 2.9440515 1.6240596 1.7544617 2.7320187 2.5055584 2.0153489 1.4406329 1.6006097 1.6853132 1.7780244 1.6603540 2.2012339 1.9424001 1.9249267 1.9141783 1.8782815 2.0719378 1.9195542 2.2426538 1.4337785 1.5587279 1.5515265 1.7347784 2.6269491 1.9001285 1.6805133 1.8219785 2.0027499 1.7307829 1.6370281 1.8899807 1.7902545 1.7614844 2.7943274 1.4618159 1.5331267 2.0973696 1.6539734 1.8314062 1.5628307 1.8851128 1.6790252 1.8595876 2.0756481 1.4316512 2.9603633 
MetazoaCnidariaAcroporatenuis_2980203__GBG7_HUMAN_Guanine_nucleotide-binding_protein_G_I_/G_S_/G_O__subunit_gamma-7_OS_                             1.9377651 1.7963795 1.7530136 1.7992387 1.2465177 2.7069225 1.6664645 2.4108566 1.6832156 2.7788720 2.9759592 1.6794474 1.9691689 1.8363408 1.5481126 1.8341230 1.2242518 0.0748069 1.8860981 0.0000000 3.1018346 1.7298302 2.0447432 1.9666255 1.7720375 2.3597427 1.3885669 2.1994864 1.6783229 1.8970394 1.7526775 1.6419086 1.0806068 1.5321318 2.9193173 1.3826384 3.9982024 4.2950762 1.8486925 1.8486925 1.5991231 2.2054409 1.8428068 2.0823904 1.7919830 1.4306930 1.5153583 2.7073902 1.8807797 1.5070282 2.3616800 1.8176403 2.1661810 1.5985790 1.6571443 1.7545928 2.1540240 1.5843172 1.4968177 2.3046628 3.6031327 1.5563730 1.4533010 1.5967636 1.4746065 1.4371509 1.2103832 3.2169538 1.9749811 1.9156475 1.5324399 1.6172108 2.2934655 1.8023390 3.7917340 1.3571289 1.5096930 1.6343595 1.6061110 3.8875379 1.9122528 1.1487109 1.5304525 1.4850080 1.4589510 1.6883385 1.8754228 1.5451491 1.5225615 4.5715312 1.3434422 1.4449021 1.8943842 1.6079923 1.4866382 1.4832207 1.8639867 1.2247787 1.9544610 1.5760790 1.3500280 4.4686694 
MetazoaCnidariaAureliaGenome_3069356__GBG8_MOUSE_Guanine_nucleotide-binding_protein_G_I_/G_S_/G_O__subunit_gamma-8_OS_                              1.7981023 2.2596791 2.1311263 2.9884824 1.7829423 3.0090843 2.9531242 3.0285248 2.5380512 2.4580464 2.6325302 2.1752091 2.1171205 2.6771047 2.0679419 2.0516268 1.9900732 2.8604949 1.7266091 3.1018346 0.0000000 1.8891733 1.7804171 1.4412080 1.8764222 2.6251870 1.9285223 1.8887876 2.0813812 2.2586664 2.6446295 2.5827601 1.8523774 1.8427016 2.9425249 2.1588713 4.2747985 3.3218610 2.0799464 2.0799464 1.6170969 2.5575770 2.0012753 2.5870953 1.9378325 2.5036255 1.9950655 2.4879406 1.9003896 2.0856955 2.9460831 2.0356032 2.9517686 2.3958941 2.1456022 2.0848949 2.7824377 2.3031817 2.0658304 2.6086975 2.3236774 2.0537901 2.2422540 2.0190298 1.6425690 1.6773712 1.7820813 1.9187765 1.9334052 2.0118423 2.6895436 2.2052663 1.8047278 2.1163512 2.3924980 2.0512354 1.7247325 2.2814943 2.2261073 2.6848760 1.9298610 1.7571699 1.6145158 2.5070009 1.6810157 1.9940003 2.0105416 2.1555208 2.3550701 2.0067583 1.8370469 1.6473327 2.8209143 2.0708263 1.6005119 1.6142927 2.0039486 1.9083141 1.9866580 2.4508136 1.8243616 2.1502830 
MetazoaCnidariaFungiascutaria_3200842__GBG8_HUMAN_Guanine_nucleotide-binding_protein_G_I_/G_S_/G_O__subunit_gamma-8_OS_                             1.3423210 1.6079416 1.6200023 1.7855482 1.2373617 2.3990176 1.9348385 2.0745069 1.8895930 2.3071758 2.4397376 1.7381199 1.6343729 2.0604180 1.9013225 1.9387781 1.4844284 1.6019675 1.6823118 1.7298302 1.8891733 0.0000000 1.5757069 1.4921799 0.0560597 1.8224716 1.2132511 1.7284799 1.7505192 2.1005307 1.9374146 1.6540724 1.7335444 1.3672737 2.2457773 1.1525417 2.9701372 2.8359566 1.8416317 1.8416317 1.3397740 2.0982507 1.6780116 1.8425958 1.6592789 1.6316490 1.4374937 2.1997593 1.8356321 1.8025572 2.2452330 1.9403501 2.1065674 1.5782539 1.5540134 1.4755592 2.1913891 1.4016172 1.5354932 2.7870342 1.6672042 2.2241779 1.3042425 1.5911251 1.4514900 1.5938801 1.3898137 2.0525324 1.8292694 2.0870654 1.6653104 1.6486542 1.5988593 1.4840288 2.1810273 1.5716788 1.5031154 1.4778590 1.6020095 2.5752600 2.1199021 1.3305527 1.4942875 1.6059322 1.4313847 1.8183318 2.1457039 1.6135185 1.7943038 2.5698053 1.5319343 1.3812815 2.0412878 1.7341786 1.4503103 1.4181154 2.1386329 1.4301086 2.0364415 1.6252741 1.5379706 2.7742844 
MetazoaCnidariaGorgoniaventalina_3234829__GBG7_HUMAN_Guanine_nucleotide-binding_protein_G_I_/G_S_/G_O__subunit_gamma-7_OS_                          1.6636206 1.4247994 1.5768352 2.0225900 1.2488922 1.9525748 2.0006263 2.5677222 2.1577710 1.7762421 1.8400776 1.4156717 1.3181881 1.8991322 1.4556873 1.7887194 1.4247139 1.8919641 1.1081349 2.0447432 1.7804171 1.5757069 0.0000000 1.5593755 1.5275726 1.6038087 1.4536143 1.0447198 1.1271836 1.8900634 1.5653313 1.4214859 1.3642258 1.0586886 1.7867955 1.3850748 3.2167679 2.9632440 1.7637615 1.7637615 1.3083400 1.9127748 1.8652755 1.7966081 1.8993372 1.8396613 1.3698433 2.0224837 1.7071171 1.2724119 1.9938174 1.7297183 2.6239092 1.5991672 1.4482667 1.4300058 2.1694082 1.3934030 1.5392216 2.8661292 1.9333548 1.9041565 1.4908178 1.4481081 1.4795288 1.4989848 1.1486402 1.8449088 1.7664966 1.8574923 1.6119407 2.0179377 1.6915545 1.5868639 1.9511126 1.2422490 1.6957434 1.4310311 1.7789762 1.9982358 1.9202435 1.2189891 1.7099801 1.6524246 1.5088450 1.6231452 1.7542888 1.9838023 1.5739536 2.1732521 1.3451350 1.4499235 2.0180218 1.5650182 1.7200555 1.4990641 1.7499589 1.2823660 1.8806533 1.7261828 1.3519155 2.2637727 
MetazoaCnidariaHydramagnapapillata_3250523__GBG7_HUMAN_Guanine_nucleotide-binding_protein_G_I_/G_S_/G_O__subunit_gamma-7_OS_                        2.2027811 1.7928342 2.2634182 2.1433042 1.5265107 2.6995994 1.8820607 2.8188159 2.4994529 2.3238762 2.4387648 1.8891941 1.8509302 2.5175644 1.9529794 2.3562621 1.5861199 1.8258491 1.6064754 1.9666255 1.4412080 1.4921799 1.5593755 0.0000000 1.4556131 2.6443421 1.8824912 1.6635232 2.0354814 1.9469049 2.6125262 2.0251618 1.6289698 1.7850534 2.5944425 1.8209383 3.5897183 3.3058590 2.2588389 2.2588389 1.6794872 2.7998811 1.5955306 2.4380678 1.6333392 2.5651080 1.2493834 2.9020173 1.6153725 1.6679962 2.1930995 2.1390493 2.5306817 2.1826048 2.2476419 1.8097146 2.6177172 1.7454601 1.6896941 2.8134837 3.4055012 2.0775644 1.8607891 1.6115852 1.6922837 1.7727700 1.6495904 3.0473754 1.9601034 1.9172849 1.9210342 2.0762503 1.9280726 1.9892192 3.0717039 1.8374205 2.0499744 2.0982578 2.3014024 3.5628986 2.1354178 1.6281430 1.6908070 2.0301364 1.6063187 1.6994142 1.9310140 2.0547144 1.8787025 3.5235672 1.7419289 1.6698923 2.5034138 1.4986863 1.6805450 1.6009100 1.9252881 1.7489885 2.1062405 2.0030073 1.6921563 3.8500406 
MetazoaCnidariaMadracisauretenra_3285904__GBG8_HUMAN_Guanine_nucleotide-binding_protein_G_I_/G_S_/G_O__subunit_gamma-8_OS_                          1.3250469 1.6173435 1.5911718 1.7703786 1.2627153 2.4456373 1.9150899 2.0512354 1.8795102 2.2392594 2.4511674 1.7193646 1.6138477 2.0842346 1.8791093 1.8483136 1.5307171 1.6423882 1.6073462 1.7720375 1.8764222 0.0560597 1.5275726 1.4556131 0.0000000 1.7842494 1.2416928 1.6286138 1.7073145 2.0614290 1.9018352 1.6545302 1.6632841 1.2664187 2.1556962 1.2069342 3.0357152 2.9472875 1.8165012 1.8165012 1.2814726 2.0167649 1.6274725 1.7886017 1.6170813 1.5990280 1.4384966 2.1253435 1.8038067 1.8142483 2.1948026 1.9129198 2.0241046 1.6524176 1.5015097 1.4556861 2.1249055 1.4545464 1.5689067 2.8195801 1.6814182 2.3401108 1.2913722 1.6150972 1.4406797 1.5366400 1.4003171 2.0173766 1.8088356 2.1399593 1.5748680 1.6027510 1.5724379 1.4202290 2.2208876 1.5267307 1.4672510 1.5459223 1.5739208 2.5337692 2.1622217 1.3952172 1.5304156 1.5840345 1.4445792 1.8049563 2.1305526 1.5684643 1.7002186 2.5903472 1.5411524 1.4054730 1.9338810 1.7522729 1.4861104 1.4526673 2.1236549 1.4963758 2.0372253 1.6034182 1.5473168 2.7965384 
MetazoaCnidariaNematostellavectensis_3375015__GBGE_CALVI_Guanine_nucleotide-binding_protein_subunit_gamma-e_OS_                                     1.8102104 1.8773971 2.2038259 1.5803016 1.7297449 1.0267082 2.0920556 2.1957154 2.0663208 0.8999867 0.8421333 1.9785150 1.6491835 2.4960143 1.6557685 1.9285025 1.3146169 2.1320695 2.3321018 2.3597427 2.6251870 1.8224716 1.6038087 2.6443421 1.7842494 0.0000000 1.8910307 1.8003648 1.6567728 1.9479682 1.7586090 1.5070140 1.6082349 1.8063945 1.1429306 1.7282830 3.2033385 3.3763859 2.0466990 2.0466990 1.8042592 0.8865492 1.7027069 0.6855595 1.7459183 2.4276875 1.6614942 0.8480641 1.9304365 1.8003927 0.9138459 2.0400942 1.6231391 1.7317480 1.6288931 1.6182906 0.9062688 1.6896259 1.5425053 2.6562292 1.4804511 2.8528525 2.0244651 1.6188640 1.4861253 1.3972449 1.5846445 1.4530497 2.3270710 2.6489488 1.8035181 1.6881357 1.8165317 1.7548586 1.7962087 1.4970590 1.4144951 1.7960476 1.7073715 1.7816646 2.2614008 1.5114033 1.6371525 1.8730012 1.5609384 1.8767481 1.9750419 1.6082689 1.8035288 1.5235815 1.5448846 1.6554490 2.0187115 1.7449201 1.5842345 1.5875710 2.0166073 1.5361675 2.6133821 1.9559164 1.5700807 1.5762454 
MetazoaCnidariaNematostellavectensis_3386750__GBG8_MOUSE_Guanine_nucleotide-binding_protein_G_I_/G_S_/G_O__subunit_gamma-8_OS_                      1.3190713 1.6144401 1.1732466 1.4541840 1.1467989 2.7980485 1.3982288 1.6219324 1.3002677 2.6118227 2.6537850 1.4770318 1.4826267 1.8826578 1.6147747 1.7458752 1.2318214 1.3591313 1.6272754 1.3885669 1.9285223 1.2132511 1.4536143 1.8824912 1.2416928 1.8910307 0.0000000 1.5280519 1.1588300 1.2590082 1.5235099 1.2387857 1.1589477 1.1531695 2.4604572 1.3453220 3.4657889 2.7215402 1.1230706 1.1230706 0.9356555 1.4797085 1.3781547 1.9533169 1.5148842 1.5867453 1.3218583 1.8617913 1.4996207 1.2001735 2.1316634 1.3863198 1.7324982 1.4025604 1.5526637 1.2884614 2.0579719 1.1652222 1.3345975 1.7101582 2.2823636 1.4774816 1.6317283 1.3662188 1.2037139 0.9566944 1.2919591 2.2671270 1.7151898 1.5508063 1.3343610 1.3254951 1.5041073 1.4305794 2.7021501 1.3077126 1.3291128 1.0332727 1.5219618 2.8085634 1.7176756 1.3145364 1.2472027 1.2648112 1.1545120 1.5602327 1.7620215 1.2716688 1.4815780 2.4688100 1.2649680 0.9413663 1.8037939 1.3939425 1.2804461 0.9026341 1.7572522 1.3435158 1.7110439 1.2175167 1.2454405 2.4471363 
MetazoaCnidariaStylophorapistillata_3681300__GBG11_RAT_Guanine_nucleotide-binding_protein_G_I_/G_S_/G_O__subunit_gamma-11_OS_                       1.8182176 2.0346134 1.6064571 2.4345656 1.3519453 2.4089291 2.0658775 2.2918336 2.0279976 2.0814213 1.9387307 1.7454835 1.7423522 2.3818406 1.5524298 1.2248403 1.7175760 2.1296917 0.2721354 2.1994864 1.8887876 1.7284799 1.0447198 1.6635232 1.6286138 1.8003648 1.5280519 0.0000000 1.3917525 2.0476236 1.7470076 1.7022321 1.4039960 1.4234215 2.6671217 2.0613165 5.0789306 4.1171054 1.6672275 1.6672275 1.3619355 1.4654021 1.5132413 1.8372375 1.5396787 1.8084884 1.3737975 1.9110992 1.3472197 1.8025566 2.2848450 1.7095956 2.5577704 1.8502241 1.7758664 1.6778502 2.5739106 1.4451971 1.6980404 3.0677982 2.0054797 2.2203733 1.5509422 1.5878960 1.5695024 1.7722842 1.8191909 2.1432841 1.9648478 1.9094583 1.7496664 1.8716965 1.9689388 1.9263389 2.0933768 1.5165556 1.6080774 1.4337132 1.7467997 2.6053230 2.0065370 1.8375769 1.9489790 1.7085549 1.6516121 1.7053120 2.0343245 1.8122656 1.7544316 2.5490648 1.6134333 1.7013715 1.9872019 1.4867872 1.9581161 1.6357555 2.0282883 1.8301729 1.9818942 1.8021916 1.6141353 2.7026831 
MetazoaEchinodermataAcanthasterplanci_3780659__GBG12_BOVIN_Guanine_nucleotide-binding_protein_G_I_/G_S_/G_O__subunit_gamma-12_OS_                   1.7814530 1.4675266 1.6410723 2.0255901 1.1644765 2.2683286 1.3109178 1.8664247 1.5520189 2.1049839 2.0657367 1.0973532 1.1479981 2.1025034 0.7707052 1.6485026 0.8279352 1.4819731 1.4852935 1.6783229 2.0813812 1.7505192 1.1271836 2.0354814 1.7073145 1.6567728 1.1588300 1.3917525 0.0000000 0.8749447 0.7364462 0.8630414 0.6752012 0.5035030 2.2554763 0.9115975 2.7740214 3.7816967 1.4941764 1.4941764 1.1903680 1.4680656 1.2589415 1.7782993 1.5062894 1.4455236 1.1870489 1.6216988 1.4635473 1.3155299 1.5738298 1.9288135 1.9870316 1.3879594 1.1985785 1.2767014 1.8236050 0.9311848 0.9327890 2.1126160 2.9350071 1.8288645 1.3847889 0.9492941 0.9127549 0.8476342 0.7888967 2.5866718 1.6515600 1.8824253 1.1099543 1.3310568 1.3989234 1.3110553 2.2987676 0.9009994 1.0313495 1.1592653 1.2846012 3.2459529 1.6251649 0.8163782 1.0747749 1.1219831 0.8713206 1.5728087 1.5744488 1.2529301 1.1006522 2.8448529 0.7540695 0.7897561 1.4333473 1.1858041 1.1048519 0.7944189 1.5884105 0.8533773 1.5792838 1.1260618 0.7748957 2.9062974 
MetazoaEchinodermataAcanthasterplanci_3781583__GBG12_BOVIN_Guanine_nucleotide-binding_protein_G_I_/G_S_/G_O__subunit_gamma-12_OS_                   1.4249133 1.1365684 1.3121656 1.8210813 0.8422776 2.6621671 1.4085765 2.0172883 1.5691571 2.7515080 2.7063575 1.0204368 1.0672516 1.8605590 1.0689071 1.8454760 0.8807667 1.7720737 2.1644942 1.8970394 2.2586664 2.1005307 1.8900634 1.9469049 2.0614290 1.9479682 1.2590082 2.0476236 0.8749447 0.0000000 1.7464912 0.8321891 0.6167350 0.8344000 2.3086024 0.7839449 4.4549482 3.1577664 1.3968658 1.3968658 1.1309834 1.7403660 1.1168155 2.0537567 1.1712160 1.6455551 1.0263071 2.1783151 1.8504547 1.3998370 1.8486409 1.9268057 1.9393904 1.3227925 1.2861800 1.0609492 2.1011350 0.9337841 0.9352731 1.9810971 3.4788683 1.7519302 1.3329606 0.9927412 0.9007254 0.8672618 0.8767747 2.9723962 1.8742551 1.9981143 1.1280856 1.1576874 1.4055391 1.1073227 2.8904163 0.9365860 1.0757167 1.2591758 1.4846278 3.9549967 2.2246096 0.9020110 0.8181347 1.0650553 0.8276050 2.0601110 2.1325939 1.1863734 1.0883483 3.0430472 0.9076232 0.9834724 1.3468224 1.1920374 0.8460486 0.9423144 2.1241223 0.9093835 2.4470535 1.0261208 0.8935678 3.1174479 
MetazoaEchinodermataEP00057Strongylocentrotuspurpuratus_3803078__GBG12_HUMAN_Guanine_nucleotide-binding_protein_G_I_/G_S_/G_O__subunit_gamma-12_OS_ 1.6077432 1.5039136 1.6283660 1.9509149 1.0756396 1.9601608 1.6318143 2.1836236 1.9555260 2.3656810 1.8252313 1.3624773 1.3472966 1.6679200 1.4700228 2.2564058 1.3288128 1.5666595 1.7212506 1.7526775 2.6446295 1.9374146 1.5653313 2.6125262 1.9018352 1.7586090 1.5235099 1.7470076 0.7364462 1.7464912 0.0000000 1.1700656 1.0303956 0.8165137 2.7345998 1.2455830 2.8094870 3.0574723 1.5186788 1.5186788 1.2017801 2.1880913 1.5232558 1.9696667 1.5977749 1.9010015 1.3593176 2.4740961 1.6747071 1.4924016 1.7677908 2.3205313 2.2852364 1.8410110 1.3084140 1.0844290 2.1971510 1.1782642 1.6665389 2.9370190 2.9462675 2.3463713 1.5031751 1.5236147 1.4538775 1.3385435 1.0237850 2.7205754 2.4144409 2.2485249 1.6573518 1.6637849 2.0383590 1.4682978 2.8553971 1.2464172 1.4823162 1.2968618 1.7348524 3.4524919 1.9268160 1.1205101 1.6701013 1.2707283 1.4372405 1.9533517 1.8455573 1.5560557 1.5294299 3.0239430 1.2816546 1.3367960 1.8269925 1.7244785 1.6648988 1.3637178 1.9008941 1.1730333 1.7751941 1.3480610 1.2307780 2.8992318 
MetazoaEchinodermataEP00057Strongylocentrotuspurpuratus_3813933__GBG10_MOUSE_Guanine_nucleotide-binding_protein_G_I_/G_S_/G_O__subunit_gamma-10_OS_ 1.1336698 1.2051660 1.1777100 1.5049542 0.8308414 1.8623487 1.0642854 1.1649309 1.0782197 1.9610944 1.8626495 0.8842852 0.7955291 1.4924542 0.9424457 1.8615382 0.8560062 1.6325436 1.9485623 1.6419086 2.5827601 1.6540724 1.4214859 2.0251618 1.6545302 1.5070140 1.2387857 1.7022321 0.8630414 0.8321891 1.1700656 0.0000000 0.7048923 0.8107047 1.8643584 0.8915045 3.2769374 3.2862621 1.5602389 1.5602389 1.2506350 1.6443286 1.2804061 1.6185031 1.5796886 1.5408596 1.3133759 1.8279833 1.3192257 1.1421983 1.9487146 1.5850730 1.2857323 1.1499163 1.1564905 0.8291425 1.7416596 0.7636089 1.0199474 2.4139390 2.6908960 1.8201268 1.0125283 1.1017360 1.1636322 1.0819635 1.0531326 2.8562649 1.4285416 1.5772026 0.8906246 1.5188760 1.3534440 1.0753751 2.3927089 1.0185277 1.1928683 1.0922548 1.4298091 2.9654946 1.3632532 0.9521457 1.2022435 0.8980952 1.1308116 1.4487648 1.3959889 1.4903023 0.9976119 2.8551921 1.0224943 1.1346049 1.1561583 1.1508526 1.1619270 1.0860143 1.3878770 0.9334953 1.6651126 0.8743549 1.0019254 2.9099726 
MetazoaHemichordataSaccoglossuskowalevskii_4050933__GBG12_MOUSE_Guanine_nucleotide-binding_protein_G_I_/G_S_/G_O__subunit_gamma-12_OS_              1.5190488 1.1826676 1.1272657 1.5826643 0.6877797 1.9069062 1.0350304 1.3221721 0.9645742 1.8293593 2.1057741 0.7339808 0.8616285 1.5393788 0.6949092 1.3622981 0.6205432 1.0063534 1.4457795 1.0806068 1.8523774 1.7335444 1.3642258 1.6289698 1.6632841 1.6082349 1.1589477 1.4039960 0.6752012 0.6167350 1.0303956 0.7048923 0.0000000 0.5065282 2.1992595 0.7692494 3.1014174 2.7292317 1.2106340 1.2106340 0.8838812 1.6205455 1.1325948 1.6732052 1.2222979 1.1260272 1.0771979 1.7213045 1.2177709 1.0622591 1.8029874 1.3794265 1.1667009 1.1869941 1.0182222 0.9940626 1.7829908 0.7977523 0.6849164 1.6975196 2.5307491 1.8238204 0.8537785 0.8442007 0.6075502 0.7124814 0.6342259 2.1397801 1.5868030 1.8873467 0.7677615 0.7702665 0.9923538 1.0762468 2.5581936 0.7104346 0.6585409 0.9803619 0.9573691 2.8190992 1.6335566 0.6987141 0.6919769 0.8167978 0.5854807 1.3834131 1.5232243 0.7195384 0.7623527 2.4848973 0.5493649 0.7947647 0.8980867 0.7860141 0.7173941 0.7991743 1.5200187 0.7248808 1.6482104 0.8412913 0.5357955 2.5446351 
MetazoaHemichordataSaccoglossuskowalevskii_4065736__GBG12_HUMAN_Guanine_nucleotide-binding_protein_G_I_/G_S_/G_O__subunit_gamma-12_OS_              1.2784719 1.1483807 1.2204977 1.4287344 0.8694440 2.0416624 1.2543541 1.6164668 1.1406871 1.9343846 2.3333838 0.9002742 1.0464358 1.6442887 0.7010336 1.4937330 0.7822915 1.3747844 1.3080523 1.5321318 1.8427016 1.3672737 1.0586886 1.7850534 1.2664187 1.8063945 1.1531695 1.4234215 0.5035030 0.8344000 0.8165137 0.8107047 0.5065282 0.0000000 1.7934827 0.7652269 2.9155373 3.3086038 1.2352077 1.2352077 1.0031070 1.5837805 1.3313386 1.8385766 1.3607792 1.2478193 1.1986866 1.6470036 1.3749291 0.9662699 1.5757139 1.6894507 1.6081266 1.1506573 0.9238129 0.9549104 1.8681215 0.8700516 0.7649710 1.8150293 2.1313895 1.5637986 0.9369413 0.7834798 0.7185797 0.8047391 0.6177541 1.8417977 1.1891034 1.4077497 0.9382578 0.9127822 1.1268306 0.9832369 2.1211548 0.7271312 0.6858246 0.9246440 1.0577168 2.5732409 1.3606677 0.6838899 0.7782480 0.9327751 0.7008376 1.2726361 1.3254434 0.8509383 0.8540069 2.4913497 0.6467359 0.8253024 1.0261797 0.8601553 0.8064878 0.8595274 1.3235141 0.7093233 1.5494414 0.9613096 0.6375632 2.5376510 
