25
AlveolataEP00742ColponemidiaspColp10_4273097__Y4781_DICDI_Recoverin_family_protein_DDB_G0274781_OS_         0.0000000 3.3097650 5.1961934 3.3480928 4.4861756 3.8781252 5.2138390 4.6343644 5.1275035 4.6339998 3.5299981 3.7508708 3.9959194 3.7832753 3.4263890 4.4606005 4.3010453 5.1258081 3.9131638 4.5447502 3.5134097 4.7150882 3.7273397 4.4491757 4.4455173 
AlveolataEP00742ColponemidiaspColp10_4275854__NCALD_XENLA_Neurocalcin-delta_OS_                             3.3097650 0.0000000 3.3181814 2.5930733 3.4839100 3.2315086 3.3605241 3.6397801 3.4022971 2.6549900 2.4997019 2.8812149 2.9646579 3.2187904 2.6206905 2.7397509 2.6988389 2.9538906 2.4257363 2.9879703 2.6977192 3.0148708 2.6199308 2.9285537 3.2168526 
ApusomonadidaThecamonastrahensUP000054408_5476770__Y4781_DICDI_Recoverin_family_protein_DDB_G0274781_OS_    5.1961934 3.3181814 0.0000000 3.7565917 5.1896794 4.1301301 3.6179283 3.4049370 3.8005668 3.5828253 3.9015519 4.7245222 4.7248981 3.5994373 4.1937362 4.3977746 4.0776520 3.4195978 4.2209228 5.0465766 4.3795508 3.5953515 4.4231372 3.7818792 3.7332477 
IchthyosporeaEP00123Amoebidiumparasiticum_14569578__NCSA_DICDI_Calcium-binding_protein_NCSA_OS_             3.3480928 2.5930733 3.7565917 0.0000000 3.8589024 3.0215882 3.1587057 3.6811012 3.6632454 3.2045748 3.1956547 3.2656523 3.3827859 2.7500070 2.8430101 3.2510119 3.4522243 3.0595625 2.6488909 3.7234357 2.9560584 2.8131821 2.8865061 2.7984738 2.6631519 
MetazoaArthropodaDaphniapulex_200976__EFCB1_XENLA_EF-hand_calcium-binding_domain-containing_protein_1_OS_   4.4861756 3.4839100 5.1896794 3.8589024 0.0000000 4.4371050 4.1310301 4.5652234 4.8341566 4.0673281 4.2859882 3.0991254 3.3413203 3.2804816 3.2487501 3.5863988 3.8226213 3.9198833 3.4400718 4.0843807 3.2094473 3.9483017 3.2830223 4.0644442 3.2175261 
MetazoaArthropodaEP00090Calanusglacialis_695494__NCS2_CAEEL_Neuronal_calcium_sensor_2_OS_                   3.8781252 3.2315086 4.1301301 3.0215882 4.4371050 0.0000000 2.2934388 2.8325748 2.6906370 4.0469325 2.4437270 2.3069261 2.5740225 2.8584551 2.8690433 2.6503545 2.8470280 3.2620574 2.4796896 3.2565302 2.5047323 3.4232681 2.5743327 3.1393414 3.0601422 
MetazoaArthropodaEP00090Calanusglacialis_707010__NCS2_CAEEL_Neuronal_calcium_sensor_2_OS_                   5.2138390 3.3605241 3.6179283 3.1587057 4.1310301 2.2934388 0.0000000 2.1535440 2.1216586 4.8029781 2.7107319 1.7188221 1.8521884 2.3392654 2.0279873 2.2420086 2.4491755 1.6968622 1.4692619 2.0522869 1.7682240 1.7910426 1.7653310 1.9382948 3.2848498 
MetazoaArthropodaEP00090Calanusglacialis_707623__GUC1B_CHICK_Guanylyl_cyclase-activating_protein_2_OS_      4.6343644 3.6397801 3.4049370 3.6811012 4.5652234 2.8325748 2.1535440 0.0000000 1.0959284 3.9323315 2.6935629 3.2533148 3.2699818 3.4652043 3.2086544 3.2877774 3.4306287 2.4480508 2.9860951 3.5353265 3.2926994 2.6506045 3.4489417 2.6589360 3.7450056 
MetazoaArthropodaEP00090Calanusglacialis_716602__NCS2_CAEEL_Neuronal_calcium_sensor_2_OS_                   5.1275035 3.4022971 3.8005668 3.6632454 4.8341566 2.6906370 2.1216586 1.0959284 0.0000000 4.1628859 3.0692530 3.3617878 3.2719708 3.2085951 3.3651613 3.3813144 3.3971185 2.6191665 3.1342199 3.5017628 3.2264536 2.6997290 3.3383477 2.5796773 3.1960538 
MetazoaCnidariaClytiahemisphaerica_3098788__TPC12_MOUSE_Trafficking_protein_particle_complex_subunit_12_OS_ 4.6339998 2.6549900 3.5828253 3.2045748 4.0673281 4.0469325 4.8029781 3.9323315 4.1628859 0.0000000 3.6604707 3.1446133 3.3841448 3.3359681 2.9240509 2.9389228 3.4597357 3.6051600 2.8570734 3.7311633 3.0198579 3.5138215 3.1619511 3.7194184 3.8665984 
MetazoaPoriferaLeucosoleniacomplicata_5055236__GUC1B_HUMAN_Guanylyl_cyclase-activating_protein_2_OS_        3.5299981 2.4997019 3.9015519 3.1956547 4.2859882 2.4437270 2.7107319 2.6935629 3.0692530 3.6604707 0.0000000 3.3018602 3.2836272 3.1200479 2.9039234 3.3196632 3.3228295 2.7890693 3.0976538 3.4403507 3.2552950 2.9785685 3.2608830 2.9325517 3.3569239 
MetazoaVertebrateDaniorerio_5413442__GUC1A_CHICK_Guanylyl_cyclase-activating_protein_1_OS_                  3.7508708 2.8812149 4.7245222 3.2656523 3.0991254 2.3069261 1.7188221 3.2533148 3.3617878 3.1446133 3.3018602 0.0000000 0.4224164 2.0593040 0.7398989 1.1593101 1.2146459 1.7742170 0.8675963 1.2890227 0.6444662 1.7124647 0.6944153 1.6737062 3.2256197 
MetazoaVertebrateDaniorerio_5417865__GUC1A_CHICK_Guanylyl_cyclase-activating_protein_1_OS_                  3.9959194 2.9646579 4.7248981 3.3827859 3.3413203 2.5740225 1.8521884 3.2699818 3.2719708 3.3841448 3.2836272 0.4224164 0.0000000 2.1380783 0.6214518 1.3598544 1.4300353 1.7202374 0.7761140 1.3626850 0.6257227 1.6406722 0.6255142 1.6126750 3.5544177 
MetazoaVertebrateDaniorerio_5427849__GUC1B_CHICK_Guanylyl_cyclase-activating_protein_2_OS_                  3.7832753 3.2187904 3.5994373 2.7500070 3.2804816 2.8584551 2.3392654 3.4652043 3.2085951 3.3359681 3.1200479 2.0593040 2.1380783 0.0000000 1.7239859 1.9142654 2.0458322 1.1756057 1.8138390 2.1878358 1.6574249 1.0868687 1.6653866 1.0402181 3.2820971 
MetazoaVertebrateDaniorerio_5430981__GUC1A_LITPI_Guanylyl_cyclase-activating_protein_1_OS_                  3.4263890 2.6206905 4.1937362 2.8430101 3.2487501 2.8690433 2.0279873 3.2086544 3.3651613 2.9240509 2.9039234 0.7398989 0.6214518 1.7239859 0.0000000 1.0816943 1.1295610 1.2400819 0.4331879 0.9435321 0.5637301 1.1710667 0.5629623 1.2257908 3.5492262 
MetazoaVertebrateDaniorerio_5434446__GUC1A_CHICK_Guanylyl_cyclase-activating_protein_1_OS_                  4.4606005 2.7397509 4.3977746 3.2510119 3.5863988 2.6503545 2.2420086 3.2877774 3.3813144 2.9389228 3.3196632 1.1593101 1.3598544 1.9142654 1.0816943 0.0000000 0.2999326 1.5975345 1.0306906 1.1416714 1.1014825 1.6951558 1.1427932 1.6746113 3.8575645 
MetazoaVertebrateDaniorerio_5435422__GUC1C_HUMAN_Guanylyl_cyclase-activating_protein_3_OS_                  4.3010453 2.6988389 4.0776520 3.4522243 3.8226213 2.8470280 2.4491755 3.4306287 3.3971185 3.4597357 3.3228295 1.2146459 1.4300353 2.0458322 1.1295610 0.2999326 0.0000000 1.9091811 1.2213863 1.1766609 1.2674286 1.9473322 1.2997188 1.9468840 3.8042354 
MetazoaVertebrateDaniorerio_5435423__GUC1B_LITPI_Guanylyl_cyclase-activating_protein_2_OS_                  5.1258081 2.9538906 3.4195978 3.0595625 3.9198833 3.2620574 1.6968622 2.4480508 2.6191665 3.6051600 2.7890693 1.7742170 1.7202374 1.1756057 1.2400819 1.5975345 1.9091811 0.0000000 1.3322344 2.0325821 1.4561094 0.3254665 1.5491235 0.2880857 3.4197631 
MetazoaVertebrateEptatretusburgeri_6406749__GUC1A_LITPI_Guanylyl_cyclase-activating_protein_1_OS_           3.9131638 2.4257363 4.2209228 2.6488909 3.4400718 2.4796896 1.4692619 2.9860951 3.1342199 2.8570734 3.0976538 0.8675963 0.7761140 1.8138390 0.4331879 1.0306906 1.2213863 1.3322344 0.0000000 1.2260730 0.6446101 1.2107290 0.6701781 1.2204928 3.0671830 
MetazoaVertebrateHomosapiens_6453573__GUC1C_HUMAN_Guanylyl_cyclase-activating_protein_3_OS_                 4.5447502 2.9879703 5.0465766 3.7234357 4.0843807 3.2565302 2.0522869 3.5353265 3.5017628 3.7311633 3.4403507 1.2890227 1.3626850 2.1878358 0.9435321 1.1416714 1.1766609 2.0325821 1.2260730 0.0000000 1.1587681 1.9830975 1.2260780 1.9619812 3.6288592 
MetazoaVertebrateHomosapiens_6456253__GUC1A_HUMAN_Guanylyl_cyclase-activating_protein_1_OS_                 3.5134097 2.6977192 4.3795508 2.9560584 3.2094473 2.5047323 1.7682240 3.2926994 3.2264536 3.0198579 3.2552950 0.6444662 0.6257227 1.6574249 0.5637301 1.1014825 1.2674286 1.4561094 0.6446101 1.1587681 0.0000000 1.3788388 0.0909212 1.3680372 2.8940671 
MetazoaVertebrateHomosapiens_6470085__GUC1B_HUMAN_Guanylyl_cyclase-activating_protein_2_OS_                 4.7150882 3.0148708 3.5953515 2.8131821 3.9483017 3.4232681 1.7910426 2.6506045 2.6997290 3.5138215 2.9785685 1.7124647 1.6406722 1.0868687 1.1710667 1.6951558 1.9473322 0.3254665 1.2107290 1.9830975 1.3788388 0.0000000 1.4609501 0.1178275 3.7503831 
MetazoaVertebrateMusmusculus_6533379__GUC1A_MOUSE_Guanylyl_cyclase-activating_protein_1_OS_                 3.7273397 2.6199308 4.4231372 2.8865061 3.2830223 2.5743327 1.7653310 3.4489417 3.3383477 3.1619511 3.2608830 0.6944153 0.6255142 1.6653866 0.5629623 1.1427932 1.2997188 1.5491235 0.6701781 1.2260780 0.0909212 1.4609501 0.0000000 1.4428172 3.1229649 
MetazoaVertebrateMusmusculus_6543070__GUC1B_MOUSE_Guanylyl_cyclase-activating_protein_2_OS_                 4.4491757 2.9285537 3.7818792 2.7984738 4.0644442 3.1393414 1.9382948 2.6589360 2.5796773 3.7194184 2.9325517 1.6737062 1.6126750 1.0402181 1.2257908 1.6746113 1.9468840 0.2880857 1.2204928 1.9619812 1.3680372 0.1178275 1.4428172 0.0000000 3.7446016 
RhodelphisEP00736Rhodelphismarinus_22807259__GUC1A_LITPI_Guanylyl_cyclase-activating_protein_1_OS_          4.4455173 3.2168526 3.7332477 2.6631519 3.2175261 3.0601422 3.2848498 3.7450056 3.1960538 3.8665984 3.3569239 3.2256197 3.5544177 3.2820971 3.5492262 3.8575645 3.8042354 3.4197631 3.0671830 3.6288592 2.8940671 3.7503831 3.1229649 3.7446016 0.0000000 
