CG41128,0.344655952242779
CG12581,0.0225935091092858
CG12582,0.00818387942699294
DhpD,0.0836246278856609
cpx,0.562443429929612
CG9791,0.0100085356551469
CG9776,0.223265997374728
CG1103,0.037762548793044
CG11739,0.436685894918289
tub,0.0519652975273962
CG14646,0.00228566336245599
CG14647,0.0122674605561802
CR45187,0.0385982287349538
CG9804,0.0138163174151274
CR43629,0.0220829397312706
CR45558,0.0449109288100581
CR44317,0.2642848971854
5-HT2A,1.23420367832459
CG9769,0.0761452333559288
ctrip,0.0189865842835456
Hus1-like,0.0753296666312114
CG1129,0.0621716533238614
CG2016,0.0109073814832486
corto,0.117737519486866
cno,0.0485927827237302
rtp,0.0225303629819396
CG12173,0.0902012505268652
mtd,0.679268088672598
RpII18,0.243485164647981
PEK,0.00840431437760768
RpL35A,0.412292332050153
CG12162,0.144503650083236
mRpL44,0.0998822476096232
Snr1,0.100549989596801
Itp-r83A,0.21961282658944
CR43845,0.0225935091092858
Pcmt,0.143323032255915
Snm1,0.00273280125953155
CG14671,0.12390246149327
Rheb,0.0119875464896147
CRMP,0.00173021700264954
rev7,0.00842437116829049
asl,0.0225935091092858
Spec2,0.0673859852951083
RpL13A,0.179317798453202
CG12170,0.0184886472182349
MTA1-like,0.0439734554492628
elm,0.0941028340445952
CR44093,0.00893129650543422
Atg17,0.0538219420117486
plx,0.212280263908269
CG2091,0.0792429288411745
CG2082,1.83526842881972
CG11000,1.06148965421958
dgrn,0.0326744408423181
disp,0.0322984594028425
CR45194,0.0225935091092858
Osi5,0.0225935091092858
SmD2,0.10083329362277
CG18048,0.0175313938344284
CG9727,0.0249457164261326
CG1307,0.104563855018628
agt,0.310952877174678
Ref1,0.118021084224619
Alh,0.00342537887607934
CR42875,0.0571980859944039
CG31248,0.110435733587079
CG2656,0.0665045637541175
MAGE,0.0296454377902396
CG10055,0.0144964605582543
lap,0.0634666985643539
CG14609,0.0449109288100581
CG14607,0.0113141119605921
CG1234,0.0507495715783896
CG10053,0.131230229829686
snRNA:7SK,0.0431752204937267
alpha-Est8,0.0449109288100581
Rtnl2,0.0225935091092858
CG34127,0.190339982181233
CR44332,0.0225935091092858
pyd3,0.000795284538799129
sgll,0.375886428762591
CG31473,0.0151960823727106
CG34384,0.292199343129848
wtrw,0.0460740087178773
CD98hc,0.101698938042706
Kmn2,0.0225935091092858
CG10435,0.01445892888341
CG2747,0.325343846922077
puc,0.150149073707968
CR44331,0.0225935091092858
CG7878,0.059440054850427
grn,0.0885825434932989
RpA-70,0.0505633311889271
CG9630,0.046703070547543
CG11671,0.0225935091092858
mRpL1,0.0842887125081039
eIF4AIII,0.113426829563847
Coq2,0.00825625076977867
CG9603,0.559474364383536
CG7352,0.0300472108065613
CG45263,1.70602919160098
Obp85a,0.0225935091092858
mRpS18A,0.0991228203598141
CG31460,0.0462478027562083
Cenp-C,0.0225935091092858
CG8021,0.0201884784022951
Dhod,0.0429465838194784
CG42489,0.250998784301626
bel,0.00651979979902022
CG8036,0.0245601428543595
CG8043,0.080023702320128
CG11755,0.0190221166428253
Cks85A,0.0748753248044337
CG8136,0.0225935091092858
CG8145,0.0399098966125959
CG8159,0.0329553074318644
ranshi,0.00635520376525368
CG8223,0.0627780038180556
CG11768,0.195228149495331
Pif1A,0.256076614394849
Tcp-1eta,0.000326718102904292
CG9839,0.0514836259845815
CG9836,1.00104789796275
CG8379,0.000979797083212032
pyd,0.953614963794646
CG11970,0.0211398728955773
CG11975,0.0920547010114655
CG31100,0.0336268274970103
CG11980,0.0570826909815207
Prosbeta3,0.0350724267827361
CG11985,0.141641366653186
neur,0.00312052110058297
Nmdmc,0.00511230852281027
Rel,0.0395591281607535
Kdm2,0.064699704435725
Ada,0.0225935091092858
D1,0.162210522622171
Ibf1,0.0388972596365313
CR43301,0.0225935091092858
FER,0.00567079657651598
CG34117,0.67574672782748
RpL34b,0.172703892927301
CG8132,0.0519926278729358
alpha-Man-II,0.0366208783819927
Rlb1,0.102552775355064
mRpL47,0.143883192159585
by,0.0269329610158357
CG9393,0.0457123006741357
Vps45,0.0374682213737862
CG16790,0.0187610879118795
Kap-alpha3,0.0280955339016657
CG8312,0.0553874160666799
CG8319,0.00617539139711145
Dh44,0.0225935091092858
eca,0.156757314303682
hyd,0.0600582261346911
CG12948,0.0788821356872577
CG8417,0.029323989741259
CG9471,0.0736871760102799
RpS29,0.548890072190665
MtnA,0.425528962319887
CG12945,0.0660683322693388
CG8507,0.00247794419906173
FBXO11,0.0347156336088929
CR44035,0.0225935091092858
Teh1,0.836197138416457
Glut4EF,0.356213490101476
CG5359,0.0285511122482493
Mical,0.0734141767395744
CG3909,0.0204088158913077
CG11722,0.139335021341003
mtTFB2,0.0229759729336343
CR45054,0.140962620042447
Timp,0.0805788499298783
CG12817,0.236600502393701
CG42795,0.0209830176803924
CG43143,0.518861440284807
Bruce,0.0953561292433132
CG12818,0.178278464493729
sle,0.00211041859914172
CG6325,0.00548705159622604
Cyp12e1,0.00938231317018853
CG14683,0.123700316184652
MED7,0.00125814300029271
Cap-H2,0.00657051320774177
TfIIFbeta,0.119192627851931
Art1,0.00399903122612593
CG4089,0.0475112985884642
CG6574,0.0882561210835597
Fdh,0.0834218018668162
Sodh-2,0.00567465417678805
SdhC,0.440186018701208
Tctp,0.308813220905215
RpS25,0.714865775502935
CG6693,0.0802481096902789
CG17726,0.0391316234743716
CG14701,0.0705514993055956
CG17721,0.0279006896506382
CG17734,0.0556939574538149
mRpL40,0.127666314966199
Irbp,0.00818387942699294
CG6744,0.0590646880781168
CG5281,0.0212215234370009
CG6791,0.0274320673010882
CG14711,0.0415891898037473
CG14712,0.0180549854706651
CR44137,0.0500842785016189
CG42327,0.222531692934911
Ho,0.0945146369798033
CG6834,0.00736954636360986
CG14721,0.0769559683487672
Blm,0.0139373052721553
Lk6,0.66652049169035
Sbf,0.0405459339173817
CoVa,0.427936482461272
Cad87A,0.00287047214241769
CG31211,0.011525706147092
Hsp70Aa,0.369343394849546
Hsp70Ab,0.527697161317345
aurA,0.0158066597785201
GC1,0.394182071274254
mfas,0.0302544421171981
Ect3,0.0532928212544884
GCC185,0.0114221411784945
ATP8B,0.014723793476578
dpr17,1.1612158502685
CG4848,0.0130747274530639
svp,0.153689168807155
GstD9,0.0357946366546936
GstD2,0.0479246466504216
GstD3,0.00608543361354925
Cyp9f3Psi,0.0171045384356707
Cyp9f2,0.0772787139046528
CG5196,0.0158783270195277
Dip-C,0.0731097293073152
Scgbeta,0.0473055091490078
Sas,0.0428733735209864
CG5641,0.0696299088348791
CG5844,0.142860834869169
CG18549,0.350298722199395
Hsp70Ba,0.0225935091092858
alphagamma-element:CR32865,2.04909375826276
Hsp70Bb,0.110280503654178
Hsp70Bc,1.62454872508914
Octbeta2R,0.309176391467917
Not10,0.0768582544165603
CG6753,0.0125501214511714
CG6225,0.0887473374008084
mbo,0.0270276404356761
NijC,0.494892346849832
CG12279,0.14069395165503
Men,0.705875601092606
CG10126,0.0744400292377641
Paip2,0.223441226384123
CG31342,0.00692591489485461
CG7488,0.0745118153714323
CtBP,0.171043063302507
l(3)87Df,0.168792965938276
ry,0.0225935091092858
CG11668,0.0225935091092858
CG11686,0.0225935091092858
CG8630,0.0225935091092858
poly,0.203347834155181
Dic1,0.0905642179214631
mRpS21,0.398494968752677
GILT1,0.0253171805779613
CG33977,0.154733703765233
yrt,0.0282403452549775
CG31337,0.0225935091092858
Hrb87F,0.159967835119367
Task6,0.0680174594486124
omd,0.013272587053241
Adgf-C,0.022703095806055
CG9286,0.0188335027369414
Dip-B,0.0281268109955048
CR43641,0.0225935091092858
Mst87F,0.0225935091092858
Npc2b,0.00146544966572549
twf,0.070279347017127
140up,0.0671627228635562
trx,0.0700195336327711
RpII15,0.030606553809297
pr-set7,0.00882313887510373
Afti,0.0911143535596398
CG3321,0.18993450066803
HtrA2,0.0584632066161686
Pde6,0.349589551393811
CG8066,0.0527453929394412
stumps,0.0426519194124337
His4r,0.482826545551949
l(3)L1231,0.114895352535903
Rad17,0.00800668918383792
Meltrin,0.0381738706385092
kibra,0.00910854849120496
jvl,0.0469082083531082
CG14855,0.0578408177347769
CG33332,0.00139112539181047
CG7265,0.00822771308278306
CG3817,0.0469344832786795
RpS5b,0.0225935091092858
VhaPPA1-1,0.11216517386483
CG6966,0.0922277629845079
CG42788,0.0284171901910318
Mf,0.0225935091092858
Spn88Ea,0.0101982581269918
mRpS10,0.0995695752779184
CG34316,0.0225935091092858
Oscp,0.15432047298657
CG14864,0.107070486457904
Zip88E,0.0523543054559798
MRG15,0.0651964736258884
l(3)neo43,0.163459984466174
mRpL9,0.0934409155214896
Sra-1,0.0750308584222793
Trs33,0.0095313724819952
CG6171,0.11798156109515
CG14868,0.0123188410094873
Rbp,0.0596765290862277
CR45911,0.033536464008015
AOX1,0.0225935091092858
pxb,0.0383696056278319
nsl1,0.0736528106253973
CR45891,0.0225935091092858
alpha-Man-IIb,0.0502598188111165
ND23,0.172335655342419
Pbp45,0.0053732602095049
CG3303,0.00585452757252049
blp,0.0814847309544532
CG4287,0.000838050249870717
CG5516,0.0201397646141869
CG32856,0.0303566844874663
Hel89B,0.0193534794146891
msps,0.084906647273925
Mhcl,0.212370313085449
Akt1,0.0445622947355315
CG5903,0.314871417182141
CG6006,0.053126652235375
Bin1,0.206244255747623
sra,0.528434323386768
CG6126,0.018166351918857
mtSSB,0.045926104678453
CR45641,0.0225935091092858
tara,0.0905503987531561
CG17931,0.353316089211984
CG14881,0.0500561144641379
mRpS33,0.225917385652363
CG14882,0.000631886374409491
CG42232,0.0817354799895392
CSN5,0.0031500691166526
CG14898,0.111436852370111
nonA-l,0.0639686773988761
CG10324,0.0487810436298527
Cctgamma,0.0633015037367056
CG14906,0.0339495793495909
CG18622,0.0860616333484114
CG17556,0.0129598990645324
CG16941,0.0116821544180914
AdSL,0.0111963768325634
CG18213,0.0225935091092858
CG3995,0.0350944388204419
Dad,0.130972338301211
mRpS11,0.0241216039489447
beat-IIa,1.43599318123332
sds22,0.13843156348507
CREG,0.0237085450925826
CG34279,0.0225935091092858
Dscam3,0.00693884936011302
SF1,0.0395938614698688
CG31251,0.0950141446423368
CG31360,0.0212018868904794
CG31249,0.0808409232663533
osa,0.107913788937325
CR46035,0.0449109288100581
TyrR,0.0806646866591307
CG43102,0.133659317380938
CG7379,0.114472947030617
CG17803,0.0225935091092858
CG17802,0.0831839151035363
CG7357,0.00486668124929454
tinc,0.0490767735795021
Rim,0.48036574998971
cpo,0.254962732175302
sr,0.54408603026069
Cbp20,0.0928305259565449
CG14314,0.0507177311138417
CG7183,0.0166386501911245
Mdh2,0.0535225094697391
repo,0.0293572155119845
CG7156,0.014523848321311
14-3-3epsilon,0.122966442505719
CG18598,0.0533398683997075
eIF-1A,0.435376929475573
CG14312,0.0948901697650567
CG7131,0.0225935091092858
CG18600,0.0559541493120076
CG31235,0.045340316862539
Nup43,0.0490416990528575
CG12333,0.0108217864581955
koko,0.0024547232967841
CG31224,0.0770336025421495
CstF-64,0.0306581023762315
Cpsf73,0.0281703078926735
CG31229,0.201296558983106
CG7706,0.00498065489537443
Mekk1,0.0632534597645972
EndoA,0.118779373066966
CG42613,0.101861846341017
CG12269,0.116112529318326
dnk,0.10961764976518
CG14285,0.0225935091092858
gatA,0.0354353559952353
NP15.6,0.110842033777397
P5cr,0.0637530016638806
CG6013,0.0564931089638466
mRpL55,0.0788801406694128
ATPsyn-d,0.0596756994387042
Cyp12a4,0.0118932510182112
CR44107,0.0111599205739713
sqz,0.212595288245431
CG3773,0.0377627182816681
Ino80,0.0551111133976619
CG31221,0.00748831260083816
Dys,0.0763123317979091
CG7342,0.0215209302878333
Vha13,0.350457204521974
CG6195,0.0893076722622705
CG4686,0.157885622546329
CG4562,0.0652169774008301
Arc42,0.0153617044634625
Pk92B,0.0612705573072336
Surf6,0.0105397709468852
CG17190,0.0225935091092858
CG4390,0.0215840864968278
Rh3,0.012619866917452
cic,0.206551221554065
att-ORFA,0.0323110429301076
CG5180,0.045559740290381
CG15922,0.417011823152351
TFAM,0.0468541315087944
CG5412,0.156874362866424
Srp14,0.125245761206253
CG4159,0.0171402125339324
bon,0.00226793559482885
Lrrk,0.0225935091092858
Cdk2,0.0887090185949868
CG31200,0.0225935091092858
Syp,0.679279639511625
RpS20,0.211448828747163
Synd,0.434173851415309
RpS30,0.52877081314292
CG31191,0.0260409546289882
CG17278,0.00567079657651598
r-l,0.0103137290183474
ppan,0.0111297368581773
CG5793,0.0154893677981599
CG5862,0.0329568850708794
CG3337,0.018241683552671
AP-2sigma,0.146277018211225
CG3308,0.098727580020491
pre-mod(mdg4)-W,0.0225935091092858
CG7956,0.0852534414107357
InR,0.0821087955106179
E2f1,0.00376113983525753
CG31176,0.122559408171519
CASK,0.145045959171106
glec,0.140633958034214
CR45644,0.0225935091092858
lsn,0.0337708477613683
CG34148,0.00811558659822414
Eip93F,1.31303019028105
CG6028,0.0163778129080915
how,0.00664220874832339
CG42390,0.00141488132290342
PSR,0.0844366738091941
CG5382,0.00593193675097591
CG7069,0.0141114938210813
CG18596,0.10212038956601
CG34149,0.00843818842342463
CG43342,0.00791655130310536
CG13850,0.0223280176521004
pinta,0.0225935091092858
CG5377,0.0384057510370713
Nrx-1,0.236710563144984
CG7048,0.0380788382689464
T-cp1,0.0412293292367018
CG7046,0.0225935091092858
Octbeta1R,2.99009426284116
CSN6,0.108214476364212
CG33107,0.0747908477902606
CG6937,0.0381359117668596
CG31161,0.0449109288100581
wake,0.00489337847819759
wge,0.213869680817747
CG45049,0.182742485062309
HP1c,0.0361547514038051
CG4721,0.038557081410495
CG17121,0.0135482656161606
p53,0.0182058996528417
CG17111,0.0225935091092858
unk,0.171606726870907
ATPsyn-Cf6,0.302204376282159
RpS3,0.0858643346805861
beat-IV,0.477517166328953
CG10184,0.0225935091092858
GILT2,0.0139878696802815
RNaseMRP:RNA,0.0130890572788937
Hmgcr,0.00123800480690463
Plip,0.0468580215956238
CG10219,0.425634608461158
CG10214,0.0367045455391961
CG10375,0.172198550053048
CG10208,0.00425599108191131
mbc,0.0392110586844984
CG33111,0.0610704091444643
eIF4G2,0.115125619978009
TfIIA-S,0.057885732805963
sba,0.364395409154269
CG13601,0.165673019546412
Rpt2,0.0718257923634227
CG13599,0.0225935091092858
CG5854,0.0527046746445388
AP-1sigma,0.0040477404775005
CG31140,0.224310294987148
CR31451,0.548809539348672
CG13603,0.0499285881911699
LSm3,0.0665823757906468
KrT95D,0.573387847621691
Ime4,0.0205640207508602
Hsp68,3.01622531489655
CG5463,0.0237328242948604
Sec10,0.0465373069180036
CG6178,0.0505710474118781
Myo95E,0.0307706411952835
mRpS24,0.237114586048691
CG5510,0.124979506992563
CG5515,0.188409002773674
jnj,0.0273931576283622
CG17786,0.0322999218352879
cav,0.00137170741923009
Spps,0.0283952410705758
CR44092,0.00856492869179936
CG5706,0.0160667653075469
Orct2,0.123272192338808
CG6364,0.0426045393248066
BRWD3,0.018784578893122
CG13623,0.368656280033028
ana1,0.0225935091092858
CG13624,0.110214559976032
CG13625,0.0525082771875666
CG43222,0.449208897197477
CG31125,0.0512594627202821
CG31126,0.234327683140887
CG13630,0.0566197977456436
tok,0.048397169164488
CG13631,0.243595037813484
CG34150,0.312478145396275
CG5808,0.0642716840885358
CG7006,0.0806855115197745
CG3744,0.128934698004054
CG44254,0.0471008813707861
Nmnat,0.0659719367925412
CG11781,0.0872174001833939
CG11791,0.0517681806592205
CG9996,0.00917128948448351
CG11920,0.0353815064664839
danr,0.176798477741295
dan,0.205933580966572
Cad96Ca,0.0225935091092858
RpS27,0.630409187597367
Nup37,0.0216420551493042
CG10425,0.0718365757437951
CG11858,0.0286253953554641
RIOK2,0.0506256898525817
CG10513,4.95270192077958e-05
CG10514,0.0512548347609566
CG11892,0.0569861520010767
CG31300,0.0449109288100581
CG31098,0.0469926787880559
CG10550,0.0150167941704972
CHKov1,0.0174233094326264
CHKov2,0.00896204444083445
CG11902,0.0237431735121901
alrm,0.174740588966554
CG4553,0.00474243771869355
MED28,0.00924581793367062
CG5112,0.019909719562088
msi,0.2002173951236
Npl4,0.0174697702133961
Ssadh,0.850894389751319
Tnks,0.0557684031887487
RpL27,0.51223964382207
CLS,0.0801555520236081
CG5913,0.0253624896827245
CCAP-R,0.079735960282049
CG42261,0.0044469972537132
E(spl)mbeta-HLH,0.0156894383016119
Dak1,0.807592064975049
Sld5,0.0359043707513661
RpL34a,0.153144614830973
CG31324,0.255054191065916
CG14556,0.0225935091092858
plum,0.280600862945051
scrib,0.0124961091404575
beat-VII,2.02488197699838
BM-40-SPARC,0.211745828857832
Tsp97E,0.677058239849553
CG5521,0.126463786649916
CG6066,0.149363906797407
CG6051,0.0169539948814841
CG34293,0.0237426049488241
CG42813,0.0318448166982582
pll,0.0225935091092858
side,0.447142287473394
Klp98A,0.227766926103605
dsd,0.00863932877578269
Tusp,0.0125688119969971
unc80,0.0535395091802623
CG12883,0.0197390520008494
CG12877,0.0425170492845236
mRpS22,0.11890599402757
CG33213,0.0114221411784945
CG12259,0.0133022193079018
CR45566,0.0225935091092858
mino,0.0121210880731879
CG4951,0.0377102397869695
betaTub97EF,0.0411360777349486
CR46104,0.00270385203069145
beat-VI,0.999604180500597
CG12413,0.0486795494340716
fkh,0.0973555784048895
MRE23,0.0743844082546966
Noa36,0.13568745771281
htt,0.0716095668029917
AstA-R2,0.0225935091092858
CG1646,0.127198426166302
CG1523,0.0191808816228102
CG1647,0.0178882129992975
Inx3,0.0154398495117592
CG14526,0.0225935091092858
CG11837,0.0237263277604903
CG11876,0.00313558745989335
CG14511,0.0225935091092858
CG11882,0.00635507927718074
Pglym78,0.579636334667075
Slbp,0.095886570285726
CG11899,0.0253133381628886
Mesh1,0.125212298235191
CR31044,0.0225935091092858
Cisd2,0.166895016113022
Brd8,0.0169535804261798
CG15817,0.0827592053271852
Ptp99A,0.288358024082729
CG2006,0.0265667170069225
CG1907,0.432346486188333
Dop1R2,0.118675905325951
CG7593,0.0132878910419738
Kul,0.022167235099618
CG7601,0.190347522617716
CG7598,0.0958221353588886
IntS11,0.0707103328010941
ATPsyn-gamma,0.25760019525977
CR46110,0.0225935091092858
CG7789,0.155679647843122
ncd,0.0187033594001085
Vps16B,0.0358557888783802
Atg16,0.000797003387851576
RpS8,0.111299758278765
CG31038,0.0500205730116369
CG15523,0.0327320431779344
TkR99D,0.0597321862538624
Sas-6,0.0281268109955048
CG11504,0.0256508519008908
CG7911,0.0423735831702196
Nlp,0.269230976967476
CG7920,0.189079992118524
janB,0.00141889490594737
janA,0.0301524594549472
Sry-delta,0.0376479833741494
RpL32,0.966959999174968
CG7946,0.0600328963081284
spn-A,0.038699343856255
Tpi,0.0936972409886338
CG1983,0.0398794602278491
Bet5,0.0954929129238584
RpS7,0.389753752840595
hdc,0.0360748397624087
CG15535,0.0173648141780779
mRpS18C,0.157298112333598
CG15537,0.0160401210881308
CG2246,0.0778319118728608
wts,0.0516287707533742
cindr,0.340988962891886
CanA1,0.0225935091092858
l(3)03670,0.0950127804316361
CG1750,0.00886691137131355
spn-F,0.0416258606810576
lox,0.0225935091092858
CG11334,0.000740545377841084
pygo,0.00358340085178349
CR45190,0.0225935091092858
RpL6,0.325801237257274
CG11539,0.0373157918360311
pasha,0.153063136116297
Ef1alpha100E,0.0060495208271071
CG1896,0.0195423943019373
awd,0.118602094523717
nero,0.105298644682691
CG11576,0.0359916451544786
FeCH,0.126371371506279
heph,0.862038283188045
CR45557,0.0225935091092858
CR45401,0.0449109288100581
Pdk1,0.289930124948781
CR45805,0.0225935091092858
Mtch,0.025361061139002
CR42862,0.287283390521886
wac,0.000558527950975183
mRpL17,0.322310855272516
miple2,0.0667344335593565
fwd,0.0463248565301665
CG1231,0.00378602217075091
Roc1b,0.0225935091092858
CG17180,0.149165541145186
hipk,0.29681879010349
CR43334,0.0324574173763381
MED30,0.0488756136090518
CG3386,0.101901176036544
ebd1,0.0319569704792098
RabX6,0.0679358179662067
Vti1,0.00813169083834651
CR43785,0.0225935091092858
hng3,0.0149594249900361
CG13890,0.0177771476264671
CG12502,0.0271639673227342
CG32479,0.0665103754257828
CG13907,0.141219695066079
bab1,0.378099955890551
bab2,0.402936638094192
Psf1,0.0225935091092858
Sac1,0.0944044275884129
CG32333,0.0104403344291753
CG9149,0.0474696979653509
mtacp1,0.00655729308252442
msd5,0.152709647833355
CG2199,0.100744372249642
CG9166,0.16091652214955
rho,0.0131112705396993
stet,0.0225935091092858
CR43701,0.0225935091092858
CG7879,0.186370559555744
CG13926,0.0979169322346658
GC,0.00736954636360986
nSyb,0.0150033088230337
CG7967,0.0391068505265827
CG7971,0.0109925343180554
RpL23A,0.0645065766963112
CG7991,0.00896204444083445
CG12018,0.0384057510370713
CG2021,0.0468049789840887
alpha-Spec,0.192578661643392
dlt,0.0125237446666809
Cdc37,0.0347818594046701
JTBR,0.0901235490847118
Cpr62Ba,0.0449109288100581
CG13924,0.0225935091092858
CG13937,0.0125108071748448
Mfap1,0.0741925160065007
mv,0.0514048115969844
CG13807,0.0280836326799413
ecd,0.0116821544180914
MsR2,0.0116792242854521
CG8993,0.166550000406418
CG9004,0.0235294135865303
CG1146,0.0825560198832663
msn,0.080340681007692
RpL8,0.375079829963532
CG16985,0.0966207123827917
CG16986,0.252399840900435
Pxn,0.207793377725732
CR45660,0.173419196937643
Fife,0.0794692632974275
CG9977,0.0234527188799528
CG12093,0.0480385099634226
mRpS35,0.173121573072593
Shab,0.457058832763503
FMRFaR,0.88568484233703
Jafrac2,0.00973189322654451
scramb2,0.0248649154534069
CG32485,0.195885793929815
CG1271,0.00884826194172804
CG45067,0.0225935091092858
NDUFS3,0.160033157454238
Asciz,0.109591187372673
CG32278,0.731176321880318
CG32281,0.0112894207893398
Girdin,0.0748683029590894
Hsp83,0.594591505692557
CG32276,0.0827949025201044
CG14967,0.0399934428607395
RpL28,0.627325435456074
CG14968,0.0328235979903806
PHGPx,0.36608396854931
CG12012,0.237682833995971
sty,1.46431909161284
CycJ,0.0070385265133595
CG14971,0.007763942818659
CG42324,0.194695504985817
Eip63E,0.273533235290059
CG32264,0.0587573071565454
ntc,0.0452104544338871
CG32262,0.0991743150621366
enc,0.0768455648048713
Awh,0.0225935091092858
snRNA:U11,0.0225935091092858
ida,0.0183710469553789
Eip63F-1,1.7250229247753
CG12605,0.306303906263062
scrt,0.42357241165208
CG14985,0.0449109288100581
CG32259,0.0225935091092858
Gad1,2.27289300314708
CG14989,6.03854812410265
Ack,0.0751396773247823
Chd64,0.936024112716227
VhaM9.7-c,0.0326507981001269
CG43367,0.032164692042083
Cpr64Ac,0.0225935091092858
CG14997,0.0345121508977457
CG11586,0.0162656218770885
VhaM9.7-a,0.587692012672293
CG11583,0.0758927750920476
CG32250,0.0314878035824641
CG15014,0.058995834192808
mRpS6,0.2316375196566
CG33514,0.0225935091092858
Syx17,0.0161032328669823
CG15019,0.0362336176874455
DOR,0.10767622259678
CG42540,0.616884544831233
Rpd3,0.00527896637006124
axo,0.00169884453933835
CG13707,0.0572148071046402
CG4603,0.131798054735824
CG10674,0.136504372309545
CHMP2B,0.0115288060951587
shep,0.410820379227147
lama,0.0328235979903806
Membrin,0.0539267466814976
CG34391,0.035464299848689
bc10,0.215403262546249
l(3)psg2,0.215173586582426
Blimp-1,0.0404982411113146
sif,0.115159198357366
DnaJ-1,0.990464765273704
CG10576,0.0578729945585379
QC,0.0027500588185786
Vap-33B,0.00118330195762047
CG33993,0.0464514051466534
CG10472,0.0225935091092858
CG13295,0.0525278949500248
CG6610,0.140668767692016
loj,0.044597319871144
Ets65A,1.5405007957849
l(3)mbn,0.0356813871246398
CG7386,0.00916950518251536
CG13298,0.149662899793617
Mdr65,0.0168433604918221
CG8270,0.0691736583259306
GluRIA,0.548059107593009
velo,0.0692152318396114
vvl,0.0939637502673895
CG9953,0.0247843221527132
Galphai,0.0404612956640347
msl-3,0.0297517557836701
CG8620,0.00830937212365251
Dscam2,1.43126254822954
RpL18,0.392934091810525
mRpL50,0.101578442507059
CG42307,0.0718325104937981
lark,0.239614400284373
CG8596,0.0225935091092858
Srp19,0.191098516082713
pst,0.047602640386241
Sh3beta,0.0391010185099744
CG42458,0.0169251545932219
Rac2,0.0248082392360464
ltl,0.0492142056788504
lqf,0.149354483841346
CG33275,0.0225935091092858
Snmp2,0.0149515981163342
CG7409,0.00664220874832339
CG32365,0.0849287098126915
CG32368,0.120772319566062
Srp9,0.00721407400448411
CG8209,0.021624316666491
CG8038,0.0316117326941071
Ect4,0.0588141646156057
CG7927,0.0379082985158127
ldbr,0.00816921690973051
CG7550,0.00788526374855725
mRpL36,0.101808251297224
CG7504,0.0297088067897221
CG42445,0.00542086281417915
Nmt,0.0785832330022775
CG8012,0.0177034193304175
Dscam4,0.0788612069448111
Sbp2,0.0177504434814254
DNApol-alpha50,0.012469239843905
CG7182,0.0421028082876866
GAPcenA,0.0894943846329775
ImpE1,0.0388610429750192
Unr,0.0310742158572986
GstO2,0.230234634133654
GstO1,0.0449109288100581
CG6638,0.0225935091092858
RpL14,0.20901858324986
CG5989,0.00992249258338404
Zasp66,0.00909583390479614
SrpRbeta,0.183048527270639
CG32022,0.0378728031215078
Cp18,0.0225935091092858
dally,0.392137088854582
mRpL12,0.216133977176804
Srp68,0.0132118967414607
Galk,0.052943006586736
CG5087,0.0152638160667005
CG5144,0.0225935091092858
Argk,0.399958151802722
Tequila,0.0766373290227403
bol,0.608517853913403
Use1,0.0484410777661762
nwk,0.245526783652094
GluRIB,2.20112219218055
Pdxk,0.0392380490342123
CG4452,0.0122125456677229
Hsp67Bc,0.00889915781999435
Hsp26,0.913542124105344
Hsp23,1.13295914038601
Hsp27,0.511531909467296
CG4080,0.0981838728155123
Cpr67B,0.0225935091092858
CG3689,0.186104842137021
RpS17,0.77422921411706
MTF-1,0.0147029728503626
CG3437,0.0250447159935304
Jarid2,0.0328086701990388
CG3408,0.021807210689899
RpS9,0.350707400202699
CG42673,0.0144264766769758
fry,0.0179838492925191
CG16717,0.0332020006173114
CG16711,0.0438632344276919
CG18178,0.0318635153064944
ATPsyn-b,0.315099180243597
CG8177,0.18568211042579
Zasp67,0.0225935091092858
CG32052,0.85037240658494
Ilp2,0.0669597941929108
CG43897,0.0225935091092858
CG10809,0.000212203941348422
CR45875,0.0105748084027709
nudE,0.0420875803140481
CG6674,0.0295981674619606
CR46003,0.152203248334517
CR46004,0.0376871592382437
A2bp1,0.084982880544411
E(z),0.0713709582221566
CG8009,0.147436111829609
CG14153,0.0105098039715601
CG8003,0.077278631812868
simj,0.122323434409402
CG6463,0.129154106241011
tna,0.435597921602089
Blos4,0.0566379918768835
CG7949,0.241322386255357
CG7888,0.0106170324006781
CG32069,0.133619145745111
l(3)01239,0.141836333586788
APP-BP1,0.00379106858398268
Sod,0.688452439812362
mRpL2,0.181359635167309
CG7616,0.00271033742038886
CG7607,0.0971729224605205
CG42671,0.0155683041038702
scyl,0.172865841056958
CG6175,0.0225935091092858
CR45251,0.00776025609280394
CG6163,0.0112418056537911
chrb,0.216207376798198
CG7394,0.172176573767284
CG7368,0.0168152832939269
CG6083,0.0964535281575966
PCID2,0.0483980241596547
CG18815,0.539391442718204
CG7339,0.0545691901851098
CG32085,0.031047772407767
TfIIEalpha,0.0493746740418844
CG11652,0.0137971519671883
crim,0.0365335420451604
Bmcp,0.0136776122821802
Pi3K68D,0.034119725726074
CG10361,0.0228068945359779
RpL10Ab,0.327665677093613
CG44837,0.228601473773716
CG5906,0.0225935091092858
viaf,0.0665906812015691
yps,0.0371903997226376
CG11534,0.0307044557378532
Atg12,0.0109760634816309
l(3)neo18,0.163376351422526
Nrx-IV,0.0479139939591441
CG9760,0.0372771448702194
Adk1,0.120501942337568
CG5626,0.00447776212534787
CG4328,0.0321821403582818
CG32105,0.0296463805052882
CR45444,0.00125377643778987
CrzR,0.143904908036405
ver,0.0252537074843471
eIF-2beta,0.262348700510024
CG34242,0.281778899852654
CG10688,0.0410850508719918
caup,0.0225935091092858
mirr,0.00874501408210147
CG32113,0.039941829145072
CG42709,0.146922953828039
CG10754,0.0931097044244373
CG10948,0.0408005096015897
CG32115,0.0225935091092858
mRpL20,0.00873678153864314
RpS12,0.635792735495708
RpS4,0.0244630216532586
CG11279,0.163195608171012
Nplp2,0.027535451143038
CG10133,0.113323406140839
CG10738,0.110280503654178
CG10116,0.0449109288100581
CG10089,0.68488164908478
stv,1.23659211011398
Spt20,0.000330820341895552
Vps36,0.0869182860209371
dysc,0.0144536925992945
Rgl,0.404827291091644
CG32137,0.0338367661669115
Meics,0.0338431233502266
26-29-p,0.0154320454589782
CG17361,0.0959720097453124
ptip,0.0179493236776687
Hsc70Cb,0.0968974232171536
CG6833,0.0452053507285668
CG32138,0.0612559100369569
CR45233,0.0225935091092858
CR44843,0.0809703370546245
RecQ5,0.000381773850978986
dlp,0.043633022527511
CG9425,0.166238075427148
CG17839,0.545636509241755
mnd,0.0229412068190868
mRpL39,0.00335995962667785
Prosbeta2,0.0439197149950163
Aats-gly,0.0648799336216147
CG32147,0.023758732292383
FucTA,0.173282694600334
CG6878,0.25497696966262
Toll-6,1.37768695072107
CG7841,0.0840319498768945
gdl,0.00883937434021155
Eip71CD,0.0783298852675204
CG7945,0.0641949348534107
CrebA,0.00823331116057388
AGO2,0.0139268771448331
CG12304,0.00343186315380446
CG18081,0.0431206637286584
sff,0.0579029980023662
Pka-C3,3.20349905149254
CG17032,0.0503491121500081
CG17026,0.00934847416447536
CG5830,0.107487857214469
mRpS31,0.137180772532922
Mbs,0.00143992963722576
IntS9,0.0112290207105836
Trs20,0.130229138570564
CG5151,0.388651426077781
MED10,0.155620120659222
Hsc20,0.030055948056033
l(3)72Dr,0.0225935091092858
mRpS34,0.141712967991467
roq,0.0315774538787618
RAF2,0.0166461376298717
CG42514,0.0225935091092858
Smn,0.0178697325835461
CG4169,0.041951148904586
Syx8,0.190999471266816
Abl,0.0323793935811684
zetaCOP,0.179058392413274
Lasp,0.0758876166456094
CG13025,0.00843818842342463
CG9674,1.20819734769853
CG9669,0.0432443347995012
CG9715,0.0841973209881772
Lmpt,0.017185568433698
a10,0.0225935091092858
CG14057,0.00288953088012073
Rbp6,0.662734727314857
CG7692,0.00216398361756696
noe,0.683879048396246
CG7630,0.53337520127373
CG33051,0.0748578118765641
CG7603,0.173772440695705
CG7580,0.0904558041343242
CG34250,0.105210161032398
U4-U6-60K,0.031878341168076
Edc3,0.0457641449521993
Vps60,0.0867744412230649
CR44567,0.0225935091092858
CG43085,0.0225935091092858
CG32187,0.0349727515401213
CG32191,0.0225935091092858
cln3,0.0212397023873881
CG5567,0.148795562501304
Prestin,0.0179046156156156
CG14353,0.0131178977779477
Eip75B,0.111896897103101
CR32194,0.0225935091092858
CG34253,0.0225935091092858
CG13698,1.72390429715257
mRpS26,0.0189640874402058
CG32195,0.0124684814457829
CG32196,0.264028303972858
MYPT-75D,0.796778682005293
Sgf11,0.0509658911286802
Chmp1,0.100345648322684
Nufip,0.0323905687682119
Atg3,0.0258014528378306
CG14073,0.0762628675325181
HipHop,0.0112290207105836
Cat,0.0240154454800498
Indy,0.0053732602095049
Dysb,0.0449109288100581
CG6852,0.0298296015908995
Ugt,0.0201787524460149
CG3961,0.935210487407311
RpL26,0.531028695624294
arx,0.0254379408013549
CSN1b,0.0428277099680832
CG14075,0.0225935091092858
Mkp3,0.45338415515287
mRpL21,0.284127472480718
rept,0.10353981794539
Max,0.256004779133559
CG14086,0.0225935091092858
Gbs-76A,0.0755110636251133
pncr009:3L,0.0398562086597763
CG9300,0.0377554892221376
CG9231,0.0878813895624782
CG14100,0.0137126295550848
l(3)76BDm,0.0115780638257946
asf1,0.0154422241077478
wnd,0.0568381625308355
tey,0.0225935091092858
CG14102,0.0025454607210464
CG15881,0.0266276453574971
CG34116,0.123280848583846
CG14104,0.0724703082553229
Kap-alpha1,0.0340575427716789
Rab8,0.144845293762383
CG8334,0.069879029112547
Mi-2,0.0319706994230953
Su(Tpl),0.112209708005321
CR32218,0.0488553020206563
Mtr3,0.0285511122482493
CG7433,0.0799007291791749
Tom20,0.0809172607505141
CG7668,0.0204283859354261
CG14184,0.0334454980642182
gig,0.0535975920589684
CG7328,0.00786318196430065
CG42674,0.503650297013251
Su(var)3-3,0.0113924544921615
Clc,0.0911889640678268
CG6951,0.0116792242854521
gogo,0.0244847455779571
FRG1,0.0504124717835217
CG32225,1.0074978254008
CG5618,0.0125501214511714
kin17,0.0620441619641395
CG5498,0.0143398031062897
CG33969,0.00510424594729667
trbl,0.0225935091092858
mRpL15,0.0970953477726232
Uhg8,0.0139835869538069
isoQC,0.0507021885762201
CG6020,0.196009463411277
cmpy,1.29635455590554
CG13252,0.00461554131506361
CG4186,0.115224189508651
CG11399,0.00676902156880878
CG4365,0.0759927754367844
CR45943,0.0225935091092858
fng,0.0261691103947926
Sin,0.0447548047117409
siz,0.300391995081566
Ac78C,0.0292981203262264
chb,0.105634867466271
CG42337,0.246066321612523
park,0.0127167979773685
CG34261,0.0225935091092858
CG12975,0.0633138994369606
Ilk,0.0344126660436709
CG43219,0.0225935091092858
CG9391,0.0490928000294659
CG9389,0.0225935091092858
ppl,0.0367709166586059
CG11309,0.0157896211938828
CG7632,0.0281472342376591
Rab26,0.144700485282077
CG7338,0.0298113921864547
ebd2,0.189264157200016
rgn,0.479873982676649
CG7519,0.00569243113873772
CG32442,0.0612076243595293
CoVIII,0.628643788841676
Wnk,0.00581686789106993
CG11307,0.0704899802433431
Atox1,0.168142526011963
CG7407,0.38010790701545
CG7414,0.0645374823069368
CG32448,0.282294346542568
CG14562,0.0938866590726959
Act79B,0.0691058438957971
CR43995,0.00358820020537063
CG7133,0.191311763913283
CG7130,0.0225935091092858
RpLP0,0.0473525763363595
CR45972,0.0225935091092858
Ddx1,0.088362034071411
CG11523,0.19438897619566
CG11426,0.0359737485207684
CG11425,0.00185586006483654
CG14459,0.0449109288100581
CG32452,0.00321577268463782
CG11241,0.0225935091092858
CR45961,0.0225935091092858
CG33169,0.066410368046955
CG11137,0.0761409019841564
Chro,0.136654986981375
Ssl1,0.0111297368581773
CG12768,0.0162361279827717
RpL10,0.222954371430381
CG33217,0.0220516405818977
CR45164,0.0300776757935761
CG32230,0.336559223724195
CG40045,0.159761631121136
mRpS5,0.512836191003138
CG40472,0.740578017914513
CG40002,0.471065411690405
Ucrh,0.112070004276049
CG17374,0.0449109288100581
RpL15,0.138078788628914
eIF-4B,0.00593853669693089
CG40191,0.11457314699655
Yeti,0.18994180661701
CR44043,0.0225935091092858
RpL38,0.712210536151469
Stlk,0.0868303047219855
CR43281,0.0533507617143889
Nipped-A,0.0300667455021716
Fis1,0.0935110082545398
CG34200,0.240085999608533
Gp210,0.0332704772408304
CG43366,0.0225935091092858
CR44127,0.0669597941929108
CG14590,0.0225935091092858
CG14589,0.0887473374008084
Cyp6w1,0.0225935091092858
bin3,0.022211004506278
jing,0.0999146980665563
Vha16-1,0.352614735734245
Opbp,0.0427016937680946
geminin,0.188688264568804
Adf1,0.0300455285383474
CR45128,0.0225935091092858
CG9410,0.12080843704883
PGAP3,0.000561418600119326
CG15909,0.0225935091092858
Mob4,0.0523200729399312
CG3420,0.0987789780464711
SdhB,0.190584253837046
CG15236,0.507492026123631
coro,0.0167565203339561
Spn42Da,0.101964398938325
mim,0.00781763399996434
Cyp6u1,0.0219072376198367
CR44171,0.0225935091092858
CG30156,0.0453383859026341
Tsp42Ed,0.00885392428802061
CR12842,0.0114960106665999
Gadd45,0.009106597995986
CG1707,0.000728548551960361
CG11123,0.0273446797382041
sPLA2,0.273325813581411
CG1620,0.0494569484302235
dpa,0.0462178134999315
didum,0.166711525061925
CG12736,0.0281326702024596
az2,0.00889915781999435
CG1602,0.0181506009924078
CG30499,0.0246311504924139
boca,0.0450755697897018
Vps13,0.0288578386048662
blow,0.0405525713191558
CG1360,0.00739489675935528
CR45131,0.000416514165369967
CG43341,0.0225935091092858
CG30491,0.0149217269152184
CG2065,0.0225935091092858
CG12042,0.0717828202564903
mRpL52,0.0518183493084289
CG12107,0.000530308464785099
U2A,0.0312538877452181
CG30496,0.00251164912769953
CG18812,0.144851904462381
cathD,0.197673277935941
CG12822,0.0397731734073409
Kdm4A,0.0613962959772792
CG2906,0.00839594420528667
CG2915,0.0127304602679936
CSN4,0.0629928610815118
ACC,0.0329766124758854
CG11191,0.0326935197020718
Optix,0.0350754342498715
Vps28,0.228247119140481
CG8712,0.0454910695154997
udd,0.117013779592609
Asap,0.0765872588930238
coil,0.0305792460203638
CG30373,0.329159349305517
Gasz,0.155458480786448
Mlh1,0.00387126122508925
CG14757,0.651964288890513
LRP1,0.323390738111004
pnut,0.676493442788703
CR44445,0.0669597941929108
pdm3,0.0103127644380235
CSN7,0.0846139498186298
Mal-A5,0.0890017706872565
mtt,0.00431031426077266
Cyp6a13,0.0403133117534255
CG8735,0.0241283423710565
rgr,0.00251164912769953
Vps25,0.094132645905695
ptc,0.0225935091092858
CG30357,0.0225935091092858
gcl,0.116163838136906
RyR,0.128141572231135
CG13751,0.264402172687295
MrgBP,0.00754331341238208
CG30349,0.0263594226307064
Pgi,0.121230218823637
CG34219,0.0215293064648769
Spt,0.0309323581205545
CG8237,0.035810250118052
CG33199,0.0800108429930287
Tom7,0.389325243360701
CG8216,0.108529123330032
PPO2,0.0216775776675271
CG13743,0.0431924752760017
ana,0.00614534231602759
CG13742,0.0225935091092858
CG8080,0.0898925814305959
CG13741,0.0449109288100581
CG8078,0.0892509843018852
snoRNA:Or-CD2,0.02631187402815
Vang,0.0670337282157338
Mys45A,0.0391694371438122
GstE13,0.0120175594101979
Hydr1,0.248711168926588
Rme-8,0.0975845508763744
ltd,0.0191606290446081
VhaAC45,0.278698756673444
hig,0.509470300867963
CG30343,0.0338558600073232
Pkn,0.151057768243392
CR45132,0.0225935091092858
Myd88,0.00786318196430065
CG13954,0.127838552886163
l(2)k10201,0.0656520844396901
CG33774,0.226793042043995
Pdk,1.22066418514939
CG1888,0.0691208019791296
CR45281,0.0225935091092858
Updo,0.107007782125735
CG12929,0.0948354612502454
RpL31,0.713810654979264
CG1827,0.000290288726623734
CG1902,0.0125674921306781
CG30338,0.0227364684569388
CG30339,0.00664220874832339
CG12926,0.0320616757807123
Mmp2,0.833771480661856
CR44205,0.0225935091092858
hebe,0.076627108260396
Lsm11,0.0225935091092858
CG1665,0.0867676921650936
CG1667,0.0225935091092858
Orc6,0.0294171856935967
Prosalpha7,0.0150509802985634
CG1671,0.00886691137131355
CG30010,0.0396752800080926
CG12744,0.0225935091092858
Sec24AB,0.0867173554583781
CG30007,0.0663469260232759
CG15863,0.0237978270691753
Adam,0.155982620566777
CG12129,0.0829784235888143
CoVIIc,0.443559245596762
sel,0.117540311737864
mRpL42,0.0709380448677762
14-3-3zeta,0.0555296689126324
gem,0.0678192548946691
Hr46,0.0279722966772425
Syb,0.0480482134877149
CAP,0.0905486938963846
JhI-1,0.0569860843004697
CG12909,0.0400495973392553
CG12895,0.0783297769264972
Galphao,0.191892041883553
CG11777,0.0684667911777606
trsn,0.109946052719039
CR45135,0.00321577268463782
psq,0.25736114976743
Rab3,0.627284227219854
wde,0.053559608713827
CG12935,0.0434233373060533
Prosbeta5,0.00185421847045433
Lsm10,0.0615266091141094
CG12344,0.0333235701897644
nclb,0.0176730062159724
CG18004,0.173202009936441
cag,0.0509223686498331
CG7712,0.444403344216473
Rpb5,0.0572597698270692
CG13231,0.0225935091092858
CG9067,0.104194494905518
CG13220,0.489121784243897
CG42336,0.132202799657323
CG7741,0.0651476654622181
Fpps,0.00368405854890132
CG12384,0.0182101410252089
Tapdelta,0.140337855026896
CG13203,0.0225935091092858
sprt,0.0356813871246398
qvr,0.183969280676199
E(Pc),0.215687809816175
CG34228,0.0942363291221022
wal,0.102456724332157
CG13197,0.013256293113539
pyr,0.0156894383016119
Zip48C,0.00360639572059165
CG13188,0.0225935091092858
otk,0.00412182242102067
otk2,0.0341077830721526
CG8321,0.0245205254402904
jeb,3.25600717123247
CG18343,0.0225935091092858
Hen1,0.00240014831275424
Prp8,0.0220311946170741
Oda,0.0634697738202308
SmD3,0.0603071189192444
Cct5,0.105746813299576
EndoG,0.0258663361129372
CG8860,0.118827336112281
SmF,0.0955744750443642
RpS11,0.515120626528333
CG13163,0.0734529456851023
garz,0.0186616090121824
Cpr49Af,0.0225935091092858
Cpr49Ag,0.0225935091092858
CG30050,0.0225935091092858
CG8520,0.0821470180655089
DUBAI,0.00748971514074473
s-cup,0.365822408006095
CG8569,0.00679687896737896
Ak6,0.0364617924259555
Sin3A,0.111786728100525
spt4,0.136720591037779
CG8778,0.0705266750256181
ZnT49B,0.0200184551686672
CG13148,0.0673419948705691
CG8768,0.189821860421543
mRpL18,0.0565906771874437
ox,0.295188006613736
Nacalpha,0.272294107765342
bic,0.0751721854987258
CR43468,0.0253109252442525
CG13319,0.0164657517957781
Psc,0.120727239082004
Su(z)2,0.00521626990108184
Drl-2,0.0199423904685802
CG34439,0.275045260617569
Nrk,0.00795286442719376
AGBE,0.0275271536117189
Kdm4B,0.0623238664332415
CG4627,0.000692530300461157
CG4646,0.0315791286277249
CG17059,0.0852352470751236
fsd,0.00937041865473035
GstE14,0.0225935091092858
CG4716,0.251184660997325
CG10799,0.256569390868708
CR44206,0.00570479152589548
arr,0.0187309692785169
cbc,0.0232333453393476
mars,0.0356813871246398
EfTuM,0.000828997657475949
Roe1,0.0792915269468063
fas,0.25490501505579
CG13337,0.0449109288100581
CG18368,0.0887473374008084
CG13339,0.105195282820416
CG16935,0.0082030490879396
shot,0.024828859437931
CG33155,0.131565966230211
Aats-phe,0.0345903581414137
CG8067,0.0786460190241708
pea,0.0167565203339561
CG13018,0.16746331327644
CG18324,0.063577315965055
CG8331,0.703944976731805
mRpS16,0.0537832098807463
VGAT,0.71717128841277
RpS23,0.150073790891358
beta4GalNAcTA,0.0501953831571188
Ih,0.102380774533107
CG8617,0.0219059027688782
Cpsf160,0.0152282794873666
Cpr51A,0.0551111133976619
Sec61beta,0.381379485137122
CG12863,0.0113813815346099
mspo,0.75063622963234
Rpn6,0.0809005130285211
CG12859,0.214688295932092
CG12857,0.0225935091092858
CR42254,0.0244437169341762
BEAF-32,0.142267548214497
kn,0.046703070547543
NaPi-T,0.0225935091092858
Ercc1,0.00207244845648109
CG33506,0.00501559394860387
U3-55K,0.0491153438864051
CG10253,0.053265727274428
Lap1,0.00800997239906658
pcs,0.106368521432673
hbs,0.259798765137169
Rpb12,0.305276748755922
CG11808,0.0559894119093043
mRpL41,0.358482505337599
Trpm,0.211224542803401
mus210,0.103708900583576
Vha36-1,0.284367589599532
CG8204,0.0234965153569607
fus,0.0225935091092858
Vha14-1,0.392876179325137
Rif1,0.0225935091092858
CG8366,0.0460024990812432
CG8320,0.0347671666586508
CG8386,0.0275360483324597
Prosbeta1,0.169806765932586
Dg,0.0611977924596458
mRpL34,0.567654697612222
Got1,0.246776857528039
lbk,0.481984651523857
CG8435,0.0496952807027568
CG8441,0.160580294492358
CG44242,0.463568678736312
JhI-26,0.0216173614744515
CG7997,0.00186372010098076
Nup62,0.127983354077203
DAT,0.00938231317018853
RpS15,0.56221186467917
RpLP2,0.341383414961101
CG5065,0.513659558221955
gprs,0.0478607082303853
Picot,0.00127384002688872
Acp53C14b,0.0356813871246398
Acp53Ea,0.0225935091092858
unc-104,0.127393613817807
CG5348,0.0225935091092858
Sod2,0.250597738394762
Fen1,0.0220829397312706
Ef1beta,0.208266262623449
CG6426,0.0225935091092858
CG6421,0.0225935091092858
mir-990,0.0364289135218531
Pkc53E,0.867561171461054
mute,0.0649627646105715
PIG-V,0.0781454599785745
NiPp1,0.0449546066339811
RhoGEF2,0.0177208246833953
CG9640,0.0225935091092858
CG6984,0.00913039524632711
CG6568,0.0169340041235611
CG30101,0.0225935091092858
Prosalpha5,0.0375888504704042
CG6550,0.047031397503908
Bap55,0.0667777078196836
Lhr,0.041933158018674
robl,0.151082150768663
CG14478,0.20717553464257
qkr54B,0.0869544744044331
RpL18A,0.197915713884928
CG43324,0.168958876533505
CG14480,0.0709209887850071
CG14482,0.321733276844629
CG42239,0.0216701658137262
Rab4,0.0880214727579234
Dcr-2,0.00168129956211612
CG6484,0.0225935091092858
CG14483,0.440905292356003
CG30109,0.163743107552782
P32,0.0863182492109432
CG42561,0.0225935091092858
rdgBbeta,0.00545086692807696
Uhg1,0.0136131777888644
CG6424,1.08761516895593
CG10934,0.0225935091092858
CG4975,0.0225935091092858
CG34195,0.00293124181685388
CG5009,0.0661436393201621
aft,0.0203405883161112
Ubc10,0.104811668786704
Mapmodulin,0.178598642450087
CR44417,0.157847166780055
CG5757,0.0515746904856647
Pcl,0.0129313769378332
CG17680,0.0618947307374041
CG10914,0.040715265356931
nopo,0.0225935091092858
CG33958,0.0225935091092858
Ote,0.0225935091092858
IM3,0.0225935091092858
GstE2,0.125636532870618
GstE3,0.107545242451209
Dp1,0.0777924689340606
Prp19,0.0259530176485488
CG30116,0.28007888848684
CG42697,0.0669597941929108
mRpS28,0.118617410795595
Eip55E,0.0763556340042296
CG5482,0.000422973894418035
Sik3,0.0317087663420582
Jabba,0.0225935091092858
Mctp,0.0319538070986696
MFS15,0.065643519586681
CG15097,0.0776514294674457
CG15098,0.0685495690292131
CG15099,0.0625400893020607
Jheh2,0.00885392428802061
5-HT1B,0.102665222714326
CG43351,0.0356813871246398
5-HT1A,0.138188490564256
CG15111,0.0191496879615373
ena,0.0387046667904117
hppy,0.341251657380167
CG7137,0.0436098502494888
CG11906,0.03292822375208
FK506-bp2,0.0323688696826163
Tab2,0.0225935091092858
cer,0.0102871813934888
RpL11,0.457154622582016
EloC,0.293444476055923
TBCB,0.127795202360819
sm,0.093071297121717
CR44474,0.0669597941929108
isopeptidase-T-3,0.0641092117393213
Obp56a,0.0225935091092858
Toll-7,0.101356126400315
CR44628,0.0753766634488245
RpS18,0.441432382918636
CG9143,0.00384712090186814
CG8920,0.0876055372755151
CG16739,0.0225935091092858
CG12484,0.0244707911163571
CG18067,0.0840345884711305
Nnf1a,0.0213108512305985
rig,0.0241111624763632
maf-S,0.0650792159045422
sktl,0.0097337883540868
IM14,0.0225935091092858
Rx,0.0225935091092858
hbn,2.19412514323451
CG34115,0.0225935091092858
CG9344,0.131342786108897
Prosalpha3,0.0230700466633252
CG30291,0.0492348191285325
grau,1.83080357695511e-05
CG9350,0.0711700208644514
shg,0.0301806016650726
CG15653,0.00673792388816231
mRpL54,0.204357320636749
Cht8,0.0449109288100581
Treh,0.0137072735742363
mago,0.109443267721525
Hmg-2,0.0643348211985992
CG30389,0.154574113382518
LSm1,0.0769714089755087
tud,0.207179893834253
CG44245,0.0229405899184686
ASPP,0.207909037642895
Rgk3,0.00638858067474667
RpL29,0.56603258119301
CG9752,0.0225935091092858
CG42672,0.029547565830149
CG10795,0.0915213150602645
EfSec,0.0297505777283711
CG10433,0.203872430327755
mahj,0.0591457701089224
CG10082,0.379124033354612
CG10320,0.136516684990175
Rae1,0.0547017955232451
pirk,0.000540318569785306
CG42365,0.0129608804465392
stum,0.0225935091092858
CG10306,0.0570732816572823
HmgZ,0.934729567992214
HmgD,1.04431524135703
LBR,0.0225935091092858
CG30401,0.0225935091092858
CG34370,0.0544024849921534
Snp,0.0837377397662916
CG44249,0.0225935091092858
CG2921,0.0358131436876799
CG13502,0.0225935091092858
mei-S332,0.00545626329458607
a,0.110280503654178
gom,0.0669597941929108
Oatp58Dc,0.0642716840885358
wdp,0.0263340053722494
Gp150,0.0264845765064498
Liprin-gamma,0.424249391084381
wrapper,0.00760438304360325
CG6044,0.262912994359197
Mes4,0.276244456003039
rad50,0.0194638857872462
CG10344,0.0449109288100581
CG10384,1.36259394769061
CG4554,0.0225935091092858
px,0.564160351325175
CG4269,0.0225935091092858
RpS16,0.286254165308715
Vps20,0.0636596363553094
CG33143,0.266559947724396
bonsai,0.178847600029093
RpS24,0.410805649000921
CG42260,0.13927372863097
CG13531,0.0225935091092858
RpL23,1.22173673090407
fd59A,0.506039255648264
CG13532,0.0838718490777694
CG3501,0.0484227308395008
CG3499,0.018652767643529
asrij,0.094530740464565
CG3700,0.0313230191121638
nahoda,0.0225935091092858
Nup214,0.101061369675958
CG3800,0.471177687628396
CG9849,0.149535391606498
CG9896,0.895205298522302
l(2)06496,0.112784287574316
CG9890,0.0644987348448615
l(2)k09913,0.0292476039673505
Art7,0.0132922473324897
CR44782,0.0225935091092858
Ice1,0.00570479152589548
CG30414,0.0225935091092858
CG30415,0.232957990478404
eIF2B-delta,0.0527441149451148
CG9812,0.0225935091092858
CG43795,0.142061410362443
RabX1,0.0253720079717058
bw,0.0225935091092858
levy,0.509887463421639
Dcp-1,0.0433042431554749
CG4019,0.0258286892998403
Pde8,0.0151720005144236
St3,0.0163980527278092
Pal2,0.987999869507257
mRpL43,0.00698626360341071
l(2)dtl,0.0319280459009199
Sesn,0.0636432472366588
CG5532,0.015280890527591
CG9850,0.009954534804747
Nxt1,0.0732771115069872
CG5549,0.00671911086414075
Snap29,0.0548769732033152
eIF6,0.0731472743984367
CR45928,0.0225935091092858
Pym,0.0601120722190018
CG5569,0.0190144598196786
ken,0.0225935091092858
CG4882,0.0585006041956693
Upf3,0.0258768051272969
Ca-P60A,0.0180416270762363
CG2812,0.0304866366105026
CG3735,0.0426810007788677
CG3803,0.0460279713827158
CG16787,0.0243130714822024
Alas,0.0864059053073829
CG3065,0.0234729468110029
CG3860,0.0765500055006521
Adk2,0.00469592293621028
HSPC300,0.00944348233777565
RpL12,0.276725404188935
RpL39,0.782042997608892
CG4049,0.0013533796002181
CG3257,0.330945153927579
mRpS17,0.0246899454071925
Nop60B,0.0239988767242869
ocm,0.00180419600965493
nord,0.002402403326375
CG3376,0.00597362000378534
CG3394,0.0113094077962381
bs,0.0229562323873787
CR44813,0.0449109288100581
slik,0.00566504340462229
CG13585,0.339285129150182
Nurf-38,0.161872626841973
Start1,0.0755795338240009
CG4692,0.374453268865231
Pof,0.00466412375749594
CG30421,0.0439643634592565
CG12848,0.280261943285963
GstE12,0.023479849759584
egg,0.0520912299876455
Reg-5,0.0175540527013829
Orc4,0.0340599350595773
Dll,1.40265166531258
Atf-2,0.0696495559812264
CG30423,0.0398935282895845
CG44247,0.257842742638086
RpL41,0.72554074870879
CG2811,0.0257096037577631
Tina-1,0.0269617865560147
CG12851,0.0315612371171392
CG30424,0.0225935091092858
RpL19,0.156693820647867
CG3776,0.0364000497759426
emp,0.0225935091092858
zip,0.133782080149163
CR40469,1.55288576451623
CG42376,0.341752552435709
CG13375,0.149221792685809
CR18275,0.0463239665015301
CG32817,0.0345989868340241
CR18166,0.134265954544743
CG3176,0.081186357181513
CR45797,0.0225935091092858
CG17896,0.0589041846477281
CG17778,0.0780183097761589
svr,0.41198947578248
elav,0.114436381854429
arg,0.0307904531144419
Appl,0.0343147302032659
CG13365,0.143274721374342
mod(r),0.133969500150966
CG13369,0.0600430375354525
CG13364,0.248210548011688
CG17829,0.029315039605959
RpL36,0.268989172811291
su(s),0.0108665090752896
Roc1a,0.115403072208968
CG5254,0.0429999843885802
CG5273,0.0482068187980302
CR44965,0.0449109288100581
RpL22,0.122478888148777
Sec22,0.172361452982646
CG43867,0.116606882663944
CG3711,0.00376488121397641
CG3704,0.0410192219515001
mus81,0.0152141613419365
TfIIA-S-2,0.0225935091092858
CG11638,0.324197617549119
CG3021,0.0107154971955282
CDC45L,0.0236230366856548
CG11378,0.00893129650543422
CG11398,0.0308724851109963
CG3638,0.0638786505323875
CG11403,0.0225935091092858
CG11417,0.0939841058786436
CG3719,0.229300369377432
CG32813,0.0191399734994613
Ns3,0.0156554401271329
O-fut2,0.0179498478459664
CG14777,0.0575195453331814
CG14778,0.0189186114218253
CG32808,0.108538436612239
Rab27,0.976384230246253
sta,0.242305076525126
CG11509,0.0113094077962381
CG3740,0.000745168571276688
Scgdelta,0.0316414348033173
CG14812,0.014128614851511
MED18,0.123725667849588
Pex5,0.0243376754367346
CG14803,0.0225935091092858
CG14817,0.30639245484612
CG14805,0.0845956190204309
CG14818,0.187537358241422
CG14806,0.194407102924114
trr,0.0499282243840028
mRpL16,0.119257168972699
CG32801,0.00701693962311112
Rbcn-3B,0.0670675321408842
CG3857,0.0622484316103008
Hr4,0.0225935091092858
east,0.0960169425235454
Sik2,0.0560922238287754
CG4281,0.0113924544921615
CG4061,0.0377773007027416
ph-p,0.0818382719853445
CG3835,0.00253756675005602
bcn92,0.321128002573136
wapl,0.0185530618403277
CG3621,0.412388986527934
CR44690,0.0336291000762557
pn,0.103865281001832
CG17776,0.276187050414431
pcx,0.0668468001186588
kz,0.0387457685981445
CG3191,0.0225935091092858
CG3091,0.00545236893401273
CG3071,0.0351188282091274
CG2924,0.228933660444526
mRpL14,0.150308951374786
PsGEF,0.0346626180003471
tko,0.0500842785016189
CG13760,0.130613679297304
wds,0.04782354305672
PI4KIIIalpha,0.138605666176639
eIF2B-beta,0.141641825987296
CG2680,0.0602900507686232
CG2694,0.00847743488557014
dwg,0.0108135968127819
ttm50,0.0302157872980595
CG2712,0.0251279140137514
crm,0.014437067957002
N,0.0440465754929514
CG18508,0.102807523034369
dnc,0.131393018483304
CG10804,0.862521761172346
CG14270,0.123013058420446
CG32791,0.0200958974522745
CR34335,0.64058126422299
AstA-R1,0.887744065980127
Ilp7,0.0225935091092858
CR45102,0.0669857860520204
tlk,0.288262752635657
roX1,0.0163713260558484
CG42541,0.187852722947891
CG43689,0.0267019627735675
brn,0.0103769838594926
dgt4,0.0225935091092858
Tip60,0.00509351657276033
Fas2,1.37152523759622
CG2982,0.012575034197793
mRpL33,0.0151071804431638
norpA,0.625058238735595
CR32773,0.0225935091092858
bi,0.126345812057152
rb,0.0305252976187714
CG3568,0.0301742765416461
CG15912,0.151570103920489
CG3527,0.0282375362120282
CG11444,0.023641281595963
Pp2C1,0.651447773000227
CG42594,0.184122002484991
CG44774,0.372209117780814
CG32767,0.275532377047384
Rpn13R,0.0225935091092858
snf,0.165622464870912
Rnp4F,0.0163948016320056
XRCC1,0.0381090531533362
SK,0.105638066600456
CG15784,0.0225935091092858
RhoGAP5A,0.00764034740449002
Mlc-c,0.0366939363900585
Rab18,0.0785939757574918
RpL35,0.683676947226593
Tre1,0.0220829397312706
CG3160,0.000977351179155829
lin-52,0.249303706408248
CG12239,0.0225935091092858
CR43264,0.0561358827025895
CR45668,0.0206190839273371
CG12728,0.0150905971726597
CG32756,0.0412182261852624
CG32755,0.0225935091092858
mab-21,0.00970131227185633
rux,0.0405654265502251
CG5941,0.00369358200978312
CG5937,0.0695981252497511
Ca-alpha1T,0.536625970421222
CG14446,0.0270991272964933
Spx,0.0115310967463958
Spt6,0.0800581929473387
CG3566,0.193214378306615
Ubi-p5E,0.141250251598133
CG15891,0.0567830495414401
CG3446,0.151211844048289
kdn,0.246221585569419
CG3342,0.00822771308278306
CG3226,0.112890306093213
l(1)G0148,0.144582757106927
CG3224,0.176752939711454
Ctr1A,0.0146352155927509
CG3192,0.374834419042633
CG3184,0.00592070360206868
CG14442,0.178551240061795
CG3168,0.0169693971250394
RpL17,0.0452194273960804
COQ7,0.0663458582786464
pod1,0.0684644580570778
Nf-YC,0.0112632985736666
xit,0.012902783989175
nonC,0.0129705290727378
CG14434,0.075355051223862
CG14431,0.0557467957279795
CG3040,0.0242148907847012
ogre,0.199655479211189
Inx2,0.0349576676058513
CG3032,0.000620352714151463
CG12541,0.0163358981574033
CG2059,0.0252887127804699
brk,0.0967111003474147
CR45533,0.0669597941929108
CR44500,0.0887473374008084
ct,0.315331417131629
CHES-1-like,0.289769418738745
CG18624,0.268938081768902
RpS6,0.0967053149990585
bys,0.0696330742606602
CG10777,0.176948487249934
RpS14a,0.28491988659172
CG42593,0.0670014145180607
CR45620,0.110280503654178
Tbh,0.0598449384742353
fs(1)h,0.38823883518679
mys,0.0119943319885556
CG2256,0.00611670464657273
CG2258,0.0267624154100984
CG17982,0.0210212880314457
CG2263,0.0930693132564241
CG10959,0.0226350754485241
CG18262,0.0239628863663892
CG2278,0.0694897346657124
slpr,0.0884668446972623
sni,0.0845302135423979
CG15343,0.0225935091092858
nAChRalpha3,0.671327288401844
CG15345,0.0446672109326552
CG10555,0.0405080158853223
CG11190,0.0523998891547831
Trf2,0.375695427411674
CG1440,0.0420878678698874
Sptr,0.0956530113644247
Nrg,0.0646583476584009
IntS4,0.003674889997714
Trf4-1,0.0247718987659135
CG12065,0.0425979302325198
Crag,0.0232581225185872
oc,0.0225935091092858
Lim1,0.230728675382562
Moe,0.0211812203284147
Rbm13,0.0377217424328423
e(r),0.0929793210679796
CG32706,0.161273516311518
CG6999,0.156512212982155
Bx42,0.0646467110822901
CR44517,0.0225935091092858
dalao,0.0719716768262629
His3.3B,0.0118318540365908
CG9034,0.609655169674358
mei-P26,0.375848041163471
CG12056,0.0216822784891754
CG12118,0.0909194941699626
mxc,0.0625397679908588
CG16892,0.0260349730582536
c11.1,0.00188803858610061
CG34450,0.0225935091092858
mgl,0.0800223800501216
RpS28b,0.544057121900146
CG15317,0.011254629587918
Cubn,0.0225935091092858
CG32699,0.0428330468133741
Hex-A,0.560570663465366
Lst8,0.0735214875219822
CG1354,0.0433246383854907
Cht6,0.0225935091092858
CR45185,0.0225935091092858
CG2974,0.021519536509424
CR43899,0.0449109288100581
l(1)G0230,0.303276765834797
CG2962,0.0225935091092858
CG34408,0.0360652695666843
CR43959,0.0130308766308217
CG2909,0.0630649937912449
CG17841,0.0173342695500388
flw,1.53401499548843
Neb-cGP,0.66956641171487
nocte,0.105994224437465
CG32687,0.0225935091092858
CG1628,0.0225935091092858
CG43347,0.124330228678184
CG32676,0.00120910451069954
BTBD9,0.143654811562898
Ant2,0.0373648103897227
CG15210,0.0225935091092858
CG2186,0.0643031542689334
Ork1,0.00819797749118938
CG1582,0.0548892069835417
CG43901,0.0165742290754963
CG2145,0.308970699076188
CG1537,0.116347996512233
CG15203,0.135549458319324
sev,0.0225935091092858
CG2076,0.118046836509188
Gtp-bp,0.0184107541708568
ssp7,0.0452284656785746
CG15202,0.0225935091092858
CG15201,0.283588373263457
Ran,0.146535417371425
Lint-1,0.00808272740078998
Dlic,0.0232505772297791
CG1394,0.0225935091092858
CG44422,1.58198018014229
l(1)10Bb,0.115977322091516
CG1657,0.00136993943972429
CG34348,0.0229394000755424
CG11752,0.240289219478355
CG1737,0.287189726507881
dsh,0.314348047990661
Tim8,0.311459883154997
dlg1,0.227733517028989
Sk1,0.0225935091092858
RpII215,0.201014478031645
CG11699,0.204708025195135
Kmn1,0.0225935091092858
e(y)2,0.138588621241274
CG11695,0.0458765136051014
CG1703,0.0267654669886841
RPA3,0.0578334926427232
Met,0.0249157009612711
CG2371,0.0158489178455488
Amun,0.137675282685028
prtp,0.0699260714325466
Hsc70-3,0.038749822723537
CG10347,0.0486125113617176
CG1847,0.00885346027718751
CG10353,0.00705022719743578
SelG,0.0141922814185521
wisp,0.0578408177347769
Upf1,0.0271977348807069
Sclp,0.0225935091092858
CG1492,0.000364099908805383
Tango4,0.0186482363369022
Usp7,0.869027951548127
Cyp311a1,0.00823331116057388
CG42258,0.229587877512912
CG43921,0.17447050149646
Sec16,0.104533080288439
CG11085,0.0333496347461984
CG15728,0.0225935091092858
CG2540,0.0218668014310742
CR33963,0.0225935091092858
CR43963,0.0225935091092858
CG12717,0.0156644612239193
CG32649,0.0390209662762042
CG4407,0.0736204318181276
CG4645,0.0391417646947811
CG2200,0.0518323831956037
CG43313,0.0636520907271972
MFS10,0.0225935091092858
Bap60,0.0164931025856621
CG32641,0.0669597941929108
HDAC4,0.532292746375562
CG15744,0.00823853010003132
IP3K2,0.00231039463261285
CR45018,0.0479744889101571
Jafrac1,0.317001774797712
RpS15Aa,0.110740013557028
Tim9a,0.147962221142839
CG1662,0.0358766168336282
Set2,0.0516234202673641
Tango2,0.0225935091092858
CG2691,0.0093724963903927
CG9940,0.211669191084543
mus101,0.0225935091092858
g,0.109227460388552
Grip91,0.0147135582111311
CR42861,0.197339759373249
Yp3,0.0069889417888626
rdgB,0.296851344264252
CtsB1,0.264184003845815
CG11103,0.163042034856769
jub,0.0462208065233514
AMPdeam,0.584884584482053
mRpL38,0.173690980928828
CG42271,0.00704446260818043
mRNA-cap,0.0473949435317421
na,0.102563700434967
betaNACtes6,0.0225935091092858
dpr8,0.865327107370137
mRpS25,0.0862595160284767
CG9413,0.176465996161802
CG5321,0.0225935091092858
rut,0.0125105349925961
CG14407,0.398035628274528
pdgy,0.0486207211921235
CR44831,0.0321821403582818
be,0.0225935091092858
CG5541,0.0105494085658546
CG5548,0.308067443858958
Lsd-2,0.00383826355721127
CR44661,0.0225935091092858
CG9065,0.463919773048791
CG15027,0.0709404501980983
Cyp4s3,0.00278526643620513
drd,0.0449109288100581
RpL37a,0.558121856773416
CG43737,0.966159511945259
Top1,0.202071456592242
CR44998,0.00597362000378534
CG9123,0.196228289194088
CG12608,0.106974403941834
acj6,0.201699046820754
Cngl,0.256645880762523
Scamp,0.0842041321968254
Ahcy13,0.0260820706973844
CG9203,0.0500081222236759
cerv,0.0524499947683623
CG8128,0.19469421131713
CG15601,0.00471363121094329
CG8184,0.0631148870317293
CG8191,0.0225935091092858
CG12379,0.0351808021808184
l(1)G0136,0.15543100743759
Arp6,0.0144422605728875
CG8206,0.105460178567189
Graf,0.0664307999302618
mRpL3,0.133763355672929
CG17209,0.0151960823727106
Paf-AHalpha,0.403598588065031
mRpS30,0.0576099505095697
Rhp,0.0149777560248555
PGRP-LE,0.105435162541383
Chc,0.0213582223652858
sun,0.0455886453445202
AlkB,0.0336159169528097
Gapdh2,0.405055916437857
tay,0.0261258844515517
CG8909,0.00725371274407379
CG8916,0.217277583870134
Lcch3,0.214175214376076
Rrp47,0.371946261921905
Or13a,0.0225935091092858
CG9172,0.386148631946086
eIF5,0.013522616431159
Nipsnap,0.392543381969414
disco-r,0.000752282825088428
CG3560,0.620321274889434
CG13957,0.018681898131307
Cyp1,0.0802173042475269
CG9921,0.443726539962786
Dsp1,0.509147868950099
sl,0.00386725671853953
hang,0.0781670522761628
eIF-2alpha,0.148304441615242
para,0.433213929899946
Ubc7,0.0429763802235457
CG9784,0.144077048937999
mbt,0.147104578784441
Rok,0.0350949735176901
RpS19a,0.0201436981196348
SmG,0.301515875812556
mthl1,0.00756850269923155
CG9723,0.0816533423217121
if,0.0225935091092858
mRpL22,0.154692266530605
Sap30,0.0769583002493564
CG4768,0.0356838301877927
CG4789,0.0153541639645665
CG9125,0.0323247972279536
CG13005,0.0568920542176165
ppk28,0.0225935091092858
CG4829,0.080028773962394
CG9104,0.0386949120731039
Rcp,0.0341419762948675
CG9099,0.267101151286118
CG9086,0.379278897292757
CG4949,0.00232276198814547
CG5010,0.404324486238419
xmas-2,0.0225935091092858
CG8675,0.2224264825613
CG5445,0.0437098050245114
Fim,0.00918035964867921
CG5613,0.0225935091092858
CG12992,0.0131496757097193
CG8326,0.00484314084332129
CG5703,0.0307403183315054
CG8289,0.147663843422977
chas,0.0449109288100581
par-6,0.0588165107396222
CG42684,0.0919125229974103
CG6398,0.0225935091092858
CG8142,0.0431714217395736
CG6506,0.0192277918796084
Arp8,0.0837599287011488
CG7772,0.258960656799686
CG6847,0.0225935091092858
Sh,0.37427188249992
ari-1,0.0331161249494381
Andorra,0.0225935091092858
CG33639,1.65017448578594
CG6023,0.0225935091092858
CG6123,0.351738524014078
por,0.00925052065465805
Tsf1,0.161629549905095
Bx,2.35851726988035
CG15047,0.0449109288100581
CG6540,0.00679386483401515
CCKLR-17D1,0.0247662776978835
CG42302,0.0225935091092858
CCKLR-17D3,0.909217545028511
CG18259,0.0493348837061831
Pk17E,0.0352549339075913
bnb,0.293626329468127
CR44841,0.0225935091092858
CG42450,0.953120823953314
CG7101,0.0302257316313223
CG34422,0.0601614539231136
CG7288,0.0284217356056784
CG7378,0.0976892380770957
Obp18a,0.133871987539767
RhoGAP18B,0.0634663242720437
CG7453,0.0384278230765369
CG7914,0.0578199955445575
Ulp1,0.0713126864581704
CG8010,0.0275698394446237
nAChRalpha7,0.152178402217339
mRpS14,0.427290799140174
CG12203,0.398188283392495
CG12204,0.072167789753864
CG14200,0.0596015886457604
Grip84,0.0286311314897484
RpS10b,0.601580371800029
CG14210,0.0174665948167885
NAA20,0.060086257263274
Rcd-1,0.0646575539644599
Sec61gamma,0.14084722820578
Arp10,0.0109448194258743
CG14215,0.011254629587918
Zw,0.0225935091092858
dome,0.0698027982960246
CG14229,0.0640369890105475
Cdc42,0.017240387965004
CG14231,0.0240398212422028
CG14234,0.0149860884576471
CoVIb,0.0979912346141731
vfl,0.160775618915616
Nup205,0.0449109288100581
CG15618,0.0184651893031001
amn,0.0225935091092858
Nep3,0.044795457532905
Rab35,0.213642301043081
CG9581,0.00709792360504097
CG9578,0.0777534922417814
AnxB10,0.0781557153305063
Rab10,0.0253793299511191
CG17065,0.117099965141259
l(1)G0004,0.04496714790177
Syx16,0.0622957169453945
Pp4-19C,0.0136863553877361
cactin,0.0194653023167365
CG15456,0.113567265593922
CG1695,0.406830275547801
GstT3,0.0225935091092858
RhoGAP19D,0.0663963797103251
CG1812,0.0258122778072508
Cyp6v1,0.0449109288100581
shakB,0.868332619488012
CG1314,0.0225935091092858
I-3,0.0225935091092858
CG15449,0.0276005652590891
Cbs,0.0862522032292058
CG32512,0.0513832247067357
CG1722,0.00570479152589548
Rpt6,0.0634739437843985
tty,0.0693180601607748
slgA,0.301447062338994
CG42343,0.0372080344672484
CG14621,0.0189186114218253
CG14613,0.0257173821509333
CG14618,0.061526845145871
Cp110,0.327138734424946
l(1)G0196,0.0175156203336859
CR44997,0.0313920481556584
fog,0.00664221215860403
CG42346,0.0145887607690427
CG40485,0.0542310057411346
CR45009,0.0409166823089127
zyd,0.000511404302137809
CG17163,0.0693268776792625
28SrRNA-Psi:CR45855,0.0225935091092858
CR44987,0.0587958190960749
galectin,0.0719645843681774
CG11374,0.0225935091092858
CG11455,0.203233787557944
CG11454,0.119426750909835
CG33635,0.0134293543238946
mRpL10,0.295802099135868
CR44218,0.0225935091092858
Rpp30,0.13488136416472
CG3645,0.123325852633425
CG3345,0.00447776212534787
mbm,0.00938155789799749
CG17078,0.0837629157015021
CG11601,0.0855145907055271
CG11562,0.0749149804030264
U2af38,0.0483284965816137
RpLP1,0.228574181596947
CG11885,0.00512844163796741
CG4164,0.0366167803581515
CG4297,0.880000345881635
ush,0.0225935091092858
Nle,0.0458841675569295
CG13689,0.0411925814799835
Pkg21D,0.0225935091092858
Clp,0.0255018259644012
CG3862,0.00857165414921041
CG4291,0.105671811519479
dbe,0.0552046227306565
IA-2,0.543825317668029
ast,0.0333263423178381
Vps29,0.194009263634513
Tango14,0.0274217659149871
CG14341,0.174669736026356
CG31922,0.0304556768526636
CG42329,0.000103072593151983
robo3,0.0123169446830496
lea,0.0237171325948394
halo,0.0225935091092858
CG10869,0.0356813871246398
CG14352,0.00864526471833873
RFeSP,0.392889558040739
mRpL48,0.0950647023131216
Rrp40,0.14169325156257
CG31937,0.0731617157664548
CG17650,0.0225935091092858
CG7337,0.681499514385381
CG15362,0.0225935091092858
Npc2a,1.41309673343257
CG33543,0.0768926263556632
Nplp4,0.0225935091092858
tho2,0.0645174427182106
aop,0.398752279344063
CG10874,0.0694094852331684
CR44065,0.0225935091092858
Uch,0.212030316843284
Sec24CD,0.0203626528894629
CG9967,0.0225935091092858
CG9870,0.00220982107879052
oaf,0.0923681948719289
insv,0.0449109288100581
CG3214,0.309076960513667
Arpc5,0.0491780736148113
CG15394,0.0974434425091807
CG31689,0.0225935091092858
Cwc25,0.0821371561149185
Pgk,0.185689732864219
Bacc,1.04693701060155
CR44772,0.0225935091092858
aph-1,0.00385162836862423
Taf10b,0.0248665492128849
Taf10,0.102953199023529
CG2862,0.266698229124891
RpS21,0.567405722644093
CG31950,0.0749669786190799
NTPase,0.104366193043237
gammaTub23C,0.035907215863041
CG3165,0.0992833493852882
CG9643,0.0198672091509505
Bem46,0.110508198260777
CG17265,0.0225935091092858
CG12400,0.182504341259662
Pdsw,0.0264355225972019
CG31954,0.0225935091092858
Dot,0.0225935091092858
for,0.0225935091092858
CG10031,0.0281268109955048
CG31777,0.0225935091092858
slp1,0.0328011068589891
CG31957,0.0180779841888597
ft,0.0225935091092858
RpL40,0.169251633782842
Art2,0.0225935091092858
Atet,0.313074499500911
CG17612,0.0404694413392046
l(2)k05819,0.0306732010869349
Dim1,0.0704900819169445
CG15431,0.114766871811512
morgue,0.00133751680304974
CG15439,0.0456200615214147
Gs1l,0.0856731662794265
RpL27A,0.758363078951262
mRpL27,0.060976270685291
CG15435,0.0565717540919714
CG15630,0.257499058658062
CG3294,0.11274655780401
mRpS2,0.124503303265112
Mon1,0.000423044441934863
pog,0.206010192967753
CG3036,0.03117926062918
mRpL24,0.0544786755729009
betaggt-I,0.0203460404792265
CG34125,0.151504368135065
Scox,0.0219009671160711
mRpL28,0.085656637660223
Gmd,0.123429153550554
CG3792,0.209981493844322
CG8891,0.0401140562144316
CG3887,0.0406058673055041
His3.3A,0.271710878710456
CG31918,0.0225935091092858
RpL37A,0.798575673869
CG5828,0.0166198357572218
CG8680,0.345215078614726
Msp300,0.568308343839143
Cyp4ac3,0.0070385265133595
Bsg25D,0.0426851536941296
vri,0.0669597941929108
Ncoa6,0.176388288098148
cype,0.363621413850273
CG7382,0.0849279927454664
cl,0.112994241020141
CG31915,0.0177604351574341
CG7277,0.085807042245045
Hel25E,0.0845291746048168
Oscillin,0.17592153808265
CG31646,6.74805442238732e-05
obst-E,0.0225935091092858
CG7239,0.11134015520082
TrissinR,0.0596833001994325
CR44986,0.0225935091092858
CG13999,0.0701023678374969
chic,0.29230597688633
ifc,0.0275466983188946
lid,0.146484829588075
CG9109,0.00169884453933835
CG31643,0.0100033335835699
CG13995,0.840098997886077
CG9140,0.168105872265474
CG13994,0.0383591901105444
CG9147,0.0524227504530795
CG9154,0.0716766536671785
Kr-h1,0.0517684926403034
WDR79,0.0203992987498797
PDZ-GEF,0.0714542291376037
Fic,0.0947454993689718
CG9531,0.0342439684393171
KFase,0.1463513170061
CoVb,0.30386279408887
CG9596,0.00399445432737794
Ent2,0.00534477632427268
CG11319,0.0370584643090242
CG31635,0.0207593119270136
CG11070,0.0648635814175385
CG34310,0.0321821403582818
Spn27A,0.0194583303060186
Tsp,0.0254800103758905
CG11221,0.948368543129894
sens-2,0.0225935091092858
Nha1,0.0669597941929108
CR44914,0.0468151430807364
Nlg2,0.215424733774211
CG13773,0.107704442022878
x16,0.149277460334456
Hrb27C,0.0907465949005755
CG43232,0.0225935091092858
Fgop2,0.0759408300974439
CG13775,0.0293595809583706
CG10399,0.0449109288100581
Coprox,0.155470048882859
smt3,0.602795306366734
CG43322,0.00411572815708521
CG3476,0.0272745948041236
Mnn1,0.0921196285273552
Sem1,0.352635979111337
Pvf3,2.51281652812291
ico,0.00461524987231379
CR44989,0.0560453171511155
Wnt10,0.00762606489549531
CR43857,0.0225935091092858
Ziz,0.0237580931442158
RapGAP1,1.6563671257849
CG33296,0.00189222572503959
CG13794,0.0225935091092858
LKR,0.0225935091092858
cdc14,0.033962449537768
mts,0.0289025684580344
CG14535,0.125427281539613
Proc,0.0166198357572218
SmE,0.236170599961022
Sirup,0.123081414523901
CG12560,0.00189222572503959
baf,0.208812445076683
Cka,0.127802705584316
RpL36A,0.717977320705537
CG7466,0.00534477632427268
Trf,0.0159914471009001
Bsg,0.801668336026915
mon2,0.0513372577067407
CG8673,0.0011979354042755
CG12375,0.0676566821561384
CG8668,0.0838856502381877
CG43394,0.0125237446666809
CG8498,0.0952409676849667
SLC5A11,0.157226367128874
CR44119,0.0449109288100581
Su(var)205,0.103956703915878
Ssb-c31a,0.219190265541253
CG8372,0.101870846280165
CG8353,0.0168162744848109
Pvr,0.0669597941929108
Btk29A,0.014783215947768
CG7840,0.0341587977762156
CG7810,0.105737865767855
CG7806,0.0598088035274032
CG7787,0.0176873775497627
RpS13,0.475869417199398
CSN8,0.0297043747074223
CG13390,0.0201484072329831
CG17294,0.0271267505439435
CG13392,0.098092456376588
Rcd4,0.0545446296372754
CG31898,0.0164155281817867
D12,0.0274915481226327
Chrac-14,0.0920054273535757
CG31897,0.0131077440718594
fu12,0.00169172357606688
fu2,0.0678745131121523
CG13088,0.0405140546859528
CG13096,0.0177208246833953
mRpL51,0.0157833337230731
Acer,0.0253624896827245
Sema-1a,0.392413716048926
Trs23,0.0444832143869215
Hnf4,0.0162365978541371
CG9515,0.0650766586955963
CG31886,0.0138475028730223
Try29F,0.0148657904931153
CG32982,1.47398047267634
CG9586,0.0222939305428989
tai,0.429477423581263
CG17005,0.0225935091092858
FucTB,0.00534477632427268
Nckx30C,0.133039117723457
CG13117,0.0225935091092858
CG4036,0.0385075255163703
CG13123,0.0318532293373947
FKBP59,0.132522572110002
CG34183,0.0065996717997265
Uhg2,0.0536948577186162
RpS2,0.734194284626123
CG13124,0.140394558370332
Etl1,0.0562777977321486
CG4598,0.0596422194067058
Apf,0.021210234160421
CG5846,0.00389532163393496
CG5850,0.0573278029080635
RpL13,0.499818834426736
CG4839,0.0225935091092858
RpL7,0.242064685731245
CG4901,0.0449109288100581
mthl15,0.0225935091092858
me31B,0.104677444360734
CG5676,0.0146182956358467
Rsf1,0.218892097739583
CG18619,0.29400607792495
Mob3,0.0233379396085293
Mulk,0.0615217763681594
trk,0.0225935091092858
CG5390,0.0371443895033593
l(2)SH0834,0.0632303188016836
CG31715,0.0679006567601635
Sps2,0.102549277916581
CG5045,0.0564679008613564
CG33303,0.012701999542406
mRpS7,0.0181221211163603
Mdh1,0.0575932971550247
RpS27A,0.122406615394105
Klp31E,0.0258047369488016
CG5188,0.0608644689525671
Bug22,0.113976484515348
LM408,0.0534812650665123
RluA-1,0.0225935091092858
CG6144,0.193310786445435
CG6094,0.0693288756515515
Dpy-30L1,0.224126220729938
CG17124,0.482756606871261
CG31869,0.123786576560642
Nos,3.06213040836882
porin,0.117303673419201
CG16743,0.432498688087909
l(2)06225,0.367637161660514
aub,0.0225935091092858
RpL9,0.257701504429449
AstC,0.009106597995986
CG4705,0.0205259344009064
Csl4,0.0355575628412421
CG4751,0.0322981870236368
CG4788,0.00101701586516591
ab,0.645634854103807
mre11,0.0188359284833044
CG6488,0.0348218516593041
CG31706,0.23031129193001
kek2,0.851178898443779
spag4,0.0449109288100581
CG14937,0.0225935091092858
CG14933,0.0225935091092858
Mal-B2,0.0225935091092858
Cry,0.0225935091092858
dgt2,0.04542073652283
CG12264,0.206360707666027
CG6734,0.00333046456826637
Plzf,0.0448013161870538
JhI-21,0.00217534315849164
Pex19,0.052214372545853
Rab6,0.139155202450729
crok,0.0135510616937475
vir-1,0.285214224067163
CG5446,0.0727369373442376
SC35,0.0225044374806574
bun,0.0507770609626526
CG5525,0.0621949830671154
CG5780,0.0225935091092858
CG6180,0.113694220300502
Pih1D1,0.00496062797363693
CG12404,0.0394382758797702
Tor,0.0087234893413712
CG9932,0.508449973305278
DnaJ-H,0.0681471105150522
Sfmbt,0.0224680940183235
CG16972,0.0353458292150612
Pect,0.126410198582981
CG5705,0.0364152232384416
Ski6,0.0178922055384307
CG16812,0.0806145759460493
CG9377,0.023058354371736
Tap42,0.0549982154157096
CG9306,0.23957360978221
RpL24,0.312843021123125
CG42784,1.66185390367408
Tehao,0.0130890572788937
CG9267,0.0329221964852062
ics,0.0336334332643117
p38b,0.019499202716294
b,0.00965280792665067
mRpS23,0.133795521168747
NimB4,0.0167164915805692
Pgant35A,0.0593727824623539
osp,0.348510789523837
l(2)35Be,0.0391130259184465
l(2)35Bc,0.0297221502162682
CR43856,0.0343549191116817
GABA-B-R1,0.433962315936729
CG33310,0.0403549185029463
CG31832,0.0449109288100581
Su(H),0.0180853675020497
dao,0.0500166992761476
Pol32,0.0388051757400573
l(2)35Cc,0.11595674914549
UK114,0.100491749176685
kek3,0.52926105484786
CG4587,1.09829703023145
l(2)35Di,0.231471994078004
beat-Ia,0.0270842970609641
Ca-alpha1D,0.000329095006936154
CG42817,1.16924597288871
EndoGI,0.10022154696681
Syx5,0.0170236594927115
cni,0.177760435644814
CG4278,0.119110786926778
mRpL4,0.0346619701502262
CG42266,0.0225935091092858
CG4455,0.0225935091092858
CG5888,0.00749168769399026
her,0.0143027156371241
grp,0.294710847225418
Cyt-c-d,0.0104146234771625
CR43671,0.0391976602326151
CG31812,0.00998521002114617
CG17996,0.0521408224455538
CG17904,0.0393759382934175
LSm7,0.0527500783362033
yellow-b,0.0130757417276857
Ugt36Bc,0.0225935091092858
CG6115,0.268144913857663
CG12288,0.0319571936151377
ApepP,0.0180804411308994
beat-IIIb,0.592502951321499
CG31806,0.0225935091092858
Rpb11,0.15910555147785
CG15141,0.0187865870555795
dl,0.0225935091092858
Sgt,0.152191316514356
CG5110,0.0471300762362119
CR45919,0.00982166677618708
CR45358,0.000977351179155829
CadN2,0.52348872830795
CR45332,1.10721997118093
CR45333,0.496632726380548
Socs36E,0.055194345665182
CG42750,0.405666804627568
Ptp36E,0.0936219246801563
RpS26,0.435344820315453
ncm,0.0385400047599661
let-7-C,0.0327131100059267
CG10283,0.0806399887561398
kon,0.0356813871246398
CG10178,0.0225935091092858
Pde11,0.0647926307829741
CG10333,0.00947747687634423
msl-1,0.053651997550186
CG10341,0.0133302272206083
Jwa,0.0901042908689831
Irk3,0.0694870204752765
ham,0.0225935091092858
CG17322,0.0225935091092858
ScpX,0.008472503862736
CR44738,0.0225935091092858
Nedd8,0.114393118871565
CG10623,0.0248290688284718
CG10639,0.00502211585138904
CG10431,0.0041051562522063
Swip-1,0.115583452128065
CG15168,0.168103975436923
RpL30,0.523741661831636
Side,0.270445804095478
CG31800,0.0192047772875181
Catsup,0.0475808194717529
l(2)37Bb,0.00364553731138789
Rpn3,0.0621630068518401
Ddc,3.00937970812137
l(2)37Cc,0.214600449063654
l(2)37Cd,0.0484072244836021
l(2)37Cg,0.0631962075594521
CG17568,0.00892542401692138
CG17549,0.0225935091092858
CG9987,0.0637983758651467
RanGAP,0.0164619980494082
CG10195,0.0225935091092858
CG10194,0.0168710635622316
CG10189,0.0722273588180261
CG10188,0.0421186311233893
CG10186,0.545139451753396
CG10132,0.0122624342998598
CG10268,0.0620516787397841
Hakai,0.209830100548004
CR44978,0.000964281741965652
CdGAPr,0.00938396518327145
CG13962,0.0225935091092858
CoIV,0.0669674867759317
vls,0.0281472342376591
CG10721,0.0642392144801569
Taf13,0.01402534641221
Kua,0.0225935091092858
La,0.175136572838026
CG31687,0.0673127338908593
CG15475,0.0225935091092858
CG2608,0.130472214275652
CG2611,0.0453546786694303
Hr38,0.293708615650795
Pomp,0.0556244210989988
CG9331,0.0177208246833953
CG31673,0.00415917379130818
CG31674,0.0225935091092858
CG9336,0.132289300444993
CG9338,0.0151152802123108
sky,0.460516498652138
CR33318,0.0225935091092858
CG9272,0.0180187484631054
Nhe2,0.24973504447794
CG9253,0.0216725897488402
del,0.0225935091092858
CG9249,0.0851719541537368
Nbr,0.0412532182943799
CG8679,0.0349614665302677
CR45713,0.0449109288100581
CG8671,0.600706973217869
His2B:CG33882,0.0225935091092858
His2B:CG33868,0.218742284338532
CR43148,0.417714591268343
CR44993,0.158994904738087
tsh,0.0225935091092858
tio,0.0887473374008084
CG42748,0.0952971329645002
CR43241,0.208361400958165
RpL21,0.498920926795812
CG40439,0.0416283751526532
CR43242,0.0225935091092858
CR44268,0.0449109288100581
CG40042,0.236360920319586
PlexB,0.055553541538005
CR45124,0.0669597941929108
RpS3A,0.33679832684092
Ank,0.0248806314334546
CG32000,0.0628116089247107
CG31997,0.0101273105152195
CG2316,0.0125201383378307
Crk,0.0642475106464725
CG31999,0.0225935091092858
NfI,0.00999931544621126
CR44023,0.0397766969528874
Syt7,0.0881053374743899
zfh2,0.103935102209255
CG9935,0.0225935091092858
CG11360,0.0882730775481344
Sox102F,0.0684664874814744
CR44029,0.0225935091092858
mGluR,0.0196596725982645
sphinx,0.0225935091092858
toy,1.48202226552724
PlexA,0.0622786378556926
Kif3C,0.386317788978989
CG33521,0.0165741285141369
mt:ND2,0.25451894601263
mt:CoI,0.216525434434183
mt:CoII,0.2627189800892
mt:ATPase8,0.133996795489532
mt:CoIII,0.27736575879234
mt:ND3,0.452887082684204
mt:ND5,0.433123825805696
mt:ND4,0.822198850477673
mt:ND4L,0.0191062570653796
mt:Cyt-b,0.0719529887723745
mt:ND1,0.29867973446692
mt:lrRNA,1.15297817157782
mt:tRNA:V,0.0225935091092858
mt:srRNA,0.729998540952127
Gpa2,0.0591523535976203
28SrRNA-Psi:CR40596,0.0449109288100581
CR41607,0.0225935091092858
CR40611,0.0225935091092858
CR40712,0.0225935091092858
CR41544,0.0372793054180574

