185
AmoebozoaEP00007CuneaspBSH02190019_4977351__GPA1_DICDI_Guanine_nucleotide-binding_protein_alpha-1_subunit_OS_                         0.0000000 1.5191217 1.4810799 1.6162223 1.6105191 0.8486555 0.8666092 1.0932247 1.0852471 1.0210935 2.0204818 1.0071179 1.0117734 1.0693696 0.7686421 1.1091609 1.0460568 1.5494423 1.4269934 1.1698421 1.1369022 1.2120192 1.6137754 1.3317368 1.4681823 1.1716145 1.1867010 1.1664200 1.1692209 1.1083938 1.1418888 1.1875584 1.7622535 1.0787292 1.1697750 1.1719841 1.1743580 1.5225273 1.1329781 1.5218584 1.1132122 1.5674839 1.2412703 1.0242437 1.4697345 1.2317225 1.1755136 1.1968510 1.1626084 1.3173870 1.6040515 1.2293421 1.3627433 1.3570733 1.1222779 1.3063342 1.3953191 1.1430212 1.2136544 1.4505514 1.1967452 1.2708841 1.3796741 1.1437211 1.1402066 1.2472958 1.1549435 1.2615247 1.2295806 1.1400904 1.1697171 1.1809212 0.9063854 1.1446207 1.5056797 1.2976388 1.1966201 1.1448964 1.2475550 1.1796382 1.1838229 1.1838229 1.6364998 1.0668033 1.1368567 0.9062581 1.5311545 1.3245933 1.0722021 1.0722021 1.1134526 1.1319314 1.1318051 1.5114903 1.3159745 1.3005181 1.9818229 1.0583269 0.9199706 1.4247074 1.4876445 1.1886448 1.5726817 1.4311961 1.1228846 1.1040914 1.2812439 1.3546096 1.1143987 1.4542783 1.0951257 1.4932667 1.2260994 1.3151125 1.2819490 1.2749284 1.0772006 1.0888775 1.2669659 1.2001705 1.4222168 1.2746662 1.2744143 1.3383415 1.3755308 1.3883178 1.2459840 0.7591285 1.7513800 2.0481927 0.9376046 1.5549904 1.1339443 1.9216770 1.3435655 2.0044523 1.4307879 1.1219567 1.2429395 1.1099051 1.1493133 1.0985082 1.2177506 0.7799325 1.0762994 1.3385437 1.0195074 1.1914373 1.0621746 1.1190751 1.0805849 1.1457086 1.1884292 1.1525159 1.1990120 1.0915762 1.2096536 0.9801325 1.2456854 1.3771732 1.2076544 1.1885389 1.0906148 1.1259457 1.0938445 1.1065222 1.1327719 1.0710872 1.1810980 1.3005693 1.1361988 1.1102098 1.2998046 1.0921585 1.1129495 1.1585378 1.1198107 1.0971663 1.1585133 0.9879775 1.4956932 1.2254365 1.5764531 1.4215360 1.0519509 
AmoebozoaEP00007CuneaspBSH02190019_4982269__GPA5_DICDI_Guanine_nucleotide-binding_protein_alpha-5_subunit_OS_                         1.5191217 0.0000000 1.6180519 1.6902809 1.6945486 1.2203809 1.2567942 1.3213204 1.4194442 1.6034747 1.9077089 1.3589870 1.2192839 1.3212931 1.2509459 1.3563871 1.2277949 1.8122681 1.7867117 1.3334122 1.3188016 1.4840296 1.7231737 1.7217021 1.7161912 1.3840671 1.3007578 1.3886282 1.2635661 1.2934129 1.4089277 1.4291434 1.4389551 1.1935191 1.2856346 1.3205273 1.3929969 2.0122644 1.2933275 2.0115553 1.3099982 1.7914264 1.3415308 1.2110715 1.7009804 1.4980983 1.3121502 1.4171918 1.2631361 1.4989721 1.6912144 1.3973383 1.4629106 1.4761807 1.3003463 1.4429674 1.5908093 1.3350397 1.3258265 1.5509946 1.3827738 1.4533838 1.6161383 1.3332474 1.3305068 1.3577908 1.3196420 1.4088152 1.4365129 1.3486387 1.3410629 1.3596191 1.0653875 1.5685639 1.8385365 1.6863715 1.4556900 1.3358502 1.3821482 1.2799553 1.3239620 1.3239620 1.9341290 1.1676760 1.4356061 1.1220193 1.8299710 1.4400641 1.2182318 1.2182318 1.2324816 1.3496108 1.2867084 1.6281115 1.5040670 1.4222317 2.0247906 1.3680334 1.0817765 1.7771815 1.7429309 1.3595596 1.6248083 1.8533912 1.2662949 1.2165911 1.5479086 1.5535824 1.4194585 1.6821578 1.4249987 1.7018559 1.5000520 1.5457567 1.5430520 1.5559514 1.2492331 1.2560373 1.5510399 1.3640709 1.6193612 1.4636185 1.4889629 1.5860005 1.5508887 1.6450498 1.3490462 0.8282417 1.8425832 1.9855515 1.1960098 1.7704133 1.3668612 1.8417430 1.6488572 1.9196968 1.6364270 1.2795821 1.4765178 1.3348715 1.3954689 1.5652961 1.3837146 0.9674646 1.5829684 1.6815778 1.3594304 1.3484643 1.3073814 1.1875998 1.3615080 1.3020478 1.3805302 1.4897420 1.5996035 1.2844779 1.3158867 1.2158843 1.3935236 1.6684358 1.6075102 1.3636855 1.3660394 1.4537040 1.5614033 1.2566910 1.2788876 1.2152126 1.5008894 1.6536739 1.4762628 1.2524821 1.6281818 1.2669941 1.2445408 1.4911701 1.4763992 1.5570301 1.2859289 1.2520950 1.6049094 1.5370036 2.2116089 1.8162807 1.3380688 
AmoebozoaEP00029Vermamoebavermiformis_5274105__GPA2_DICDI_Guanine_nucleotide-binding_protein_alpha-2_subunit_OS_                      1.4810799 1.6180519 0.0000000 1.9915446 2.0603637 1.4495333 1.4408998 1.5832583 1.9240633 2.0706765 2.4730151 1.5255663 1.4826457 1.6590009 1.0758762 1.5336451 1.6523934 2.2188926 2.2223080 1.7155930 1.6553443 1.9833412 1.9820199 1.9909820 1.7648860 1.7743125 1.7096523 1.7551325 1.6524756 1.6021103 1.6910989 1.7793392 1.9545186 1.7212374 1.6306850 1.8527766 1.7351547 2.0063862 1.6651330 2.0056694 1.6902913 2.5206974 1.7213064 1.3440285 2.2354667 1.6832724 1.6951843 1.7571980 1.6664585 1.9993522 2.2706147 1.6927865 1.8664587 1.8474827 1.7985895 2.2281071 1.8485039 1.6594360 1.7669316 1.9708765 1.7082633 1.8219918 1.7846513 1.6648061 1.6557541 1.8134131 1.6550622 1.7792743 1.7647432 1.6750686 1.6585043 1.7554340 1.4780630 1.8411474 2.1588323 2.0177037 1.8312841 1.7683958 1.9198625 1.7157054 1.7778776 1.7778776 1.9617131 1.6632837 1.7033043 1.5063524 1.6860461 1.8627997 1.6596321 1.6596321 1.6285109 1.7013302 1.7035824 2.1059570 2.0575583 1.9705220 2.3137540 1.6911821 1.3918730 2.0328888 2.1091577 1.6911544 2.1856306 2.0335556 1.6456801 1.2973349 1.8379944 1.8482297 1.7998753 1.8576424 1.7713282 1.7554530 1.6583872 1.7181992 1.8777911 1.8788462 1.5443447 1.5635551 1.8649537 1.6821392 2.1918002 1.8291644 1.6801545 1.9123963 1.8649811 1.9720376 1.7464676 1.0630438 2.3508822 2.4429472 1.3224583 2.0552804 1.6967403 2.4059319 2.0114612 2.5695863 2.0331342 1.6400909 1.6686624 1.6169492 1.7755287 1.7999688 1.7829241 1.4127540 1.6905095 1.8905858 1.6744934 1.8094935 1.6339735 1.6813987 1.7741699 1.7238768 1.8099377 1.9071069 1.9224826 1.6743814 1.9826190 1.6707100 1.8891784 1.9272911 1.8409866 1.8010207 1.7009629 1.8282456 1.6949242 1.6726405 1.7479095 1.6617257 1.8151753 1.9918678 1.7433103 1.6408500 1.9670923 1.6513450 1.6847698 1.8087098 1.7735732 1.6731821 1.7336941 1.4410583 1.9788800 1.7725941 2.2266994 1.8744006 1.7466746 
ChoanoflagellataEP00035Acanthoecaspectabilis_10719783__GNAO_HUMAN_Guanine_nucleotide-binding_protein_G_o__subunit_alpha_OS_           1.6162223 1.6902809 1.9915446 0.0000000 0.1710354 1.5266259 1.5358850 1.1987328 1.7862628 1.8828549 2.0919085 1.3804761 1.2716062 1.3551559 1.1393534 1.4022192 1.2250416 1.8972172 1.8467589 1.2223377 1.4471998 1.4164948 1.5670192 1.4934912 1.2767369 1.4278262 1.4238511 1.2284049 1.1850861 1.1928200 1.2365801 1.2611899 2.1310590 1.0988036 1.1992159 1.3047686 1.2088879 1.5010342 1.2241281 1.5018340 1.1474520 1.4127649 1.3675652 1.2533979 1.2880400 1.4129038 1.2460989 1.2883272 1.2205798 1.2151906 1.6495623 1.3215695 1.3631032 1.2964693 1.3129345 1.5741395 1.4907607 1.1760557 1.3164965 1.4743842 1.3534294 1.4474384 1.5824031 1.2117879 1.1872881 1.3273307 1.2249928 1.3833754 1.3690822 1.2100104 1.2167100 1.3127978 1.1331350 1.4716192 1.8631392 1.5039059 1.5965546 1.3363358 1.2985949 1.1638600 1.3114029 1.3114029 1.7530254 1.1015496 1.4832093 1.1947886 1.8261129 1.3286766 1.2613442 1.2613442 1.2278855 1.2733041 1.2548822 1.5045107 1.4704665 1.3812223 1.9810538 1.2352105 1.1486606 1.5969559 1.5736336 1.1602393 1.5937878 1.5308819 1.2039280 1.3293397 1.5674693 1.4873395 1.2667710 1.6211071 1.2507593 1.5930688 1.4868205 1.5100722 1.5883030 1.5960665 1.3099624 1.3135337 1.5936388 1.2710283 1.6639196 1.2673591 1.4260796 1.3816299 1.4139837 1.7185059 1.4846010 0.9027860 1.8483500 1.9908600 1.1782276 1.8316373 1.4028651 1.9863327 1.6056776 1.9394281 1.6163869 1.1907148 1.2277200 1.2591051 1.4066843 1.3897803 1.3759653 1.1617956 1.4987144 1.5867226 1.3264954 1.2819486 1.2526788 1.2350380 1.3051730 1.2195041 1.2918037 1.3313786 1.4329815 1.1952768 1.3727942 1.0900480 1.3649164 1.6091982 1.5517982 1.3248880 1.2706494 1.3397645 1.3406756 1.2257492 1.1415520 1.1219762 1.4243047 1.6222377 1.3700646 1.2005211 1.6159531 1.2195782 1.1648938 1.4079239 1.3521551 1.3772201 1.1449552 1.3926508 1.7133609 1.5834346 2.2085856 1.9456935 1.7016584 
ChoanoflagellataEP00037Helgoecanana_10783539__GNAO_HUMAN_Guanine_nucleotide-binding_protein_G_o__subunit_alpha_OS_                    1.6105191 1.6945486 2.0603637 0.1710354 0.0000000 1.5792573 1.5887007 1.2289313 1.8050917 1.7655085 2.2220293 1.3510616 1.2630627 1.3552476 1.2857125 1.4558449 1.2498436 1.9903882 1.9299815 1.3119498 1.4752551 1.5402794 1.6298670 1.4988696 1.3896369 1.4190741 1.4659047 1.2929840 1.2364019 1.2726654 1.2863787 1.3296901 2.3751030 1.1524010 1.2508047 1.3358246 1.2823376 1.5966022 1.2650217 1.5974497 1.2394808 1.4837570 1.4731067 1.4689862 1.3515066 1.4292481 1.3662689 1.3631835 1.2616071 1.2707210 1.7435924 1.3983266 1.4096866 1.3572535 1.4155789 1.6535750 1.4977744 1.2919372 1.3560137 1.5323528 1.4686237 1.5994281 1.6734021 1.3102345 1.2778296 1.3893776 1.3197739 1.4159525 1.4587821 1.3093934 1.3062331 1.3971263 1.1917452 1.6003264 1.8697169 1.5922521 1.6660828 1.4335249 1.4088630 1.2579274 1.4176620 1.4176620 1.8359735 1.2040156 1.5981791 1.2959572 2.0055487 1.4261160 1.2875038 1.2875038 1.2703492 1.3225285 1.2591898 1.5254801 1.5462579 1.4146420 2.1432667 1.3148135 1.1266158 1.6491928 1.6594968 1.2365161 1.5559222 1.5709381 1.2299059 1.5035613 1.6595986 1.5573684 1.3941393 1.7179309 1.3720305 1.7242716 1.5739098 1.5945885 1.6839940 1.6879983 1.3616748 1.3791443 1.6755968 1.3922228 1.7832965 1.3158551 1.4736137 1.4278098 1.4606815 1.7484454 1.5188731 1.0044771 1.9083498 2.0368370 1.2641339 1.9733019 1.4207952 2.0211583 1.7006306 2.0076223 1.7123440 1.2648757 1.3725187 1.3050873 1.5025307 1.4476896 1.4700001 1.2601659 1.5425044 1.6500184 1.3959091 1.3494332 1.2921979 1.3217347 1.3051905 1.3271921 1.4159928 1.3836390 1.4660479 1.2399957 1.4855431 1.1945666 1.4436665 1.6692110 1.6646313 1.4431959 1.3537314 1.4137409 1.4039485 1.3143029 1.2638966 1.1994744 1.4554817 1.6950025 1.4461889 1.2801094 1.6872799 1.3102800 1.2331775 1.4428759 1.3980650 1.4425301 1.2678359 1.4334976 1.7395929 1.6103094 2.1831350 2.0119413 1.6056820 
CollodictyonidaeEP00002Diphylleiarotans_11666417__GPA1_SPOS1_Guanine_nucleotide-binding_protein_subunit_alpha_OS_                     0.8486555 1.2203809 1.4495333 1.5266259 1.5792573 0.0000000 0.0317402 0.8749461 0.7924799 0.8312339 1.9513292 0.8270044 0.9147767 0.8799063 0.5686093 0.9464718 1.0286734 1.5359667 1.4699716 0.9529301 1.0498682 1.0070119 1.3370134 1.2233589 1.2009377 1.1515618 1.0731846 1.0214826 1.0144564 0.9832364 1.0431594 1.0696591 1.3169913 1.0111709 1.0403548 1.0359273 1.0071487 1.5693971 1.0615337 1.5687584 1.0750871 1.5197567 1.0756472 0.7779543 1.3529744 1.1529297 0.9993959 1.1024852 1.0003837 1.2590020 1.4620984 1.0934108 1.1239662 1.1164263 1.0712670 1.3409012 1.1946620 1.0144969 1.0868087 1.3423424 1.1066963 1.1761979 1.3122440 1.0112177 1.0107541 1.1138336 0.9927977 1.1212015 1.1210245 1.0062654 1.0041157 1.0984424 0.7572520 1.0867086 1.4826726 1.1480091 1.1578744 0.9682434 1.1151366 0.9795399 0.9780315 0.9780315 1.6963409 0.8385064 1.2326693 0.8125544 1.5234254 1.1144187 1.0434096 1.0434096 1.0023215 0.9565753 1.0125109 1.3415293 1.0866683 1.1226144 1.5770491 0.9434293 0.8179300 1.3457803 1.3260620 0.9825476 1.3362423 1.2975377 1.0120407 0.8947844 1.2552961 1.1683964 0.9845990 1.5893620 0.9748666 1.5628836 1.0489856 1.1200797 1.3161985 1.3101874 1.0121018 1.0251624 1.3010374 1.1405445 1.5712162 1.2499361 1.1256420 1.2060911 1.1979326 1.4224610 0.9691804 0.6501740 1.6681800 1.7809158 0.7238622 1.4919913 1.0269038 1.8909631 1.3383892 1.6688804 1.4051679 1.0508330 1.1889365 1.0149277 0.9811071 1.0843127 1.0161421 0.8530088 1.1310797 1.3206747 1.0142944 1.0640092 1.0472199 1.0910108 1.0863652 0.9992517 1.0483792 1.1415710 1.2444400 1.0281409 1.1988638 0.9076393 1.1668206 1.3414620 1.2499396 1.1049933 1.0587346 1.0827018 1.1117466 1.0219405 1.0331303 0.9793682 1.1897612 1.3001223 1.1771817 1.0208681 1.3315132 1.0172447 0.9900836 1.1777208 1.1534789 1.1490995 1.0273394 0.8896481 1.3123089 1.1426977 1.4478859 1.3337777 0.6235716 
CollodictyonidaeEP00002Diphylleiarotans_11666418__GPA1_SPOS1_Guanine_nucleotide-binding_protein_subunit_alpha_OS_                     0.8666092 1.2567942 1.4408998 1.5358850 1.5887007 0.0317402 0.0000000 0.8858420 0.7706011 0.7872027 1.9126961 0.8322254 0.9379279 0.8851229 0.5686093 0.9622152 1.0504672 1.5605514 1.4930243 0.9483614 1.0873287 0.9838380 1.3714952 1.2525491 1.2152971 1.1717899 1.0895755 1.0293829 1.0471899 1.0140448 1.0406740 1.0799466 1.3169913 1.0556434 1.0662838 1.0440521 1.0066380 1.6123567 1.0894958 1.6117132 1.0992293 1.5256203 1.1155456 0.7779543 1.3486679 1.1887912 1.0061992 1.1063953 1.0170014 1.2556368 1.5152065 1.1341443 1.1448983 1.1299068 1.0795108 1.3417429 1.2116313 1.0133981 1.1316378 1.3690247 1.0895966 1.1830510 1.3232716 1.0101307 1.0096685 1.1574149 0.9917709 1.1403614 1.1676138 1.0051903 1.0030480 1.1336843 0.7654385 1.1340838 1.4664516 1.2121575 1.1968363 0.9780492 1.1120368 0.9872128 0.9775473 0.9775473 1.7087804 0.8266641 1.2066398 0.8140411 1.5145085 1.1105144 1.0857252 1.0857252 1.0218012 0.9514840 1.0188644 1.3469181 1.1063420 1.1460852 1.6071151 0.9385216 0.8311720 1.4017819 1.3384212 0.9844213 1.3458017 1.3188159 1.0231636 0.8789806 1.2910147 1.1814117 1.0058368 1.6080346 0.9959802 1.5873450 1.0427693 1.1150577 1.3547080 1.3497805 1.0337594 1.0469302 1.3404608 1.1251142 1.5539504 1.2488952 1.1383979 1.2089238 1.2136868 1.4388413 0.9949562 0.6891079 1.6832656 1.7223899 0.7600032 1.5146359 1.0803542 1.8809472 1.3395003 1.7064418 1.4214153 1.0705618 1.1689195 1.0480246 0.9903043 1.1134524 1.0107099 0.8530088 1.0992821 1.3506701 1.0350184 1.0472124 1.0770943 1.0984846 1.0565535 0.9909631 1.0615899 1.1355962 1.2221174 1.0278455 1.2285188 0.9219950 1.1622027 1.3575374 1.2142630 1.0981381 1.0414404 1.0685769 1.1094839 1.0074648 1.0404916 1.0080932 1.1590873 1.2943028 1.1393645 1.0164563 1.3355498 1.0027951 1.0180721 1.1472928 1.1329909 1.1368755 1.0296063 0.8763769 1.3307135 1.1606154 1.4930347 1.3146502 0.6334983 
FilastreaCapsasporaowczarzakiUP000008743_12983943__GNAI_PATPE_Guanine_nucleotide-binding_protein_G_i__subunit_alpha_OS_               1.0932247 1.3213204 1.5832583 1.1987328 1.2289313 0.8749461 0.8858420 0.0000000 1.1045647 1.1541000 1.6810909 0.6441613 0.5595140 0.6759997 0.5529749 0.7107373 0.6293234 1.4899519 1.4071961 0.6235021 0.7967570 0.8299009 0.9094184 0.9495974 0.7304011 0.7123291 0.7487527 0.6301732 0.6182434 0.6712608 0.7281443 0.7325918 1.2125887 0.5876498 0.6288289 0.6693444 0.6471850 1.3128213 0.6723077 1.3163039 0.7066473 0.8489465 0.8073004 0.5786728 0.7890044 0.7452134 0.5907476 0.7542794 0.6575311 0.7026339 0.9604409 0.7646857 0.9130624 0.8647640 0.6286855 0.8751709 0.9827613 0.6051277 0.7790345 1.1146157 0.6299703 0.7336234 1.0372292 0.6091170 0.5971104 0.7640353 0.5837508 0.7976252 0.8007439 0.6156842 0.5998012 0.7974022 0.4959425 0.8094866 1.2413864 0.9417138 0.7500889 0.7547320 0.6968206 0.5849838 0.7104100 0.7104100 1.5540671 0.5501575 0.8544293 0.5103820 1.2670502 0.7327429 0.6660695 0.6660695 0.6488767 0.6560680 0.7006934 1.0813868 0.9185698 0.8588142 1.4781593 0.7011570 0.6105712 1.1579840 1.3170955 0.7055848 1.0434414 1.2339207 0.7019282 0.6730355 0.9712222 0.8664680 0.7069961 1.3565439 0.6949829 1.2005661 0.8192726 0.8329988 0.9547086 0.9700289 0.8032009 0.8146340 0.9624275 0.6871981 1.1759852 0.9556542 0.7277181 0.9014124 0.9900341 0.9704572 0.6609583 0.4662434 1.4834258 1.7423168 0.4903288 1.1259710 0.6526794 1.8492923 0.9857013 1.3883554 0.9852794 0.7029293 0.7832437 0.7695113 0.6390431 0.8749280 0.6676317 0.7585603 0.9035091 1.0244551 0.7189553 0.7127789 0.6660555 0.6742364 0.6397571 0.6308292 0.6667481 0.8329017 0.8513099 0.5911088 0.8267270 0.6694927 0.8039662 0.9984035 0.9396862 0.7227148 0.6417430 0.7210634 0.7561120 0.6059235 0.6243482 0.6182555 0.8511448 0.9759588 0.8220423 0.6068273 0.9955798 0.5876880 0.6385461 0.8347862 0.8572444 0.7669864 0.6186912 0.5888862 1.4576305 1.3122995 1.5630600 1.5826162 1.0514058 
HeteroloboseaEP00761Pharyngomonaskirbyi_14482015__GPA1_DICDI_Guanine_nucleotide-binding_protein_alpha-1_subunit_OS_                   1.0852471 1.4194442 1.9240633 1.7862628 1.8050917 0.7924799 0.7706011 1.1045647 0.0000000 0.6484857 2.0156646 1.1211858 1.2334756 1.1169282 0.9667513 1.3507463 1.2435416 1.8324014 1.7863304 1.0508329 1.1687191 1.2402318 1.4443272 1.3132597 1.2965469 1.4405594 1.3059334 1.1130195 1.2982362 1.2676189 1.1940764 1.2113043 1.5624991 1.2501303 1.3101441 1.1838265 1.0759115 1.5774323 1.2978846 1.5767790 1.3196464 1.4786178 1.2798293 1.0938909 1.3823349 1.3644068 1.1877802 1.1666639 1.3237757 1.2282340 1.5830734 1.3011769 1.5762643 1.5542313 1.2335355 1.3481175 1.4780729 1.1797081 1.2920795 1.5292856 1.1896074 1.3157940 1.4487734 1.1970724 1.1720191 1.3080910 1.1549574 1.3597054 1.3225644 1.1699490 1.1924500 1.2942607 0.8243196 1.4095621 1.4852880 1.3960072 1.3244023 1.2093454 1.2469926 1.1354984 1.2157575 1.2157575 1.8444885 0.9974676 1.2656199 0.9629805 1.6870030 1.2054833 1.2871490 1.2871490 1.2374803 1.0837087 1.3360637 1.4141150 1.3878888 1.4179477 1.8161985 1.1749181 1.0948101 1.5289191 1.6071578 1.1812061 1.4397487 1.4067967 1.3385832 1.1573709 1.4414640 1.3537892 1.2110177 1.8070056 1.1784964 1.8908768 1.3310487 1.4092076 1.4558046 1.4661671 1.1493456 1.1629019 1.4569103 1.2336422 1.6394131 1.3867655 1.2803050 1.2962141 1.3602544 1.5600820 1.1851111 0.7863556 1.8895636 1.9417746 0.9826168 1.6137407 1.1672226 1.9816234 1.4249954 1.8828371 1.5479673 1.3047578 1.3744001 1.2579808 1.1137996 1.4003386 1.1247681 0.9525508 1.4279214 1.4756168 1.2586632 1.2364263 1.2796067 1.3827159 1.1905976 1.1571212 1.1996216 1.2566130 1.3137495 1.1217369 1.3795208 1.1377584 1.2385633 1.5386744 1.2978358 1.2725432 1.1235013 1.2087663 1.2086299 1.1047631 1.1521170 1.2598857 1.2497920 1.5011851 1.2877749 1.1613473 1.5121437 1.0955758 1.3091672 1.2450138 1.3020609 1.2032811 1.1907224 1.2512563 1.4206056 1.4424110 1.7769529 1.3556888 0.8436697 
HeteroloboseaEP00761Pharyngomonaskirbyi_14492479__GNAI_LYMST_Guanine_nucleotide-binding_protein_G_i__subunit_alpha_OS_                1.0210935 1.6034747 2.0706765 1.8828549 1.7655085 0.8312339 0.7872027 1.1541000 0.6484857 0.0000000 2.0434598 1.2046737 1.1602018 1.2162551 0.9235515 1.3448863 1.3021482 1.7575759 1.7413394 1.1138912 1.2950555 1.1457455 1.5479535 1.2951834 1.4156665 1.4689596 1.3007172 1.2882207 1.3894961 1.3301578 1.3048014 1.3831207 1.7990152 1.3125845 1.3886735 1.3010728 1.1132471 1.7130351 1.3650687 1.7123793 1.4000899 1.5876113 1.5273744 0.9146897 1.4796309 1.5851656 1.1410763 1.2856650 1.3663303 1.2994509 2.0221579 1.5310570 1.4721291 1.6530428 1.2405512 1.4301713 1.6110843 1.1690942 1.5163646 1.6349080 1.2278296 1.3060499 1.6543292 1.1617740 1.1663338 1.5437415 1.1540053 1.5184219 1.4964627 1.1641521 1.1757940 1.5605508 0.9520061 1.4440979 1.3317939 1.5354925 1.3893771 1.2661300 1.3480329 1.1949994 1.3198030 1.3198030 1.9596397 1.0566340 1.5439195 1.1540915 1.6973731 1.2254784 1.3115466 1.3115466 1.3410115 1.0910090 1.3807747 1.4703607 1.2612542 1.3407027 1.9256211 1.1856307 1.2877841 1.5515960 1.5270383 1.1901393 1.4838651 1.5053574 1.4006199 1.0823599 1.4477252 1.4180364 1.3404527 1.7280573 1.2843389 1.7776659 1.4011326 1.4323261 1.4179381 1.4172729 1.0604173 1.0753321 1.4063605 1.3042509 1.7059215 1.4860946 1.3805729 1.3409217 1.5646814 1.7347395 1.3613227 0.9305808 1.9641180 2.0744968 0.9308881 1.9414228 1.3591659 2.0798136 1.6813495 2.0384020 1.7590392 1.3645693 1.3631444 1.4483873 1.1793771 1.5603008 1.2579729 1.0767254 1.3155174 1.5321049 1.4215870 1.2738323 1.3676505 1.3948429 1.1630529 1.2040504 1.2411658 1.3041681 1.4209663 1.1945912 1.6205368 1.2906421 1.3523147 1.6170858 1.3972595 1.3109476 1.1862094 1.3502843 1.3634428 1.1455902 1.2027942 1.2911291 1.3825612 1.5403251 1.2724553 1.2109276 1.5419644 1.1528195 1.3095537 1.3785168 1.2998208 1.3420873 1.2102398 1.1667451 1.4287961 1.4369676 1.6194465 1.4773183 0.9210055 
IchthyosporeaEP00123Amoebidiumparasiticum_14550744__GNAI_LYMST_Guanine_nucleotide-binding_protein_G_i__subunit_alpha_OS_              2.0204818 1.9077089 2.4730151 2.0919085 2.2220293 1.9513292 1.9126961 1.6810909 2.0156646 2.0434598 0.0000000 1.5743961 1.6474015 1.5270093 1.1456446 1.6673279 1.6440839 2.2960865 2.1134979 1.6255638 1.7494891 1.7909723 2.0781196 1.9892573 1.9920502 1.8693670 1.7258720 1.6792926 1.6575670 1.7394928 1.7883704 1.8372380 1.7394995 1.7304222 1.6469855 1.7170219 1.6610711 2.4210515 1.6670643 2.4459995 1.6769095 2.2594203 1.7179162 1.4537927 2.0979810 1.8794008 1.5797157 1.7953017 1.6714855 1.8907850 2.2448442 1.8053747 1.8836045 2.1379738 1.6599142 2.1152275 1.9080750 1.6007801 1.8299643 2.0762298 1.6115195 1.7711286 1.8517713 1.6152888 1.5985482 1.8278325 1.5956327 1.8508426 1.8303882 1.6394774 1.6480059 1.8360158 1.4206050 2.1231841 2.0539633 2.2521467 1.8936906 1.8565400 1.8182732 1.6383354 1.8194357 1.8194357 2.2716455 1.6057927 1.7018727 1.4641401 1.6511101 1.7026957 1.6930710 1.6930710 1.7104482 1.6821218 1.6636652 2.0010581 2.0085323 1.7550985 2.4167673 1.7320337 1.4310439 2.0178461 2.1681152 1.6457213 1.9812643 2.0185472 1.6646417 1.5081782 1.6922879 1.8967074 1.8521387 2.0768446 1.8071657 2.0871120 1.8979047 1.9665779 1.7383755 1.7364739 1.3145279 1.3346599 1.7205736 1.6160860 2.1258913 1.5204776 1.5073284 1.9068306 1.6647414 1.8704759 1.8146140 1.2920818 2.4221998 2.5942259 1.3521374 1.9704664 1.7773261 2.7099319 1.8279861 2.5529514 1.8710706 1.6567819 1.8114979 1.6254632 1.7710227 1.8569617 1.7899096 1.2970648 2.0705793 2.0238615 1.7030701 1.7084132 1.7010292 1.7758669 1.7210199 1.7290668 1.8178145 1.7180003 1.7724169 1.5971741 1.9234553 1.5766670 1.8154153 1.9915469 1.8788566 1.7387198 1.6939558 1.7091025 1.7409665 1.5986676 1.6948916 1.6353452 1.8024462 1.9867716 1.7171360 1.6796198 2.0207345 1.6233403 1.6544759 1.7904275 1.7440586 1.7262506 1.6746257 1.4755311 2.2617471 2.0526296 2.5442668 2.4265215 2.0160500 
IchthyosporeaEP00123Amoebidiumparasiticum_14559949__GNAI_PATPE_Guanine_nucleotide-binding_protein_G_i__subunit_alpha_OS_              1.0071179 1.3589870 1.5255663 1.3804761 1.3510616 0.8270044 0.8322254 0.6441613 1.1211858 1.2046737 1.5743961 0.0000000 0.2887188 0.1055366 0.3450835 0.4617051 0.7249656 1.3590181 1.2530465 0.6810844 0.8013447 0.8122531 1.0153603 1.0340580 0.8862404 0.9177177 0.8173833 0.6331357 0.7546453 0.7506621 0.6654124 0.6699233 1.1592642 0.8348390 0.7564483 0.6273246 0.6639674 1.2887201 0.7651740 1.2922365 0.7396316 1.0827447 0.8906395 0.5023362 0.9396344 0.9386231 0.6179478 0.6947351 0.7799427 0.8626748 1.2414034 0.8673668 1.0057785 0.9914123 0.7031298 0.9495169 1.0649641 0.6659866 0.8999795 1.2516556 0.6968598 0.8363887 1.0219078 0.6750567 0.6636289 0.9263941 0.6282911 0.9032235 0.9055942 0.6665564 0.6794293 0.9272800 0.4826828 0.7899554 1.2183139 0.8674806 0.8724329 0.8021633 0.7297501 0.6074929 0.8953371 0.8953371 1.5575983 0.6104576 0.7861019 0.6287256 1.3930054 0.7675809 0.7679896 0.7679896 0.7733035 0.6528471 0.7750043 1.0597658 0.9207636 0.9471913 1.3386558 0.7049871 0.6378550 1.1647618 1.2057943 0.6802695 1.0316805 1.1528164 0.7809900 0.6623094 0.9863785 0.8262544 0.6885874 1.4650825 0.6931048 1.4117226 0.7806619 0.8155955 0.9714770 0.9721625 0.7427710 0.7536875 0.9646645 0.6905907 1.1348890 0.9153016 0.8166153 0.9713278 1.0410335 1.1351621 0.7580286 0.5182576 1.4420358 1.4809895 0.5930571 1.1520631 0.8487088 1.6104541 1.0808041 1.4939269 1.1253421 0.7793346 0.8351061 0.7985383 0.7232266 0.8892850 0.7374779 0.6177186 0.9121574 1.0242919 0.7928548 0.6954761 0.7604040 0.8172025 0.6673693 0.6354750 0.6757981 0.8784593 0.9181164 0.6465059 0.9750535 0.7419743 0.7504254 1.0454561 0.9194609 0.7349587 0.7102705 0.7131984 0.7848454 0.6389100 0.6414779 0.7753559 0.8737998 1.0419005 0.7895381 0.6397350 1.0403978 0.6273904 0.7953851 0.8674591 0.7897709 0.7648209 0.6418674 0.5296317 1.4267505 1.2673429 1.5157256 1.5411054 0.9885103 
IchthyosporeaEP00123Amoebidiumparasiticum_14559950__GNAI_PATPE_Guanine_nucleotide-binding_protein_G_i__subunit_alpha_OS_              1.0117734 1.2192839 1.4826457 1.2716062 1.2630627 0.9147767 0.9379279 0.5595140 1.2334756 1.1602018 1.6474015 0.2887188 0.0000000 0.4931394 0.3450835 0.2589299 0.7322057 1.5697124 1.4379459 0.6539958 0.8692641 0.8519370 0.9715388 0.9912044 0.8687883 0.8659703 0.8613119 0.6746702 0.7318813 0.7515961 0.7407223 0.6947562 1.1592642 0.7688683 0.7190811 0.7051616 0.6766398 1.2953372 0.7839352 1.2987957 0.7171261 1.0029528 0.8264277 0.5023362 0.8610051 0.9172216 0.6316738 0.7875547 0.7592648 0.7830834 1.1243434 0.7956772 0.9627223 1.0064396 0.6645751 0.8953585 1.0208852 0.6246224 0.8060971 1.2353798 0.6922002 0.8061825 0.9931786 0.6315556 0.6232243 0.8289459 0.6089286 0.8636423 0.8365905 0.6234566 0.6310839 0.8365172 0.4724848 0.7594896 1.3247890 0.8641091 0.8349601 0.7657740 0.7097565 0.6131889 0.8082593 0.8082593 1.6173438 0.6090496 0.7931854 0.6046851 1.3507834 0.7587661 0.7625174 0.7625174 0.7725073 0.6327729 0.7934984 1.0458338 0.9201012 0.8536388 1.3659735 0.7198812 0.6216749 1.1770802 1.3041049 0.7475475 1.0584761 1.1662745 0.7749947 0.6658032 0.9618124 0.8462426 0.6762323 1.3661310 0.6792612 1.3398553 0.8152141 0.8665912 0.9700136 0.9696066 0.7229057 0.7336560 0.9621397 0.6652900 1.1590288 0.9686436 0.7977675 1.0026267 1.0963522 1.1419211 0.8067348 0.4524715 1.4684660 1.6212895 0.5720261 1.2120471 0.7283892 1.5913370 1.0927717 1.4788349 1.1057906 0.8060387 0.8120642 0.8047178 0.6599438 0.8947954 0.7087670 0.6177186 0.8980177 1.0628046 0.7979820 0.6862557 0.7679337 0.8107302 0.6736040 0.6403057 0.7147712 0.8645837 0.9456178 0.6317200 0.9827544 0.7707151 0.8142372 1.1136048 0.9565131 0.7336692 0.7303390 0.6979588 0.8341836 0.6367355 0.6368578 0.7430145 0.9011775 1.0781968 0.8452418 0.6454220 1.0923517 0.6342011 0.7704808 0.8946394 0.8402006 0.8119278 0.6410841 0.5378718 1.3986630 1.3720878 1.5076120 1.4801406 0.9828367 
IchthyosporeaEP00123Amoebidiumparasiticum_14559951__GNAI_PATPE_Guanine_nucleotide-binding_protein_G_i__subunit_alpha_OS_              1.0693696 1.3212931 1.6590009 1.3551559 1.3552476 0.8799063 0.8851229 0.6759997 1.1169282 1.2162551 1.5270093 0.1055366 0.4931394 0.0000000 0.3151395 0.5695096 0.7358139 1.2782014 1.1729894 0.7108392 0.8296846 0.8413529 1.0799795 1.0174157 0.9310865 0.9114852 0.8342183 0.6441250 0.7735596 0.7761278 0.6872960 0.7182987 1.2538633 0.8399368 0.7838226 0.6342558 0.6992693 1.3174636 0.7688746 1.3181202 0.7605342 1.0686883 0.9051069 0.5606187 0.9396344 0.9755364 0.6308571 0.6856827 0.7987947 0.8626748 1.2417947 0.8853298 1.0131261 0.9306268 0.6655299 0.9163624 1.0363702 0.6801635 0.9280946 1.1937533 0.7186368 0.8105572 1.0292670 0.6894469 0.6777288 0.9370960 0.6439759 0.9361607 0.9213014 0.6808056 0.6939084 0.9298761 0.5222581 0.8027949 1.2260789 0.8806183 0.9121794 0.8096351 0.7403589 0.6140210 0.8952019 0.8952019 1.5034112 0.6204411 0.8604411 0.6274705 1.4048541 0.7557674 0.7811464 0.7811464 0.7906507 0.6766439 0.7964465 1.1714106 0.9635421 0.9632788 1.5193323 0.7271873 0.6618431 1.0930454 1.1964229 0.6916822 1.1521182 1.1068678 0.8028036 0.6591269 0.8987640 0.8784709 0.7005590 1.4432914 0.7051434 1.3917091 0.8295657 0.8624737 0.8878076 0.8885178 0.6277893 0.6366616 0.8821628 0.7145236 1.1447358 0.9010795 0.8741703 1.0226164 1.0079040 1.1732990 0.7885309 0.5129555 1.4353864 1.5642282 0.6255856 1.2257177 0.8425189 1.6932708 1.1405934 1.4775271 1.1816908 0.7959689 0.7934960 0.8260946 0.7629858 0.8831422 0.7778209 0.6899488 0.8980054 1.0401717 0.8068091 0.7354569 0.7734015 0.7965654 0.7164432 0.6829761 0.7044158 0.8724662 0.9079260 0.6652816 0.9317644 0.7088346 0.7763206 1.0499212 0.8992316 0.7336606 0.7199819 0.7529814 0.7892911 0.6607363 0.6738126 0.7505497 0.8711184 1.0609275 0.7887223 0.6670714 1.0531688 0.6553265 0.7712086 0.8647006 0.7849489 0.7726431 0.6858061 0.5611821 1.3945537 1.2471343 1.5905025 1.4060488 0.9775800 
IchthyosporeaEP00123Amoebidiumparasiticum_14561421__GNAI2_RAT_Guanine_nucleotide-binding_protein_G_i__subunit_alpha-2_OS_             0.7686421 1.2509459 1.0758762 1.1393534 1.2857125 0.5686093 0.5686093 0.5529749 0.9667513 0.9235515 1.1456446 0.3450835 0.3450835 0.3151395 0.0000000 0.4577387 0.5570085 1.1679929 1.1679929 0.4777126 0.7497570 0.5915973 0.7760466 0.7569798 0.6144574 0.8710081 0.6377404 0.5276535 0.5323845 0.5378933 0.4475198 0.5473164 1.2671547 0.3198098 0.5692674 0.5053552 0.5730313 1.2183999 0.5756858 1.2166318 0.5034873 9.0000000 0.6994961 0.5439149 9.0000000 0.7448141 0.4778933 0.6084638 0.5546785 9.0000000 1.0361382 0.6378342 0.8700398 0.7788142 0.5072112 4.2856424 0.8815095 0.4838015 0.7047579 1.2018852 0.5193777 0.5513712 0.7709809 0.5016600 0.4838015 0.7096312 0.4806973 0.6066709 0.7312071 0.4838015 0.5016600 0.7358701 0.5109993 0.5982010 0.9687933 0.5223438 0.5616326 0.5989273 0.4808246 0.4593698 0.5993362 0.5993362 1.2489983 0.4738003 0.7785671 0.5882685 1.4355438 0.6461183 0.5401911 0.5401911 0.5699921 0.4786170 0.5105816 0.8949548 0.7626429 0.5360730 0.8963947 0.5339622 0.5105816 0.9195269 1.0608835 0.5640521 0.8977068 0.9156851 0.5268800 0.5895441 0.6295019 0.6014783 0.4740192 0.8409672 0.4463001 0.8706587 0.6249593 0.6249593 0.6476159 0.6476159 0.6296594 0.6476159 0.6296594 0.5077028 1.1566069 0.7673566 0.6134133 0.8879821 0.8567139 1.1645443 0.5458502 0.5340078 1.0197102 1.5473831 0.7976439 1.1991986 0.5896231 1.5369645 1.1991986 1.5240722 1.1991986 0.4972512 0.6111762 0.5371432 0.5226995 0.8302724 0.5226995 0.7130480 0.7173638 0.6430578 0.5969415 0.5699267 0.5853857 0.5425911 0.4771637 0.5048684 0.5027621 0.7259973 0.7296918 0.4545054 0.9656130 0.5280501 0.5686517 0.6005884 0.7515910 0.5245857 0.4494644 0.4350923 0.6822941 0.4685101 0.4664063 0.5246221 0.7839876 0.5989630 0.6879327 0.4822274 0.6001940 0.4785666 0.5532290 0.7619190 0.6692360 0.6431508 0.4690265 0.3492216 1.0294619 0.7450982 1.1036128 1.1661891 0.6775740 
IchthyosporeaSphaeroformaarcticaUP000054560_14626828__GNAI2_CAVPO_Guanine_nucleotide-binding_protein_G_i__subunit_alpha-2_OS_         1.1091609 1.3563871 1.5336451 1.4022192 1.4558449 0.9464718 0.9622152 0.7107373 1.3507463 1.3448863 1.6673279 0.4617051 0.2589299 0.5695096 0.4577387 0.0000000 0.9040274 1.5501634 1.4195901 0.8038963 1.0326979 0.9874599 1.0871773 1.0607989 0.9618591 0.9582215 1.0308460 0.7993523 0.8648836 0.8488197 0.8626387 0.8552279 1.4038178 0.8946649 0.8613619 0.8437251 0.8251049 1.4176193 0.9031537 1.4182873 0.7994762 1.2179683 0.9911883 0.5494474 1.0690824 1.0445534 0.7838898 0.8703373 0.8875550 1.0216770 1.2512240 0.9470723 1.0945849 1.1394399 0.8117740 1.0336856 1.1383618 0.7805753 0.9561529 1.3491990 0.8021041 0.9009486 1.1187257 0.7864780 0.7754952 0.9725848 0.7728212 1.0074107 0.9776100 0.7646116 0.7778805 0.9791485 0.5434283 0.8420290 1.4393625 0.8943590 0.9501893 0.9120440 0.8529507 0.7622246 0.9463341 0.9463341 1.7050537 0.7410918 0.9682766 0.6973042 1.3186097 0.8735448 0.8790574 0.8790574 0.8878874 0.7957529 0.9053453 1.2008085 1.1065972 1.0291570 1.5444801 0.8467539 0.7139992 1.4161638 1.5088197 0.8296099 1.2215744 1.2841061 0.8838220 0.7754683 1.0671214 0.8699764 0.8232713 1.5498318 0.8223140 1.5357846 0.8563083 0.8977105 1.0191827 1.0107407 0.7227902 0.7252720 1.0089088 0.7653503 1.3246843 1.1207269 0.8988133 1.2208762 1.1283541 1.2945756 0.8724110 0.5232637 1.5701535 1.7619714 0.6297923 1.3086832 0.8549129 1.7648621 1.2161928 1.6095546 1.2511266 0.8983514 0.9623701 0.9058210 0.7405765 1.0150863 0.7731343 0.6563089 1.0452846 1.1417823 0.8733294 0.8752598 0.8584697 0.9289174 0.7578847 0.8170557 0.8328237 1.0189102 1.0533745 0.7401952 1.1099819 0.8611582 0.9123921 1.1455630 1.0732651 0.8154401 0.8253832 0.8154006 0.9381514 0.7559627 0.8076760 0.8660342 1.0341960 1.1555563 0.9580907 0.7919869 1.1603633 0.7563288 0.8859535 1.0242133 0.9424182 0.9106795 0.8086785 0.6273570 1.7036802 1.4372476 1.6422466 1.5142456 1.0480807 
MetazoaAnnelidaEP00103Capitellateleta_61710__GNAO_LYMST_Guanine_nucleotide-binding_protein_G_o__subunit_alpha_OS_                     1.0460568 1.2277949 1.6523934 1.2250416 1.2498436 1.0286734 1.0504672 0.6293234 1.2435416 1.3021482 1.6440839 0.7249656 0.7322057 0.7358139 0.5570085 0.9040274 0.0000000 1.3656603 1.2783496 0.4726701 0.5194415 0.6679712 0.8312825 0.8940204 0.7657576 0.1432266 0.2449026 0.5465896 0.1144906 0.1347940 0.6519122 0.4926028 1.0712852 0.1392477 0.1035358 0.5699491 0.4788653 1.2647094 0.0797927 1.2680964 0.2300805 0.6883219 0.4517266 0.3065819 0.6014699 0.4161724 0.4206973 0.6188882 0.1231431 0.5318414 0.7004867 0.4373461 0.6046269 0.7952431 0.4782355 0.6855055 0.7324264 0.4325759 0.4407142 0.7439696 0.4542923 0.5341242 0.7709069 0.4383221 0.4268368 0.4325226 0.4106197 0.4329036 0.4449911 0.4383205 0.4306060 0.4324095 0.4422678 0.7140343 1.2482425 0.7870117 0.7718003 0.3579939 0.4848803 0.4194809 0.3862768 0.3862768 1.4286096 0.3977044 0.7558521 0.2352029 1.2603678 0.6015097 0.0550722 0.0550722 0.0636774 0.4918124 0.1570539 0.7693691 0.8334687 0.7005412 1.1183517 0.5709836 0.1296404 0.8889890 1.0168640 0.6072307 0.7716479 0.8897460 0.1491544 0.5753002 0.9404341 0.6827216 0.5465461 0.9252467 0.5366646 0.8894585 0.6697214 0.6735877 0.9239390 0.9259637 0.7634672 0.7734138 0.9194216 0.5545391 0.9275395 0.6676517 0.6727295 0.8458311 0.8099570 0.7527158 0.6210050 0.0923498 1.3843233 1.5526432 0.5324887 0.8906463 0.5938308 1.5915546 0.7462203 1.3991226 0.7358626 0.1547849 0.6817214 0.2461023 0.5400847 0.7881820 0.5476360 0.5888537 0.8335805 0.7864223 0.2891600 0.5120836 0.2549211 0.2651921 0.5430588 0.4689849 0.5268845 0.8460311 0.8209174 0.5022760 0.3467833 0.2734176 0.6196654 0.7937314 0.8255850 0.6061172 0.5249854 0.6470570 0.8063807 0.4787897 0.4673520 0.2044182 0.7898246 0.7885279 0.8087899 0.4471265 0.8027781 0.4637192 0.2215153 0.7787449 0.8297290 0.7709833 0.4685047 0.6856672 1.4930718 1.3154239 1.7143108 1.5620192 1.0813613 
MetazoaAnnelidaEP00103Capitellateleta_67076__GNAT2_BOVIN_Guanine_nucleotide-binding_protein_G_t__subunit_alpha-2_OS_                  1.5494423 1.8122681 2.2188926 1.8972172 1.9903882 1.5359667 1.5605514 1.4899519 1.8324014 1.7575759 2.2960865 1.3590181 1.5697124 1.2782014 1.1679929 1.5501634 1.3656603 0.0000000 0.0563271 1.3783053 1.3926587 1.3596845 1.8772212 1.4032258 1.6610658 1.5336794 1.3864667 1.3816024 1.4219292 1.3930140 1.4995311 1.5709006 1.6302695 1.4662024 1.4112466 1.3990746 1.4222103 1.2047571 1.3592130 1.2026393 1.3376326 2.0150867 1.5496299 1.0504367 1.8655775 1.6315740 1.3390046 1.4593116 1.4365023 1.6253502 1.9239028 1.6101902 1.5665887 1.6905286 1.4084141 1.9401847 1.6883893 1.3268536 1.5630274 1.7744708 1.4004606 1.6239955 1.6472622 1.3569551 1.3220120 1.5417191 1.3280892 1.6109974 1.6241584 1.3397074 1.3498597 1.6377984 1.0411140 1.4763563 1.6488113 1.5777670 1.4625715 1.5417225 1.3702713 1.3540950 1.5237553 1.5237553 1.6126588 1.2134069 1.4615448 1.1470861 1.8044293 1.5205025 1.3510354 1.3510354 1.3673177 1.3700834 1.4100415 1.6261675 1.6080047 1.4847928 2.1862769 1.4039430 1.1856214 1.6758366 1.7067734 1.4582627 1.6558711 1.7448196 1.3930794 1.2466764 1.3594759 1.5367270 1.3380307 1.7508594 1.3168532 1.8747813 1.4683935 1.5943718 1.4338416 1.4258534 1.1382040 1.1307024 1.4314334 1.5144033 1.7558295 1.6219288 1.4826713 1.6679350 1.7778306 1.7322378 1.5317225 0.9149112 1.6215288 2.1852255 1.0445615 1.8178221 1.4549724 2.1655977 1.5821040 2.0406189 1.6603656 1.3758086 1.4025383 1.3420875 1.4090668 1.4394141 1.4150024 0.9182296 1.4150507 1.5038053 1.3238233 1.5325587 1.3869626 1.4517814 1.4403464 1.4348491 1.5225228 1.4140131 1.3873751 1.3978518 1.5077179 1.2303025 1.5619497 1.5753414 1.4084462 1.4917809 1.4977568 1.3707733 1.3496586 1.4478797 1.3904127 1.3894347 1.3352396 1.5549174 1.3358776 1.3869252 1.5429093 1.4454435 1.4046978 1.3274073 1.3401037 1.3273531 1.3848512 1.4135731 2.0774621 1.6728063 2.3224406 1.9447733 1.8789850 
MetazoaAnnelidaEP00103Capitellateleta_70506__GNAI_LYMST_Guanine_nucleotide-binding_protein_G_i__subunit_alpha_OS_                     1.4269934 1.7867117 2.2223080 1.8467589 1.9299815 1.4699716 1.4930243 1.4071961 1.7863304 1.7413394 2.1134979 1.2530465 1.4379459 1.1729894 1.1679929 1.4195901 1.2783496 0.0563271 0.0000000 1.2990425 1.2736571 1.2692227 1.8328317 1.3253124 1.5135450 1.4962398 1.3524021 1.2756944 1.2911961 1.2953754 1.4204806 1.4956920 1.6302695 1.3278051 1.3031310 1.3137763 1.2619187 1.1459955 1.2605700 1.1438080 1.2842818 1.8787174 1.4523617 1.0504367 1.6845734 1.5474614 1.2347160 1.2840976 1.3177027 1.4492980 1.7959238 1.5121711 1.5209258 1.5394875 1.3267415 1.7571100 1.5728947 1.2241921 1.4565221 1.7804825 1.2705543 1.4489758 1.7356930 1.2537362 1.2194284 1.4627513 1.2269368 1.5334116 1.5275003 1.2364109 1.2445534 1.5293189 1.0411140 1.3526573 1.5773005 1.4015817 1.3682172 1.4484789 1.3429312 1.2605146 1.4923509 1.4923509 1.5634591 1.2350219 1.5513364 1.2089858 1.7804622 1.4576066 1.2552465 1.2552465 1.2554081 1.2730821 1.2734480 1.5194605 1.5271332 1.4226284 2.1672117 1.3249206 1.1983027 1.6421881 1.6074536 1.3880223 1.5474985 1.7485526 1.2605643 1.3672172 1.3541919 1.5111599 1.2781976 1.7047005 1.2565671 1.8883053 1.5215265 1.5555172 1.4182563 1.4116255 1.1382040 1.1307024 1.4175009 1.4241525 1.6922823 1.5934834 1.3415481 1.5457440 1.6957588 1.6548883 1.4185344 0.9149112 1.5873789 1.9810595 1.0445615 1.8635949 1.3809489 2.0845075 1.5575808 1.9444433 1.5933439 1.2873515 1.3602476 1.2728647 1.3073421 1.3934411 1.3137784 0.9182296 1.3345754 1.4047966 1.3822300 1.3969249 1.3086602 1.3633370 1.3114471 1.3147512 1.4031140 1.3775715 1.3611850 1.2889077 1.4468637 1.2863334 1.4183239 1.4880755 1.4230951 1.3767404 1.3760317 1.3875780 1.3264379 1.3357238 1.2658902 1.3011581 1.3229426 1.4559196 1.3176550 1.2726674 1.4441230 1.3390677 1.3294607 1.3147587 1.3156348 1.2965199 1.2620264 1.3229160 1.9347271 1.5191672 2.2294519 1.8343138 1.8777326 
MetazoaAnnelidaEP00103Capitellateleta_81490__GNAI_LYMST_Guanine_nucleotide-binding_protein_G_i__subunit_alpha_OS_                     1.1698421 1.3334122 1.7155930 1.2223377 1.3119498 0.9529301 0.9483614 0.6235021 1.0508329 1.1138912 1.6255638 0.6810844 0.6539958 0.7108392 0.4777126 0.8038963 0.4726701 1.3783053 1.2990425 0.0000000 0.7055926 0.3916149 0.5971634 0.7356674 0.4440563 0.5513914 0.5969687 0.2398168 0.5067899 0.5127600 0.3580650 0.3151033 1.0879905 0.5370912 0.4863578 0.2326016 0.1262434 1.2488927 0.4649996 1.2522699 0.5173049 0.3189669 0.6003797 0.0640843 0.2749716 0.6310038 0.1770243 0.3213771 0.5165683 0.2561170 0.8239932 0.5959206 0.7836196 0.6657222 0.2235469 0.4396611 0.8558824 0.1851509 0.5725218 0.8817410 0.2176554 0.3009377 0.8508076 0.1952131 0.1807518 0.5805277 0.1720539 0.6287135 0.6247540 0.1873044 0.1856564 0.6145020 0.3388564 0.6440791 1.2604456 0.6246078 0.6312010 0.5970774 0.2108372 0.1607581 0.5750214 0.5750214 1.3348632 0.1329835 0.6163987 0.4042301 1.3486289 0.2470592 0.4716060 0.4716060 0.4700972 0.0893325 0.5121666 0.8576389 0.6897033 0.6163931 1.2210034 0.2522768 0.4275550 1.1263263 1.2109336 0.3502667 0.8568078 1.0561581 0.5117941 0.4113941 0.8191263 0.5084262 0.3404475 1.1936223 0.3171087 1.2233456 0.5236575 0.5135410 0.8283265 0.8231022 0.7302455 0.7327493 0.8214790 0.3157531 0.8880970 0.7737300 0.5351311 0.7210394 0.8876244 0.7930837 0.5167975 0.3470870 1.5175405 1.4719479 0.4179927 0.9279253 0.4472858 1.5296133 0.7945898 1.3942516 0.7627745 0.5179156 0.5599560 0.5268953 0.2555004 0.6905072 0.2621324 0.4893585 0.7571051 0.6270518 0.5352492 0.2425828 0.5241824 0.5802338 0.3315258 0.1890433 0.2275326 0.6812270 0.6033706 0.2476770 0.6626944 0.5144795 0.4966084 0.6470610 0.5825426 0.3057618 0.2696729 0.3192679 0.5616657 0.2407137 0.2130329 0.4966997 0.6021382 0.6386532 0.5973129 0.1848466 0.6587561 0.2453719 0.5103844 0.5940614 0.5954199 0.5711459 0.2161485 0.6716035 1.4940192 1.2922334 1.7751970 1.6276423 1.0768073 
