138
ChoanoflagellataEP00035Acanthoecaspectabilis_10736567__ARBK2_HUMAN_Beta-adrenergic_receptor_kinase_2_OS_            0.0000000 1.3987960 1.3146502 1.3278349 3.3115192 2.7133258 1.3606475 1.3445447 2.2767845 3.4342379 3.1055231 3.8339733 2.9873143 2.2969603 2.3140552 2.4541395 2.2813850 2.4146034 2.3486693 2.3478366 2.6561285 2.2923091 2.3364963 2.1772467 2.3537868 2.3259109 2.4383071 3.2088623 2.0186092 2.3598746 2.1565929 3.1120561 2.2783810 2.0344585 2.0806059 2.1773703 2.2621511 2.4927047 2.2631625 2.3074076 2.3508156 2.5121670 2.2525381 1.9417782 2.4763104 2.1219442 2.6420260 3.2465579 1.8534242 3.4362651 4.1719121 2.2529931 2.4998900 2.5322797 1.5613745 2.1892309 2.2397131 2.5821878 2.1245471 3.3987937 2.8653444 2.5067103 2.6920790 3.1172945 2.8825061 2.2760224 2.4883112 2.1958421 2.0816828 2.5070080 2.1717790 2.1427619 2.4213891 2.3491121 2.3283825 2.4814704 2.3382415 2.2698861 2.0106608 2.0833365 2.3195308 2.5796209 2.3151292 2.4314377 2.3955630 2.2946016 2.0702527 2.4861869 2.2941053 2.3352218 2.3163588 2.3038283 2.4562813 2.4562813 2.6782510 2.5486440 2.7573418 2.4346426 2.7660044 1.8470837 2.5996297 2.6554310 2.5699369 2.7424785 2.3481838 2.3991574 2.4028509 2.8781045 2.3676232 2.3753673 2.8757773 2.2215289 2.4978702 2.5095811 2.4598450 2.3102579 2.6410312 2.7272223 2.5179879 2.5792924 2.7533389 2.3309557 2.2658718 2.3494662 2.3670855 2.2099252 2.4331931 2.6215906 2.5908411 2.6886041 2.4341244 2.2536578 2.4155928 2.2672294 2.6050429 3.1024865 2.9007974 2.6593545 
ChoanoflagellataEP00039Didymoecacostata_10873076__ARBK1_RAT_Beta-adrenergic_receptor_kinase_1_OS_                   1.3987960 0.0000000 1.4619809 1.1278648 3.2285723 2.8825991 1.1460804 1.3058344 2.5137765 3.5207622 3.2339980 3.6950326 2.9454669 2.4726032 2.1738624 2.3986788 2.2791804 2.5565182 2.3571324 2.3499066 2.6243735 2.2542783 2.5567791 1.9001046 2.4524513 2.2725014 2.4378999 3.0038299 2.1890414 2.6621360 2.1795986 3.1095143 2.3497544 2.1844372 2.5546771 2.1956353 2.3042103 2.4872543 2.3384741 2.5416470 2.3405252 2.5361065 2.3062175 2.0325399 2.6448923 2.1404361 2.8371282 3.4609352 1.9073253 3.3608979 3.8671975 2.2933258 2.4682537 2.6406618 1.6260266 2.2428020 2.3110045 2.6635764 2.0883621 3.6502502 2.9629105 2.4215218 2.7998469 3.0123377 2.6028785 2.4534104 2.6347411 2.2502064 2.4262521 2.5720623 2.2166985 2.1510439 2.4767594 2.4618569 2.2942444 2.6673375 2.3383211 2.4526760 2.0667690 2.2088439 2.3549299 2.7174448 2.1680846 2.7081043 2.5937254 2.1288191 1.7564448 2.5170819 2.3092330 2.6071295 2.3033262 2.5109563 2.3932882 2.3932882 2.8656979 2.6689157 2.7445084 2.5517023 2.7480745 1.8074627 2.6257409 2.8167733 2.7303976 2.8421118 2.2927387 2.5894288 2.5681305 2.9967429 2.1910358 2.2001862 2.9943674 2.2845402 2.6425880 2.7310340 2.9230811 2.4443212 2.5408237 2.5581605 2.5636794 2.6127896 2.6009801 2.5418424 2.1919500 2.5740831 2.6183278 2.2758913 2.6145277 2.5317293 2.3443344 2.6975069 2.6174308 2.2662893 2.6606827 2.2115342 2.5345213 2.7218762 2.7713124 2.4296100 
ChoanoflagellataEP00040Diaphanoecagrandis_10921696__ARBK2_BOVIN_Beta-adrenergic_receptor_kinase_2_OS_               1.3146502 1.4619809 0.0000000 1.4270536 3.3863023 3.1074265 1.4115672 1.2827699 2.5068869 3.6090790 3.2979263 3.6878459 3.0030069 2.5301918 2.3653458 2.5956468 2.3937223 2.5855139 2.4316583 2.4274219 2.6632268 2.2903091 2.7253012 2.1560110 2.3804248 2.3194253 2.5969873 2.5542046 2.2947325 2.6839435 2.0723454 3.0800154 2.2227674 2.2507260 2.5608664 2.1228252 2.1222034 2.4968292 2.2464249 2.7261743 2.4694615 2.5541819 2.1415636 2.1293455 2.8460386 2.1899206 2.9298449 3.7732638 2.0185451 2.6627443 3.3289392 2.1672090 2.5323672 2.6520945 1.7508886 2.2264107 2.1226543 2.6047814 1.9922843 3.4436270 2.9484529 2.6154938 2.8319021 3.5353570 3.0582984 2.4500518 2.4771978 2.1860095 2.1219787 2.5945807 1.9692433 2.0516207 2.5786421 2.4618367 2.3569919 2.8613010 2.4309639 2.4690513 2.1792321 2.0812776 2.3674488 2.8741093 2.2457903 2.5217916 2.4854791 2.2508211 2.0026865 2.5363991 2.4190843 2.5665404 2.2875771 2.5745335 2.3729701 2.3729701 2.7503254 2.7993964 2.6447555 2.8233871 2.6022113 1.7469058 2.5713175 2.8154631 2.7219867 2.8095078 2.2385091 2.8693123 2.8215748 3.0592744 2.3970459 2.3970459 3.0565744 2.1585094 2.8760655 3.0148482 2.8428792 2.6635259 2.9574773 2.7558333 2.8893303 2.8473672 2.6341686 2.4542464 2.2120312 2.8330784 2.7005319 2.1300137 2.8479171 2.9643061 2.6103835 2.8802899 2.8393675 2.1518488 2.7313849 2.2228011 2.9153953 2.9598052 2.7661237 2.7038614 
ChoanoflagellataEP00047Mylnosigafluctuans_11114660__ARBK1_DIDVI_Beta-adrenergic_receptor_kinase_1_OS_               1.3278349 1.1278648 1.4270536 0.0000000 3.0394961 2.6580429 0.8047463 1.0252336 2.1040620 3.0834244 2.9398947 3.2114079 2.8523717 2.1860075 1.9385568 2.2674116 1.9867933 2.3134732 1.9451343 2.0927168 2.4601789 1.9196190 2.1352922 1.7836176 2.2115640 1.9480515 2.3565263 2.5197389 2.3619819 2.4850661 1.8152542 2.8397144 1.9553908 2.1116541 2.3096762 1.8313762 1.8837490 2.3417526 2.0267345 2.3676387 2.0760194 2.3034572 1.8710995 1.9717611 2.4968209 1.8048280 2.6157409 3.1494873 1.7971808 2.3727231 3.9550328 1.8833317 2.3599558 2.4237608 1.4656214 2.0946101 1.8995033 2.3795946 1.7781051 3.4070265 2.7116353 2.1816260 2.4706717 2.4420241 2.5243337 2.3296758 2.0703843 1.8566425 1.9833782 2.3777766 1.6573438 1.7757944 2.3549762 2.2469558 2.0226857 2.5010841 2.0375247 2.2049339 1.8635858 1.7676573 1.9929793 2.3166128 1.9268725 2.1982798 2.2081467 1.9117750 1.6744829 2.3042550 2.1267162 2.4442033 2.1230890 2.1864658 2.1393456 2.1393456 2.5680299 2.3473125 2.4713153 2.3259885 2.4679653 1.7353535 2.2855883 2.3366724 2.3281965 2.6276183 1.8788527 2.3200851 2.3147548 2.8661160 2.0050556 2.0045016 2.8637724 1.9086486 2.4220115 2.5651561 2.6927530 2.2699310 2.6432983 2.6775980 2.5786271 2.3963575 2.5195717 2.2034379 1.8400850 2.5654315 2.3310002 1.9589030 2.4344008 2.6071312 2.6275872 2.6757723 2.3883753 1.9366751 2.3919014 1.8534690 2.5587133 2.9989643 2.7099102 2.2107182 
ChoanoflagellataEP00047Mylnosigafluctuans_11132068__GRK6_HUMAN_G_protein-coupled_receptor_kinase_6_OS_              3.3115192 3.2285723 3.3863023 3.0394961 0.0000000 1.8032944 3.1898325 2.4270438 2.1199200 4.5134808 3.4808101 4.7151667 3.0662642 2.1625520 2.8839161 2.1772289 2.8784283 2.2490074 2.7952333 2.8143214 1.9891355 2.9096205 2.0244709 3.2147073 2.1815180 2.7912633 2.0752273 2.7943504 1.8592489 2.2411381 2.7464997 2.6930247 2.9491389 2.0849047 2.4100601 3.0123194 2.9456853 2.2600915 2.8814869 2.2321276 2.9224348 2.2905399 2.9487996 3.1107181 2.2123677 2.5563561 2.4574696 3.1279526 2.8613838 3.7263993 3.3522238 2.9521438 2.2724424 2.2216057 2.6384701 1.9782826 2.9203676 2.3626591 2.9724131 3.3223640 3.3791010 3.1574622 2.5216473 3.9448210 3.3210090 2.0227117 2.8657032 2.9807960 1.9960651 2.3011765 2.2541252 2.3554946 2.2751326 2.0958397 2.8547555 2.3723463 2.9663963 2.3790078 2.4833375 2.2916814 2.9741912 2.3880942 2.9137681 1.9743820 1.9181006 2.8571642 2.8849111 2.1567172 2.9615903 2.0190265 3.0187113 2.1033565 2.9982020 2.9982020 2.0768727 2.1629415 3.3712372 2.2941583 3.3712372 1.8602466 3.1128315 2.3232103 2.2918360 2.5234078 2.7736073 2.0335471 2.0577819 2.8094542 2.9202566 2.9202566 2.8034433 2.8113024 2.1786486 2.0704845 2.0719076 2.1082620 2.9584018 2.6506234 2.7496823 2.7155915 2.6570306 1.9261681 2.8569138 2.1724884 2.2349740 2.8362952 2.1369511 2.6717604 2.7331546 2.3859174 2.1589600 2.9120003 2.2548777 2.8776851 2.6791736 3.0886667 3.1899890 2.9512591 
ChoanoflagellataEP00050Salpingoecakvevrii_11190242__GRK5_HUMAN_G_protein-coupled_receptor_kinase_5_OS_              2.7133258 2.8825991 3.1074265 2.6580429 1.8032944 0.0000000 2.8932948 2.1215947 1.6120650 3.2844725 3.0149345 3.8180149 2.5442567 1.6033260 2.6626632 1.7185646 2.6283872 1.7124086 2.5175210 2.5071322 1.6579586 2.5917971 1.7991471 2.6656015 1.6621047 2.6323704 1.7878988 1.9054448 1.5844958 1.6946471 2.3894012 2.1953356 2.6327137 1.7983509 2.1220485 2.4531588 2.5703639 1.7531046 2.5275004 1.8508888 2.6251016 1.7512572 2.5693894 2.6910179 1.8140770 2.1399976 1.9886154 2.6136082 2.5022987 3.0973949 2.6843898 2.5703105 1.7159098 1.8217844 2.2460078 1.5211296 2.5211608 1.7902541 2.4856537 2.9555243 2.9682157 2.9388195 2.0302345 3.3397550 2.1077583 1.6008513 2.5223748 2.4110946 1.4351305 1.8822049 2.0051141 2.0887874 1.7803404 1.6679531 2.7480647 1.8835631 2.6147819 1.7829818 1.5629105 2.0306948 2.5336444 1.8210731 2.7111250 1.9627627 1.8906474 2.6450675 2.5025174 1.9068228 2.5535351 1.7292538 2.5552950 1.8372363 2.5192219 2.5192219 1.9721148 1.7091936 3.1645102 1.8486012 3.1544355 1.4912176 2.9506911 1.9035100 1.8666652 2.0990416 2.4068319 1.7003646 1.6935833 2.4313232 2.7227238 2.7482049 2.4292706 2.5881323 1.8014934 1.7483438 1.8650922 1.7476568 2.1558540 1.9119584 2.2151853 2.0151538 2.2511803 1.6212311 2.5968569 1.7841295 1.6571964 2.5871226 1.8775337 2.1291279 2.1047180 1.8762679 1.8502750 2.6024212 1.6885073 2.6192066 2.0502198 2.9128189 2.6397355 2.2571232 
ChoanoflagellataEP00050Salpingoecakvevrii_11195820__ARBK2_BOVIN_Beta-adrenergic_receptor_kinase_2_OS_               1.3606475 1.1460804 1.4115672 0.8047463 3.1898325 2.8932948 0.0000000 1.1105417 2.3412013 3.5232448 3.0803074 3.6532855 2.9799630 2.1770664 2.0574168 2.1939017 2.0511722 2.2582671 1.9842841 1.9980740 2.4300532 2.0215192 2.3893339 1.7131153 2.2096938 2.1150510 2.1962731 2.4949923 2.2226345 2.4862474 1.7330599 2.8968308 1.7714612 2.1184578 2.2655446 1.7769399 1.7851753 2.2936178 1.8071289 2.4774742 1.9077118 2.3281564 1.7829374 1.9382001 2.5371594 1.6673889 2.6983930 3.1152136 1.8862407 1.9684036 3.3200236 1.8092543 2.3591412 2.4871424 1.6246126 2.0887125 1.7772619 2.4108753 1.7516043 3.3331033 2.7534924 2.0720032 2.5508780 3.0522140 2.1430334 2.2323061 2.0596395 1.8283729 1.8118739 2.3949010 1.6660328 1.7993028 2.2204385 2.1581894 2.1167012 2.6276732 1.9498407 2.2957304 1.8341320 1.7795372 1.9089165 2.6476211 1.8663050 2.4315331 2.4723219 1.8401911 1.6451120 2.2211896 2.0893152 2.4076458 2.0478022 2.1939581 2.1697515 2.1697515 2.5170822 2.4705902 2.4093163 2.5190201 2.4190604 1.7752470 2.4930270 2.6181540 2.4632351 2.7107242 1.8256596 2.4070229 2.3740033 2.9684292 1.9871774 1.9950673 2.9660142 1.8264062 2.2878499 2.5305863 2.7800378 2.2005561 2.4219652 2.5331590 2.3263120 2.5713775 2.4801083 2.1504732 1.8796922 2.3986940 2.2932339 1.8813695 2.4264850 2.5854821 2.3360196 2.4774798 2.4231657 1.8731128 2.3608034 1.8787350 2.5289134 3.0206591 2.6705333 2.3716933 
ChoanoflagellateaMonosigabrevicollisUP000001357_11433686__GPRK1_DROME_G_protein-coupled_receptor_kinase_1_OS_       1.3445447 1.3058344 1.2827699 1.0252336 2.4270438 2.1215947 1.1105417 0.0000000 1.8780777 2.8649633 2.3960691 2.8484000 2.3902763 1.8176859 1.8584696 1.8965047 1.8390735 1.8898340 1.8383205 1.8698758 2.1248963 1.8530760 2.0494080 1.2908931 1.8407290 1.8803537 1.7805688 2.9039445 1.4522211 2.2079227 1.6652939 2.3466248 1.8189752 1.3061740 1.3553387 1.7875498 1.7851911 1.8392636 1.8632234 1.9164907 1.8920543 1.8282739 1.8473774 1.0233108 1.9446795 2.0757912 2.1190332 2.4601889 1.0396537 3.0657381 4.1682913 1.8474888 1.8534345 1.8726222 0.9860332 1.8188197 1.8184535 1.8491056 1.7268420 3.0627851 1.9943886 2.0629050 2.2755317 1.8237561 2.7818329 2.0091919 1.9758675 1.6924658 1.8941994 2.1543109 1.8954354 1.9635170 1.8069611 1.8405001 1.8744418 2.1089294 1.8106361 1.9040466 1.9583725 1.9067552 1.8403730 2.2268390 1.7609971 1.9813220 1.9603124 1.7497955 1.2664482 1.7782866 1.8029399 1.9357299 1.7245591 1.7992667 1.8148820 1.8148820 2.0697759 1.8358589 2.0554517 2.0207015 2.0493978 1.7659050 1.9355231 2.2852043 2.1288333 2.1601174 1.8221435 2.0672574 1.9634542 2.3548883 1.7925903 1.7736473 2.3522606 1.7685018 1.9911784 2.0775146 2.2921212 1.9563682 2.0741816 2.1436487 2.1525202 2.1648831 2.1670084 2.0195926 1.7726239 2.1498549 2.0050804 1.7956994 1.9778100 2.2020715 2.0104041 2.1224242 1.9530963 1.8317455 2.0231702 1.7718940 2.2438565 2.2801108 2.0767891 2.0806063 
FilastreaCapsasporaowczarzakiUP000008743_12982738__GRK5_HUMAN_G_protein-coupled_receptor_kinase_5_OS_               2.2767845 2.5137765 2.5068869 2.1040620 2.1199200 1.6120650 2.3412013 1.8780777 0.0000000 3.5201389 2.7947098 3.3003614 2.3651750 1.3122254 1.9705897 1.4536252 2.0740929 1.3789270 1.9745935 2.0229927 1.4288554 1.9626557 1.4171893 2.2048396 1.3539564 1.9966438 1.4094338 1.5591934 1.4138958 1.4387050 1.9511809 1.6880214 2.0830152 1.2131023 1.4102370 1.9646687 2.0608741 1.4071914 2.0772744 1.4118702 2.1253751 1.3286179 2.0014417 2.3255349 1.4575434 1.5837952 1.5985532 1.9610565 2.0197888 2.3650539 2.3629811 2.0232412 1.3993823 1.5109768 1.7624640 1.3227598 2.0235410 1.4220783 2.0421962 2.2734382 2.2956138 2.3116657 1.5951505 3.0165939 1.6415855 1.3688340 1.9571899 2.1201092 1.3057034 1.6155834 1.4853864 1.5543050 1.3430301 1.3770940 2.0121757 1.4114109 2.1944265 1.4371242 1.3966609 1.5720179 2.1963065 1.4353878 1.8994776 1.3720164 1.3651884 1.8864814 1.8824507 1.4719638 1.9768181 1.3872316 2.1113649 1.4999838 2.0116909 2.0116909 1.6089948 1.4693323 2.6772079 1.5291975 2.6760164 1.2957510 2.5769621 1.4416967 1.4449230 1.7265788 1.9841980 1.3788646 1.3738747 2.3418351 2.1539013 2.1740766 2.3398296 1.9995693 1.3760427 1.4409781 1.6155429 1.2761866 1.9809625 1.8085222 1.9485273 1.7537486 2.0108542 1.3673375 1.9975376 1.4076640 1.3289356 2.0190511 1.3759034 1.8544623 1.8279587 1.5065930 1.3525514 2.0789466 1.3242630 2.0327060 1.8293783 2.7057099 2.3132888 1.8976177 
HaptophytaEP00319Phaeocystisglobosa_14051018__ARBK1_BOVIN_Beta-adrenergic_receptor_kinase_1_OS_                     3.4342379 3.5207622 3.6090790 3.0834244 4.5134808 3.2844725 3.5232448 2.8649633 3.5201389 0.0000000 3.2326265 2.6201031 3.4032720 3.6230422 3.3146794 3.6386592 3.3538734 3.7110401 3.1418755 3.2316477 3.5134390 3.2973817 3.5731716 3.4226765 3.6040814 3.2986616 3.5317229 5.3013906 3.7745501 3.8377092 3.1347920 4.7371007 3.4957444 3.3186987 4.0305755 3.2399361 3.2427557 3.6994493 3.3661277 3.8934775 3.4092275 3.6605883 3.2322272 4.0510391 3.9717153 2.5947062 4.2210212 5.3450484 3.2506056 4.2815646 8.0933204 3.2414274 3.7718954 3.7558090 2.8775948 3.4379340 3.2441350 3.9239629 3.2239638 4.9903199 3.6017043 3.8210966 4.4575133 4.6191885 4.9864572 3.3634129 3.0845606 3.1724468 3.2384980 3.8944141 2.6878909 2.8578317 3.7545273 3.6271992 3.3837229 3.4071178 3.2863566 3.2837460 3.0101062 2.9282533 3.3018744 3.2512363 3.5639272 3.5762643 3.5477488 3.5556991 3.1867981 3.7992226 3.1466439 3.6607006 3.4845422 3.8603993 3.3170750 3.3170750 4.1568685 3.5010054 3.4027988 4.0238244 3.4027988 3.4248478 3.4712237 3.8244596 3.8244596 4.1382537 3.1922304 3.8544904 3.8544904 4.2222662 3.4395862 3.4395862 4.2189898 3.1775109 3.8707016 3.8810237 4.0372797 3.8251140 4.0286996 3.9929431 4.1249159 3.8749304 4.0086395 3.4285808 3.2926307 3.7859833 3.8904529 3.2277884 3.7937938 3.9015006 4.0238733 3.8995022 3.7587666 3.2790614 3.8650367 3.3066733 3.9321728 3.8743594 3.9548157 3.3552883 
HaptophytaEP00319Phaeocystisglobosa_14066826__KRAC_DICDI_RAC_family_serine/threonine-protein_kinase_homolog_OS_     3.1055231 3.2339980 3.2979263 2.9398947 3.4808101 3.0149345 3.0803074 2.3960691 2.7947098 3.2326265 0.0000000 3.3170548 3.2314345 2.6989613 2.6259632 3.0314189 2.6156473 3.0882501 2.6109908 2.5905023 2.9540060 2.6303916 2.8335084 2.7149811 2.8548107 2.6010330 3.0039299 3.0119817 2.7240905 2.8601125 2.3975509 3.4898165 2.5199470 3.1742490 3.3848539 2.5558879 2.4484880 3.0782547 2.5625629 3.0585129 2.6136796 3.0015715 2.4627798 3.2572031 3.1521551 2.0687237 3.4773414 4.9546654 2.5956662 2.5844398 4.4528616 2.5130794 3.0025681 3.2948805 2.3926412 2.9152970 2.4764212 2.7908503 2.4802073 3.8425942 3.1070010 2.7892383 3.3249431 3.7217696 4.1041059 2.6679445 2.4545094 2.4523292 2.3070831 3.1725936 2.0784681 2.0815771 2.8203781 2.8493815 2.6015537 3.0007954 2.5454434 2.8110607 2.6694332 2.2698456 2.5326979 3.0165498 2.7593569 2.9924991 3.1117026 2.6808850 2.6477897 2.9081237 2.7129118 3.1518946 2.6545731 3.0148096 2.8176833 2.8176833 2.8101656 2.8803139 3.1020288 3.0873766 3.1020288 2.5386395 2.8514778 2.9394121 2.9394121 3.1113532 2.4840074 3.1300909 3.1300909 3.6924608 2.5389574 2.5389574 3.6888000 2.4838683 2.8235327 2.9637822 3.1642658 2.8230980 3.5996399 3.2012120 3.4402110 3.3135783 3.3662152 2.8604894 2.6775106 2.9615764 2.7858993 2.5702098 2.8014891 3.3296196 3.4689725 3.0561895 2.7464389 2.6399437 2.7537872 2.6524818 3.3512910 2.7148480 2.7250801 2.4418380 
HaptophytaEP00319Phaeocystisglobosa_14074524__ARBK2_MOUSE_Beta-adrenergic_receptor_kinase_2_OS_                     3.8339733 3.6950326 3.6878459 3.2114079 4.7151667 3.8180149 3.6532855 2.8484000 3.3003614 2.6201031 3.3170548 0.0000000 3.4275499 3.4989851 3.0819043 4.0199068 3.0251139 3.7284317 3.1922925 3.3375089 3.3669910 3.3952894 3.5630290 3.4456546 3.7233622 3.0014004 3.6811385 7.0162425 3.2160135 3.6072982 3.0356182 4.5915520 3.2446510 3.3189840 4.1642288 3.1487727 3.1918569 3.7267748 3.2056275 3.5869788 3.2614032 3.6960678 3.0645178 3.7342210 3.7116942 2.6083371 3.7488115 5.2833402 3.5447067 3.3146630 8.9999983 3.0783808 3.6943126 3.9378749 3.0552317 3.6831967 3.1125506 3.7402398 3.1232765 5.1142406 4.4903512 3.5753113 4.2852517 4.0991719 6.3641004 3.6400805 2.9150815 3.0178705 3.0819296 4.0471221 2.3592246 2.3883984 3.6343792 3.6164704 3.1015585 3.8009816 3.3626830 3.5782525 3.9203406 2.5854594 3.2821343 3.7442413 3.2897654 3.3983887 3.4688294 3.2843028 3.2884071 3.4133683 3.2155768 3.9752785 3.4553497 3.6842298 3.5572212 3.5572212 3.6686750 3.5476165 3.6558035 3.7252948 3.6558035 3.0789298 3.9186894 3.8277400 3.8277400 3.9861587 3.2626148 3.9282003 3.9282003 4.2127425 3.4452156 3.4452156 4.2542696 3.1858561 3.6765344 3.9036724 3.7642765 3.8314889 3.9224247 3.8389846 4.0497531 3.7038538 4.0717446 3.6155052 3.1999552 3.8177229 3.7023161 3.1547528 3.5271599 3.7272172 3.9557874 4.0227153 3.4283410 3.1230724 3.6978384 3.2278360 3.8261321 3.8668291 3.4646599 3.3723327 
IchthyosporeaEP00123Amoebidiumparasiticum_14555581__ARBK1_HUMAN_Beta-adrenergic_receptor_kinase_1_OS_               2.9873143 2.9454669 3.0030069 2.8523717 3.0662642 2.5442567 2.9799630 2.3902763 2.3651750 3.4032720 3.2314345 3.4275499 0.0000000 2.3147895 2.4789111 2.4788631 2.5611361 2.4255189 2.4435866 2.4203106 2.5640664 2.4508788 2.5314459 2.2114833 2.4078962 2.4924950 2.5478436 3.2337795 2.2621367 2.4470213 2.3162880 2.9960772 2.3600016 2.2188879 2.4258872 2.3235992 2.2597557 2.5597259 2.4942766 2.5204579 2.5378202 2.5838387 2.2450625 2.2733169 2.7822964 2.2441385 2.7512128 3.8837085 1.9914990 3.0282869 3.7009384 2.2493126 2.5268588 2.7920660 1.9030350 2.3694023 2.2678396 2.5322059 2.2260927 3.5272631 2.9404862 2.7433002 2.6136501 2.7996961 2.4643490 2.2390268 2.4884011 2.2268496 1.9605279 2.5065825 2.0801180 2.3076004 2.4308913 2.3927049 2.4977770 2.7066136 2.4694527 2.6183939 2.1602258 2.1276714 2.4634767 2.7388343 2.4468784 2.4973346 2.4702802 2.4083908 2.0480080 2.4656692 2.6901988 2.4595740 2.7186331 2.6525649 2.5540864 2.5540864 2.6475888 2.3948817 2.9582631 2.5499859 2.9491890 2.3009083 2.9467398 2.5126748 2.4797348 2.7004148 2.2836274 2.5897618 2.5477039 2.4819740 2.4956720 2.4956720 2.4795951 2.5058901 2.5968127 2.6497522 2.7456253 2.4615454 2.6433535 2.4643386 2.6332575 2.6882522 2.6394176 2.3451350 2.3928961 2.6132431 2.4421125 2.4079361 2.6325517 2.6750927 2.5933971 2.7371913 2.5979860 2.4763782 2.4862520 2.4081491 2.6509364 2.7580254 2.6861178 2.5963330 
MetazoaAnnelidaEP00103Capitellateleta_64341__GRK5_MOUSE_G_protein-coupled_receptor_kinase_5_OS_                     2.2969603 2.4726032 2.5301918 2.1860075 2.1625520 1.6033260 2.1770664 1.8176859 1.3122254 3.6230422 2.6989613 3.4989851 2.3147895 0.0000000 2.1987410 0.4453130 2.2663871 0.5398114 2.1890041 2.0749801 0.5637013 2.1993582 0.6592830 2.3205199 0.5270539 2.1354032 0.3821991 0.7416675 0.5726099 0.5110441 2.1130534 0.7783973 1.9587663 0.6944154 0.7694533 1.9685309 1.8990480 0.6319293 1.9714927 0.7676167 2.0670184 0.6101583 1.9499672 2.1765348 0.7134886 1.6105473 0.7647332 1.3200468 2.0348732 2.2182110 0.6958051 1.9838955 0.6231792 0.6533774 1.8062388 0.5484045 1.9285742 0.6185422 1.9660087 1.6324367 2.2074276 2.4082638 1.0568366 2.9327583 0.9190692 0.4859978 2.0306841 2.0347366 0.4906417 0.5698698 1.7106722 1.6167419 0.3622475 0.3190378 2.1752247 0.7350751 2.0790798 0.7651921 0.5951442 1.6586042 2.0599025 0.7442353 2.1838067 0.7279344 0.7452091 2.1532018 2.1048347 0.9501754 2.1988777 0.7426189 2.1643833 0.8719016 2.1900142 2.1900142 1.0543674 0.9494758 2.4107645 1.0048087 2.4107645 0.7204838 2.3775573 0.9564798 0.9618542 1.1337565 2.0535374 0.6295878 0.6386224 1.6693431 2.1723024 2.1723024 1.6679005 2.1367320 0.5201211 0.5592750 1.0254931 0.5820471 1.5172158 1.3182580 1.5208525 1.3874554 1.4776471 0.5186173 2.0621097 0.7190625 0.5062344 2.1037753 0.5950420 1.4331863 1.5046606 0.8038271 0.5861663 2.0803237 0.4894347 2.0447250 1.3703154 2.5114343 2.3406822 2.2164235 
MetazoaAnnelidaEP00103Capitellateleta_74381__ARBK2_BOVIN_Beta-adrenergic_receptor_kinase_2_OS_                      2.3140552 2.1738624 2.3653458 1.9385568 2.8839161 2.6626632 2.0574168 1.8584696 1.9705897 3.3146794 2.6259632 3.0819043 2.4789111 2.1987410 0.0000000 2.2327977 0.2511078 2.1011517 0.4174180 0.4984581 2.2925913 0.4651018 2.0969319 0.2146190 2.0720374 0.1459488 2.2162553 2.3912048 1.8671204 2.3036384 0.4828055 2.5575157 0.6221723 1.9611738 2.2704244 0.5634873 0.5846226 2.1458681 0.6478719 2.2571350 0.6545683 2.0712761 0.5661669 0.4595859 2.4117741 0.7035922 2.5125593 3.3220873 0.3725325 1.0818005 2.5928703 0.5603923 2.1200779 2.2627034 0.3100976 1.8426047 0.5670063 2.1977436 0.4525077 3.4345284 1.8401427 1.1609164 2.4121938 2.1049250 2.2992418 1.9970743 0.5984498 0.5492382 1.7838021 2.0615021 0.4583442 0.2588352 2.3231422 2.1101692 0.1773379 2.4327902 0.5429327 2.0346313 1.6330929 0.5844167 0.5478200 2.3532974 0.5870270 2.1819093 2.1781931 0.5899108 0.4257216 2.0861817 1.2927335 2.2875949 1.2338884 2.3130359 1.2608956 1.2608956 2.4464263 2.0867572 1.5966024 2.1677012 1.5972501 1.5159765 1.6060770 2.3132850 2.1754240 2.5081682 0.4657422 2.1409708 2.1210086 2.6231069 0.8482641 0.8413879 2.6209299 0.4539865 2.1799405 2.3474320 2.6768684 2.1426362 2.5420820 2.3692381 2.4940390 2.2778356 2.5893279 2.0940478 0.5330893 2.1339219 2.1943708 0.4795950 2.2457386 2.4021280 2.4554678 2.4216058 2.1817766 0.5158132 2.2544051 0.5299899 2.3344148 2.7491979 2.4884841 1.9763604 
MetazoaAnnelidaHelobdellarobusta_85574__GRK5_MOUSE_G_protein-coupled_receptor_kinase_5_OS_                          2.4541395 2.3986788 2.5956468 2.2674116 2.1772289 1.7185646 2.1939017 1.8965047 1.4536252 3.6386592 3.0314189 4.0199068 2.4788631 0.4453130 2.2327977 0.0000000 2.2906626 0.7537261 2.2198090 2.1196943 0.6773120 2.2285456 0.7645025 2.3348218 0.6340512 2.2256496 0.5686135 0.8928402 0.6596119 0.6303269 2.1193819 0.7960430 2.2414864 0.7460835 0.8773843 2.1138404 2.1369225 0.7332125 2.1739040 0.8060651 2.3202770 0.7105794 2.1471459 2.5424475 0.8160385 1.6620930 0.8007760 1.4658482 2.3095949 2.3989350 0.7131807 2.1536822 0.6924560 0.7614980 1.9649243 0.6028292 2.1786276 0.7425336 2.1912749 1.7502713 2.5075256 2.5335135 1.1745626 3.0926249 1.0199370 0.6423510 2.1252755 2.1279952 0.5297212 0.7418518 1.6253195 1.5911742 0.5160175 0.4890701 2.1397355 0.8362997 2.2634410 0.8724979 0.7333723 1.6557859 2.2715296 0.7977664 2.1826009 0.7936608 0.8000489 2.2096417 2.1808472 1.1319125 2.2324441 0.8305504 2.2664496 1.0441763 2.2136355 2.2136355 1.2273090 1.0526807 2.4820781 1.0463229 2.4820781 0.8149854 2.5089183 1.0760810 1.0812291 1.2445279 2.1804297 0.7168360 0.7296719 1.7857366 2.3443542 2.3443542 1.7841742 2.2599630 0.6949704 0.6829360 1.0930992 0.6596715 1.5147960 1.3162824 1.4645623 1.4545124 1.6902443 0.5974425 2.1507809 0.8339978 0.6262549 2.2656571 0.7446729 1.4257977 1.5420772 0.8700987 0.7393438 2.3078571 0.6309033 2.1627142 1.4021790 2.8298382 2.7706998 2.3729044 
MetazoaAnnelidaHelobdellarobusta_106209__ARBK2_BOVIN_Beta-adrenergic_receptor_kinase_2_OS_                          2.2813850 2.2791804 2.3937223 1.9867933 2.8784283 2.6283872 2.0511722 1.8390735 2.0740929 3.3538734 2.6156473 3.0251139 2.5611361 2.2663871 0.2511078 2.2906626 0.0000000 2.1478299 0.5386801 0.5893035 2.2865780 0.5709131 2.1666100 0.3318812 2.1544602 0.2715885 2.2535112 2.2252830 2.0159264 2.3894568 0.5763229 2.5833278 0.7321791 2.0330390 2.3615298 0.6673465 0.7078491 2.2073377 0.7322697 2.2596200 0.7552594 2.1586220 0.6837723 0.5098056 2.5158174 0.7943769 2.5434980 3.2530976 0.4943433 1.3107558 2.6072670 0.6909048 2.1836038 2.2818910 0.3488423 1.8951374 0.6962152 2.2515475 0.5929187 3.3650752 1.9098431 1.1927210 2.5731074 2.3470376 2.3751434 2.0976638 0.7595007 0.6585454 1.7583063 2.1652902 0.6014231 0.3918084 2.3868097 2.2046436 0.2902841 2.5391617 0.6035761 2.1168166 1.8143959 0.6243681 0.5991535 2.4716394 0.6876471 2.2776249 2.2417056 0.6759228 0.4885689 2.1083032 1.3955826 2.3521231 1.2427261 2.3483268 1.3375992 1.3375992 2.3778908 2.2067002 1.7164176 2.2696935 1.7076056 1.5577118 1.6679108 2.4525041 2.3352645 2.6540253 0.5583664 2.2237519 2.1630054 2.6302995 0.8894262 0.8929531 2.6281254 0.5891909 2.2148980 2.4239934 2.6503001 2.1421533 2.6558055 2.4114044 2.4905080 2.4210199 2.5534138 2.1033892 0.6600300 2.2405921 2.2385239 0.6189798 2.2738107 2.5093418 2.5308966 2.4936787 2.2051009 0.6550239 2.3062592 0.6562658 2.4605673 2.7148249 2.5480404 1.9868990 
MetazoaArthropodaDaphniapulex_193680__GRK5_BOVIN_G_protein-coupled_receptor_kinase_5_OS_                            2.4146034 2.5565182 2.5855139 2.3134732 2.2490074 1.7124086 2.2582671 1.8898340 1.3789270 3.7110401 3.0882501 3.7284317 2.4255189 0.5398114 2.1011517 0.7537261 2.1478299 0.0000000 2.1752665 2.1358380 0.3738257 2.1823151 0.5904065 2.3480334 0.4134193 2.0977426 0.6073547 1.1699695 0.7033015 0.5931058 2.1160395 0.9138483 2.1954081 0.7788958 0.9370293 2.1863049 2.1570283 0.7912153 2.1384458 0.8704049 2.2042001 0.7956156 2.1243743 2.5122517 0.8325632 1.6032997 0.8447662 1.4913757 2.3822273 2.2243029 0.8924919 2.1557003 0.7749446 0.8260326 1.9798270 0.6582972 2.1377607 0.8294001 2.1083285 1.7612981 2.4575723 2.5285807 1.1281787 3.0863455 1.0206828 0.5752627 2.0653935 2.0858711 0.5069396 0.7814959 1.5937359 1.5436990 0.6431620 0.5600396 2.1275766 0.8206291 2.2344947 0.9061452 0.7627114 1.6275810 2.2139260 0.8687129 2.1723362 0.8785301 0.8763648 2.1850313 2.1409176 1.0332483 2.2146808 0.8493512 2.2236931 1.0314090 2.1710091 2.1710091 1.0777506 1.0372261 2.5417198 1.2078377 2.5417198 0.7793224 2.4936945 1.1395190 1.1395190 1.1839284 2.1300608 0.6758616 0.6758616 1.7864285 2.2485185 2.2485185 1.7785071 2.2333882 0.6582996 0.6447904 1.0665790 0.7017302 1.5230288 1.3191056 1.4228502 1.4551520 1.5106180 0.5924973 2.2133905 0.7750945 0.5972116 2.2777271 0.7783803 1.4651508 1.4198624 0.8071859 0.7561472 2.3181310 0.6053039 2.2150700 1.5100849 2.8557941 2.3883849 2.2466719 
MetazoaArthropodaDaphniapulex_196605__GPRK1_DROME_G_protein-coupled_receptor_kinase_1_OS_                           2.3486693 2.3571324 2.4316583 1.9451343 2.7952333 2.5175210 1.9842841 1.8383205 1.9745935 3.1418755 2.6109908 3.1922925 2.4435866 2.1890041 0.4174180 2.2198090 0.5386801 2.1752665 0.0000000 0.3200482 2.1854931 0.2616923 2.2308630 0.1376205 2.1818395 0.4200168 2.1725754 2.6536280 1.9257694 2.4042941 0.4701357 2.4704846 0.6716526 2.0095249 2.3219067 0.5623220 0.6116602 2.1409812 0.6346939 2.3292413 0.6163587 2.0996110 0.6061229 0.4353271 2.3803321 0.6945066 2.6277690 3.4703880 0.4394924 1.1457674 2.6124078 0.6043530 2.1688086 2.3328404 0.2950935 1.8545653 0.6113949 2.1449115 0.5164217 3.4603247 1.7509511 1.1268825 2.4512754 2.2013513 2.5464596 1.9729318 0.6466481 0.5660607 1.7294547 2.1608281 0.4880584 0.4870584 2.3191583 2.1855244 0.4446729 2.4013384 0.4030806 1.9548939 1.5987886 0.4087473 0.4178363 2.3041424 0.5941132 2.3269939 2.3041350 0.5833193 0.4297946 2.1557413 1.2556624 2.3397611 1.2103779 2.3260280 1.2717641 1.2717641 2.4755271 2.0265820 1.5739788 2.2905825 1.5683738 1.6583666 1.6628252 2.2716553 2.2504997 2.5537419 0.3522982 2.1143358 2.0373940 2.7794071 0.8390616 0.8405819 2.7771498 0.4486642 2.1516594 2.4318269 2.7868771 2.1170004 2.7336199 2.4351222 2.6795751 2.3463445 2.7264920 1.9943006 0.4708143 2.2146675 2.1805211 0.4692183 2.2432167 2.4539435 2.6774305 2.3639746 2.1854473 0.4970625 2.2052939 0.4726431 2.4904160 2.7961160 2.5765471 1.9528876 
MetazoaArthropodaDrosophilamelanogaster_243537__GPRK1_DROME_G_protein-coupled_receptor_kinase_1_OS_                 2.3478366 2.3499066 2.4274219 2.0927168 2.8143214 2.5071322 1.9980740 1.8698758 2.0229927 3.2316477 2.5905023 3.3375089 2.4203106 2.0749801 0.4984581 2.1196943 0.5893035 2.1358380 0.3200482 0.0000000 2.2435299 0.3421689 2.2080905 0.2454909 2.1729539 0.5299983 2.1029281 2.1404218 1.8684963 2.3121149 0.5687451 2.4033939 0.7049374 1.8522185 2.2073596 0.6892841 0.6597545 2.0513678 0.6805019 2.3989402 0.7463972 2.0494027 0.6551765 0.5759972 2.2099840 0.7430851 2.4268802 3.1308505 0.5350375 1.0725047 2.2591576 0.6635325 2.0901776 2.2925574 0.3876674 1.7636598 0.6716235 2.1028048 0.5862509 3.3231671 1.7893089 1.1560628 2.3485583 2.2628630 2.3839983 2.0398306 0.7332321 0.6349373 1.7373290 2.1879978 0.6054865 0.5134464 2.2487400 2.0534673 0.5530684 2.4937514 0.4671865 2.0975605 1.7510467 0.4748875 0.4578092 2.4087483 0.6892886 2.2569028 2.2867320 0.6733095 0.5140054 2.1367375 1.2890277 2.2562621 1.2966115 2.3662630 1.3318620 1.3318620 2.4390940 2.1281077 1.6550845 2.3549347 1.6547574 1.5186611 1.5917866 2.3557216 2.2862082 2.5445921 0.4199648 2.0752655 1.9992125 2.7783028 0.8431027 0.8505972 2.7760253 0.5455696 2.0993748 2.2963810 2.7395203 2.0351686 2.6715059 2.3580177 2.5667691 2.4190348 2.4497089 1.9507918 0.5700900 2.1529455 2.1127680 0.5741575 2.1495622 2.4132367 2.5404979 2.2540606 2.1315372 0.5917073 2.1634451 0.5740773 2.3701763 2.9540230 2.5672725 1.9948634 
MetazoaArthropodaDrosophilamelanogaster_243538__GPRK2_DROME_G_protein-coupled_receptor_kinase_2_OS_                 2.6561285 2.6243735 2.6632268 2.4601789 1.9891355 1.6579586 2.4300532 2.1248963 1.4288554 3.5134390 2.9540060 3.3669910 2.5640664 0.5637013 2.2925913 0.6773120 2.2865780 0.3738257 2.1854931 2.2435299 0.0000000 2.2994299 0.6092610 2.3473069 0.4397974 2.2883131 0.6514696 0.9554908 0.6839646 0.6472422 2.2713188 0.9063073 2.2624294 0.7998929 1.0011928 2.2592808 2.1471992 0.7857909 2.2249758 0.8600166 2.2727306 0.8035225 2.1900063 2.5272836 0.8087050 1.7722752 0.8778933 1.5455947 2.3388539 2.3345773 0.7595674 2.1975878 0.7851171 0.8140245 2.0877043 0.6556962 2.2124147 0.8503201 2.1921646 1.8717811 2.6754959 2.6753409 1.1684221 3.2637044 0.8314792 0.6222891 2.1983334 2.2238131 0.5325077 0.7752938 1.7868403 1.7722761 0.6601447 0.5828197 2.3243618 0.8953656 2.3272248 0.8639093 0.7038445 1.7805631 2.3046690 0.9145612 2.2612650 0.8640208 0.8618674 2.2180579 2.0724182 1.0435763 2.4262134 0.8589393 2.4485706 1.0799659 2.2486256 2.2486256 1.1149061 1.0654028 2.7298917 1.1595749 2.6776222 0.7895970 2.7561334 1.1314151 1.0905040 1.2854831 2.2121349 0.7513400 0.7584658 1.7806040 2.3523648 2.3679534 1.7780119 2.4218357 0.7555625 0.6986812 1.1509026 0.7316920 1.5408948 1.4189010 1.3986311 1.4425538 1.4742768 0.6368545 2.2976909 0.8300582 0.6580660 2.3650992 0.7841399 1.4487834 1.4546112 0.9398361 0.7921849 2.4584990 0.6404480 2.2978561 1.5033279 2.8461061 2.6096205 2.3233775 
MetazoaArthropodaEP00090Calanusglacialis_677916__GPRK1_DROME_G_protein-coupled_receptor_kinase_1_OS_                2.2923091 2.2542783 2.2903091 1.9196190 2.9096205 2.5917971 2.0215192 1.8530760 1.9626557 3.2973817 2.6303916 3.3952894 2.4508788 2.1993582 0.4651018 2.2285456 0.5709131 2.1823151 0.2616923 0.3421689 2.2994299 0.0000000 2.2564983 0.1995578 2.1433280 0.4687368 2.2668464 2.6080033 1.9658000 2.3556565 0.5011706 2.5614856 0.7292410 2.0545204 2.2233316 0.6358269 0.6839876 2.1912484 0.6447683 2.3628378 0.6696205 2.0867560 0.6800799 0.5075335 2.4411341 0.7382363 2.5700236 3.3338934 0.5234193 1.1893209 2.5495052 0.6828169 2.1407729 2.2350823 0.3641686 1.8383640 0.6887871 2.1927170 0.6120559 3.2632872 1.7899323 1.0880979 2.5019304 2.0798149 2.3774269 2.0859561 0.6938812 0.5992046 1.7908400 2.2259856 0.5221351 0.4794618 2.3823901 2.1817334 0.4668354 2.4751720 0.4336455 1.9227140 1.6288273 0.4322279 0.4268746 2.3652094 0.6197368 2.3205048 2.2990488 0.6007240 0.4418009 2.1758144 1.2848374 2.3306347 1.2259534 2.3921422 1.2739438 1.2739438 2.4687229 2.1932376 1.5983668 2.3731153 1.5988824 1.6410746 1.6219140 2.4569596 2.4057083 2.5708177 0.3814365 2.2252283 2.1747384 2.6793122 0.8686839 0.8743008 2.6771074 0.4767613 2.2379556 2.4458380 2.6503724 2.2293325 2.6282693 2.4225292 2.6180978 2.3576374 2.6871705 1.9944384 0.5208347 2.2436901 2.1971307 0.4895420 2.2775233 2.4422039 2.5096759 2.4160141 2.2570486 0.5189119 2.2324310 0.5178541 2.4713861 2.8276925 2.5035139 1.9031282 
MetazoaArthropodaEP00090Calanusglacialis_696005__GPRK2_DROME_G_protein-coupled_receptor_kinase_2_OS_                2.3364963 2.5567791 2.7253012 2.1352922 2.0244709 1.7991471 2.3893339 2.0494080 1.4171893 3.5731716 2.8335084 3.5630290 2.5314459 0.6592830 2.0969319 0.7645025 2.1666100 0.5904065 2.2308630 2.2080905 0.6092610 2.2564983 0.0000000 2.1809232 0.5618575 2.1351131 0.7896506 0.9014839 0.8665734 0.7324076 2.1350980 0.9620958 2.0919808 0.8851203 1.0022158 2.1110369 2.0532037 0.8291282 2.1276380 0.8820791 2.1837116 0.8380918 2.0591218 2.3851194 0.9066167 1.7929929 0.9458423 1.4729462 2.1213122 2.2392610 1.0024423 2.0727358 0.8378377 0.8985511 1.8808577 0.7233544 2.0311200 0.9006696 2.0300409 1.8199276 2.7621549 2.5138655 1.2964393 3.1244263 0.8912790 0.7093644 1.9540981 2.1656492 0.6017247 0.8634285 1.7122166 1.6890209 0.7843100 0.6753456 2.1289750 0.9854817 2.2474779 1.0247550 0.7836423 1.7365133 2.2933965 0.9866309 2.2134167 0.9088143 0.9242871 2.1711365 2.0105629 1.1365336 2.2650375 0.9262570 2.2950984 1.1198751 2.2898052 2.2898052 1.2326910 1.2781074 2.7090989 1.2277125 2.7317335 0.7957856 2.4957948 1.2330092 1.2035650 1.4695425 2.0304270 0.8445020 0.8440122 1.8196530 2.2607168 2.2572980 1.8180782 2.1295289 0.9036093 0.8224075 1.2542653 0.8817764 1.5733340 1.3703128 1.5517204 1.3990034 1.7294416 0.7963799 2.0994153 1.0056523 0.7867405 2.0951392 0.9071921 1.5407248 1.6424624 1.0361480 0.8872058 2.1429018 0.7804207 2.1136400 1.5292495 2.7397704 2.4440692 2.2081318 
MetazoaArthropodaStrigamiamaritima_1173799__GPRK1_DROME_G_protein-coupled_receptor_kinase_1_OS_                     2.1772467 1.9001046 2.1560110 1.7836176 3.2147073 2.6656015 1.7131153 1.2908931 2.2048396 3.4226765 2.7149811 3.4456546 2.2114833 2.3205199 0.2146190 2.3348218 0.3318812 2.3480334 0.1376205 0.2454909 2.3473069 0.1995578 2.1809232 0.0000000 2.4595982 0.2123596 2.3607594 2.0694784 2.2774813 2.3276367 0.2339899 2.5672583 0.4034419 2.5497584 2.6055636 0.3668989 0.3640254 2.3423774 0.3620736 2.3639864 0.3508154 2.3590614 0.3538283 0.4592463 2.5658669 0.3014033 2.3810674 3.2926564 0.3487132 0.3550865 9.0000000 0.3587627 2.4044336 2.5699138 0.3400808 1.8780706 0.3727199 2.4384418 0.3504135 3.8485992 1.4833522 0.9235907 3.0407617 2.1918178 2.0446939 1.9501520 0.3878566 0.2907720 1.7178610 2.4258912 0.1246084 0.1029159 2.4057492 2.2712676 0.2348032 2.5813067 0.3193459 2.3143075 2.2605852 0.2667902 0.3157558 2.4423922 0.3699188 2.5962585 2.5219212 0.3774913 0.3774913 2.3247913 1.0222341 2.5567544 0.9041588 2.4663923 1.0803953 1.0803953 2.6536955 2.3439688 1.4480213 2.5254195 1.4480213 1.5031002 1.5529188 2.4048506 2.4048506 2.5911758 0.2979298 2.1182543 2.1182543 3.1199244 0.6571297 0.6571297 3.1199244 0.2199271 2.1625968 2.4855354 2.9977461 2.3969684 2.8648763 2.5826839 2.8914891 2.5191283 3.0909249 2.0199885 0.2659631 2.3185242 2.3081710 0.2579755 2.3843837 2.6476928 2.6503077 2.4390395 2.3154112 0.2959413 2.3158646 0.2637953 2.5656123 3.0069454 2.6535188 2.2360712 
MetazoaArthropodaStrigamiamaritima_1175648__GRK5_BOVIN_G_protein-coupled_receptor_kinase_5_OS_                      2.3537868 2.4524513 2.3804248 2.2115640 2.1815180 1.6621047 2.2096938 1.8407290 1.3539564 3.6040814 2.8548107 3.7233622 2.4078962 0.5270539 2.0720374 0.6340512 2.1544602 0.4134193 2.1818395 2.1729539 0.4397974 2.1433280 0.5618575 2.4595982 0.0000000 2.0492343 0.5573895 0.9074950 0.7303304 0.5943160 2.0969192 0.8944654 2.1826393 0.8099844 0.8894425 1.9877448 1.9899499 0.7701112 2.0614572 0.8022230 2.0764651 0.7575937 2.0457745 2.4154293 0.7942062 1.6032559 0.8282155 1.5352300 2.2844230 2.0107366 0.8423051 2.0422095 0.7469193 0.7783343 2.0644948 0.6005927 1.9967427 0.8116841 1.9970555 1.7654667 2.3940875 2.3268034 1.2132742 3.0143392 0.8883828 0.5806946 1.9536436 2.0180579 0.5018118 0.6882685 1.5590610 1.5146157 0.5465248 0.4987281 2.1106598 0.7981091 2.1508591 0.8617568 0.7340039 1.5397883 2.0801841 0.8231910 2.1624483 0.7965927 0.7919867 2.1111126 2.0872222 1.0471535 2.2091269 0.7813826 2.2089191 0.9902376 2.1986561 2.1986561 1.1331049 1.0975297 2.4755965 1.1335246 2.4755965 0.7742781 2.4337132 1.1420143 1.1427600 1.2261488 2.0303086 0.6815800 0.6789556 1.7577682 2.3189382 2.3189382 1.7500175 2.2105581 0.6597570 0.6483672 1.0444495 0.6503301 1.3905333 1.3253003 1.3625564 1.2589828 1.4955745 0.5788297 2.1116154 0.7462217 0.6060546 2.1459490 0.7410916 1.3617640 1.3980031 0.8300403 0.7269965 2.1756835 0.6054735 2.1091389 1.3574362 2.7521600 2.4655802 2.2422292 
MetazoaBrachiopodaLingulaunguis_1302264__ARBK2_BOVIN_Beta-adrenergic_receptor_kinase_2_OS_                          2.3259109 2.2725014 2.3194253 1.9480515 2.7912633 2.6323704 2.1150510 1.8803537 1.9966438 3.2986616 2.6010330 3.0014004 2.4924950 2.1354032 0.1459488 2.2256496 0.2715885 2.0977426 0.4200168 0.5299983 2.2883131 0.4687368 2.1351131 0.2123596 2.0492343 0.0000000 2.2076357 2.3034001 1.8218503 2.2966722 0.4584108 2.5963626 0.6542579 1.9723728 2.3119997 0.5967001 0.6227842 2.1550901 0.6599964 2.2654706 0.6574221 2.1196734 0.6025202 0.4412884 2.3854398 0.7348769 2.5752390 3.2329234 0.4220584 1.2016295 2.6026624 0.6129470 2.1705485 2.2564548 0.3065437 1.8795547 0.6132865 2.2155633 0.5097145 3.4024658 1.7788993 1.2219051 2.5025598 2.1555185 2.4860987 2.0187501 0.6235335 0.5630994 1.7735619 2.1382945 0.4592173 0.2587074 2.2822696 2.0899045 0.1512808 2.4826974 0.5656375 2.0806472 1.7365043 0.6027823 0.5316007 2.4181744 0.6120292 2.1929699 2.1680440 0.6143493 0.4304354 2.0199976 1.3706067 2.3198876 1.2846926 2.3070824 1.3261072 1.3261072 2.4317579 2.0338730 1.6373607 2.2234848 1.6385785 1.5550502 1.6124809 2.3028675 2.1918970 2.4784843 0.4655265 2.1246132 2.0731409 2.6450293 0.8553913 0.8502568 2.6428447 0.4415239 2.1556559 2.4086930 2.5959035 2.1366382 2.5636782 2.4388543 2.5614792 2.3888602 2.5749783 2.0190237 0.5144557 2.1851276 2.2121440 0.4815893 2.2446768 2.4675896 2.4570604 2.3669597 2.2109524 0.5177881 2.2862172 0.5116942 2.3938134 2.7206735 2.4929465 1.9467600 
