t34450aep|KCNH5_MOUSE,0.0191688058502962
t36340aep|AT1A_HYDVU,0.0191688058502962
t36337aep|CRYAB_BOVIN,0.115453110849038
t35900aep|RHCG_XENTR,0.0279668112191696
t35903aep|S35E3_DANRE,0.0323106202175046
t35908aep|CAF1A_CHICK,0.081044806261699
t31833aep|BP10_PARLI,0.243129557276319
t31838aep|STXB1_RAT,0.0799405374280018
t38104aep|B3GN4_HUMAN,0.00946349679694085
t38111aep|KCC2D_BOVIN,0.0191688058502962
t38110aep|P2R3C_HUMAN,0.0385158473207219
t38117aep|SAXO1_RAT,0.151941775184199
t33741aep|IFT20_DANRE,0.0544879817424813
t33735aep|DHB11_RAT,0.0336555587690063
t32685aep|RN146_XENTR,0.0266181290219932
t32692aep|GPTC4_XENTR,0.0978351973903349
t32687aep|RAB23_HUMAN,0.134153992111128
t32691aep|PP14C_RAT,0.00623692200467933
t35860aep|KIF3A_MACFA,0.108306749246579
t35866aep|MEL2A_DANRE,0.0104470677410698
t35861aep|ABCBA_HUMAN,0.0234004672109414
t35356aep|CASP8_RAT,0.00751306352178326
t37371aep|IDI1_BOVIN,0.0901746721972515
t37374aep|VWDE_HUMAN,0.0191688058502962
t37381aep|RPAC2_BOVIN,0.0681793996005123
t37368aep|PEX10_MOUSE,0.146981700204428
t32307aep|NCAN_PANTR,0.0191688058502962
t32309aep|TM203_HUMAN,0.041418346425879
t32304aep|SWT15_VITVI,0.051354859299723
t33480aep|MSRB_METBF,0.0145135338590258
t33080aep|KIF17_HUMAN,0.00870825770070849
t33589aep|THAP2_MOUSE,0.0191688058502962
t32819aep|T106C_HUMAN,0.0147390129956337
t35724aep|SYF2_DANRE,0.429236222746945
t35988aep|CIA30_DROME,0.00828362244484532
t35984aep|DYH6_HUMAN,0.067382184215848
t38633aep|DRG1_XENLA,0.00641144202937713
t38636aep|ALG3_HUMAN,0.00725576643109689
t37013aep|LAGE3_MOUSE,0.237153367736333
t34431aep|RSPH1_HUMAN,0.934098939481619
t34434aep|S12A8_XENLA,0.0113067565369715
t34436aep|XRN1_HUMAN,0.0842215171262198
t34428aep|SPC25_RAT,0.111266751395707
t34427aep|ML12B_BOVIN,0.0587322765113558
t31846aep|CEP70_RAT,0.0838225725754383
t31844aep|TLL1_DANRE,0.0191688058502962
t31847aep|RS2_ICTPU,0.149060290084835
t31848aep|SPCS3_CHICK,0.435160453352944
t34802aep|PISD_CRIGR,0.0179002743169046
t34796aep|PCMD2_BOVIN,0.0496274169981249
t34792aep|PTH2_BOVIN,0.0201410422102955
t32470aep|LYRM2_MOUSE,0.115257777723587
t31220aep|P52K_HUMAN,0.0191688058502962
t36663aep|AA2AR_CANLF,0.0381942215318354
t37814aep|CC105_BOVIN,0.0356787479203194
t37817aep|RS6_BRAFL,0.192478358055144
t37816aep|LRP2_RAT,0.00106042719592805
t32265aep|SYD1_CAEEL,0.00556860119389214
t32255aep|CHSS1_MOUSE,0.00774746321593905
t32263aep|IF172_DANRE,0.0975895116028519
t35087aep|CJ076_XENLA,0.181019125959318
t35075aep|COMD6_MOUSE,0.0208860771111197
t35552aep|DTL_CHICK,0.0648352442938463
t35545aep|KLC4_MOUSE,0.0191688058502962
t35549aep|PDRG1_RAT,0.157390358788195
t36392aep|UTP15_HUMAN,0.0327719115561939
t36391aep|HETE1_PODAS,0.0191688058502962
t35411aep|EDC3_PONAB,0.0271565886662683
t35408aep|NK2R_RAT,0.0191688058502962
t35845aep|TIM9_MOUSE,0.126969179411801
t35851aep|OPSD1_MIZYE,0.226941735834006
t35853aep|TM175_MOUSE,0.0191688058502962
t35846aep|SDHF3_NEMVE,0.122290692564096
t35217aep|CEBPB_CHICK,0.0509002089478171
t37320aep|CO6A6_HUMAN,0.00935836961291716
t37316aep|ASPM_SHEEP,0.0824432802717537
t37317aep|ASPM_SAIBB,0.197616403498905
t37312aep|UBC12_SCHPO,0.343498650120458
t32614aep|XRRA1_MOUSE,0.0381942215318354
t32615aep|UNK_HUMAN,0.0135313205164473
t32623aep|F1142_BOVIN,0.192941099652073
t33647aep|WHITE_LUCCU,0.0164444095937094
t33641aep|AT5F1_BOVIN,0.0324175275526157
t33657aep|TM243_BOVIN,0.00927936491919697
t33644aep|CC180_HUMAN,0.0177406536678438
t37951aep|MPU1_MOUSE,1.23350221446737
t37961aep|NRDC_MOUSE,0.079604007576054
t37948aep|RHG32_XENLA,0.00932770059953599
t31825aep|F185A_MOUSE,0.0507931627927548
t31819aep|CPSF1_BOVIN,0.0329325223643836
t31817aep|AKR1_YARLI,0.0191688058502962
t32420aep|RPE_HUMAN,0.0215866386131113
t32421aep|PCS3_LOTJA,0.0264999941873806
t32422aep|UTP11_MOUSE,0.0471520542347338
t32412aep|M3K19_HUMAN,0.000306273686573298
t32413aep|NTPES_BACSU,1.721841602242
t36940aep|ROP1L_XENLA,0.774637050911018
t36953aep|RBM26_HUMAN,0.0313839482824749
t36944aep|CFA74_MOUSE,0.187199578364232
t36938aep|SYT15_HUMAN,0.420641662286243
t33901aep|KLC4_BOVIN,0.0191688058502962
t33907aep|BRAT1_MOUSE,0.0220774585751795
t33627aep|VMP1_DANRE,0.253885096449594
t33622aep|OTX1B_DANRE,0.0191688058502962
t33620aep|SYT7_HUMAN,0.153350102264139
t31713aep|TBA_NOTVI,0.0194605772482996
t33193aep|RSBNL_HUMAN,0.0311086427342404
t33188aep|ADCY9_HUMAN,0.509521369888021
t33191aep|ALRA_DICDI,0.00330809729730076
t37623aep|RHES_HUMAN,0.0171107536172466
t37627aep|CD2B2_MOUSE,0.0620320024550794
t37634aep|KELP_ARATH,0.143877820814772
t37637aep|DYHC_HELCR,0.00993174078952621
t36585aep|CALM_MACPY,0.0161387764802917
t36580aep|S39AD_DANRE,0.0304213803154566
t34760aep|QORL1_MOUSE,0.00606789258644656
t34762aep|TYDP2_RAT,0.0189542914548008
t34577aep|ARSB_RAT,0.0461396781456079
t34564aep|YMH6_CAEEL,1.27233585804306e-05
t38674aep|S7A14_HUMAN,0.144868783419238
t38672aep|SHL2_ORYSJ,0.0191688058502962
t38680aep|PGAP3_XENTR,0.0328175461967799
t32845aep|KTI12_DANRE,0.0518840527786155
t32852aep|NPC2_DROME,1.36328091570485
t32851aep|STX18_HUMAN,0.118502447380631
t36490aep|CCD81_HUMAN,0.168856028194997
t36499aep|S22A5_HUMAN,0.0432736914429644
t36488aep|TIGD2_MOUSE,0.0191688058502962
t36486aep|SCN1_HETBL,0.0159262715954269
t38463aep|RS17_BOVIN,0.151743328559665
t34603aep|RWDD1_RAT,0.150345830745981
t34595aep|NDK_CHICK,0.119572461895946
t34599aep|YTX2_XENLA,0.00530864139915822
t34608aep|CATL_SARPE,0.0191688058502962
t34604aep|RA51D_ARATH,0.0120786671150733
t34600aep|KPSH1_BOVIN,0.00359447098281843
t38363aep|DNAL4_PIG,0.206776158189956
t38358aep|PLK4_NEMVE,0.0372757125246164
t38366aep|DDRGK_TRIAD,0.00206329403386188
t32785aep|HEBP1_MOUSE,1.40861727166861
t36257aep|EDIL3_MOUSE,0.00766403585321217
t36261aep|CTU2A_XENLA,0.194799057864816
t36265aep|TXND_THEPA,0.501665692708815
t37210aep|DPOD3_BOVIN,0.0930537507207254
t37220aep|HMCN2_HUMAN,0.0191688058502962
t36462aep|PAPOG_MOUSE,0.005082460199748
t36469aep|DNLI1_XENLA,0.092896462223295
t36466aep|TF2H1_HUMAN,0.0343086694304755
t38654aep|BBS4_HUMAN,0.038393927482405
t38655aep|RRP44_HUMAN,0.0389601396732995
t38450aep|KCY_DANRE,0.141717093667447
t38458aep|PEBB_HUMAN,0.000222847706635396
t31921aep|NXF1_COTJA,0.261869114801704
t34555aep|TM107_DANRE,0.0668678062057177
t34559aep|XPA_XENLA,0.00722837821824707
t35295aep|RM09_RAT,0.0274137862936283
t35296aep|MORN2_BOVIN,0.0407661045285827
t34987aep|FA47E_HUMAN,0.0452123067973382
t34989aep|MOG1_BOVIN,0.00798423312748714
t34996aep|RET_RAT,0.00905250075629738
t31900aep|FRIH_TREBE,0.0691825597508594
t31904aep|RPB11_MOUSE,0.0939348969947322
t31908aep|RSLBA_HUMAN,0.380850899271202
t31912aep|HSP70_HYDVU,0.23287373771512
t31905aep|DYH2_MOUSE,0.0492580787222601
t31899aep|AT1A_HYDVU,0.049603901165946
t36373aep|RTXE_DROME,0.0191688058502962
t38186aep|CRYAB_BOVIN,0.0158152727057237
t32725aep|TIM10_CAEBR,0.0540491479467532
t32719aep|T2FA_XENLA,0.0354315025679986
t32709aep|MCFD2_PONAB,0.214809389973532
t34194aep|THNS2_MOUSE,0.0993492983468656
t34183aep|TLN1_HUMAN,0.0188144935564503
t34191aep|SRSF7_BOVIN,0.206384234434315
t32768aep|KLC4_MOUSE,0.0191688058502962
t32772aep|P4R3A_MOUSE,0.0481674193443507
t32762aep|RAD50_MOUSE,0.350915269055225
t33149aep|TOLL6_DROME,0.0250668682799636
t32176aep|AGRB2_MOUSE,0.0191688058502962
t32167aep|HAUS4_HUMAN,0.0849479160951909
t32166aep|GBB5_PONAB,0.053032952148333
t36935aep|KCNC1_HUMAN,0.0570791773167572
t36933aep|ATG2B_HUMAN,0.0389437504841862
t35835aep|IFT22_XENTR,0.604972495650341
t35829aep|PLPL9_HUMAN,0.022670948892066
t35007aep|NPFF2_HUMAN,0.0191688058502962
t35000aep|S23IP_MOUSE,0.0608843790032741
t35008aep|OPN4_PHOSU,0.0191688058502962
t35011aep|HEMK1_HUMAN,0.0661388060287515
t32100aep|PRRT1_MOUSE,0.00994775135222912
t32108aep|FITM2_XENTR,0.0118702178688595
t32112aep|HACE1_HUMAN,0.00168986881820612
t32111aep|TAF9B_RAT,0.0367237944706249
t32101aep|NEK4_HUMAN,0.074421605085849
t32099aep|DDX46_MOUSE,0.0435387895598526
t32321aep|DYH7_HUMAN,0.213623436855044
t32323aep|SYMC_XENLA,0.0681999941116706
t36031aep|ANPRA_MOUSE,0.0300968029098773
t36035aep|TCEA2_HUMAN,0.0787903908648817
t35690aep|HMGX4_HUMAN,0.213602492257526
t32136aep|ZDH11_MOUSE,0.89709263141481
t32140aep|RAD2B_ARATH,0.0754435791045456
t32151aep|HE_PARLI,0.0996641318805042
t32143aep|RN212_MOUSE,0.0191688058502962
t37191aep|DUR1_LACKL,0.0191688058502962
t37178aep|MSH3_MOUSE,0.0191688058502962
t38447aep|SAX_LITCT,0.0142516321187743
t38446aep|RNF10_XENLA,0.00750764009840437
t38442aep|SMC1A_HUMAN,0.0851179517300047
t38435aep|DHX9_XENLA,0.0439145510171414
t36566aep|YRD6_CAEEL,0.0191688058502962
t36568aep|POL_SIVEK,0.0191688058502962
t33385aep|CDD_DICDI,0.0570791773167572
t36557aep|DHSO_BOVIN,0.469213050698933
t36736aep|ARP8_SALSA,0.0586245433006302
t36744aep|ZER1_HUMAN,0.00736883076270695
t38621aep|MOCS3_AEDAE,0.020869729736003
t38617aep|U2AFM_HUMAN,0.0228904089553979
t34465aep|NPHP4_MOUSE,0.0593066765790367
t34475aep|LRIG2_HUMAN,0.238567889063132
t34464aep|RUSD4_HUMAN,0.212349742032675
t34477aep|HGH1_DROME,0.00864333554285413
t34670aep|VKORL_HUMAN,1.07347742010549
t33393aep|TEAN2_MOUSE,0.0373013466096487
t37722aep|MEGF8_RAT,0.00445197910350039
t37718aep|CFA45_HUMAN,0.574819459551352
t37729aep|KPCD3_MOUSE,0.147798193112385
t37723aep|INTU_BOVIN,0.0216838005730796
t32504aep|RPN2_PONAB,0.33393892470375
t32502aep|MKS3_RAT,0.0191688058502962
t32514aep|NPHP1_CANLF,0.0327219375195531
t32508aep|CLK2_MOUSE,0.140466518726944
t32517aep|IRF8_HUMAN,0.00805710839352588
t32513aep|MRC2_HUMAN,0.331032183321709
t32512aep|ACSF4_HUMAN,0.00555744785971533
t36975aep|DYH5_HUMAN,0.0148465969751512
t36976aep|WBS22_MOUSE,0.0240241241966428
t36977aep|ECT_ACRMI,0.0304422744850182
t36990aep|TV23B_BOVIN,0.136344307191276
t36988aep|FAT4_HUMAN,0.0229348602163948
t36994aep|KINH_SYNRA,0.0381942215318354
t37004aep|MICA2_RAT,0.154273669330738
t37005aep|CPMD8_HUMAN,0.0191688058502962
t36996aep|MPIP1_HUMAN,0.0348160124314533
t37006aep|SVIL_MOUSE,0.0545901366477533
t35150aep|FEM1C_MOUSE,0.0300351122690795
t35148aep|MT21D_MOUSE,0.0469547469469536
t37987aep|MET17_MOUSE,0.0923709481223238
t37988aep|GLNA_PANAR,0.0191688058502962
t33498aep|DDX51_DANRE,0.0134786196012311
t38565aep|PDXK_HUMAN,0.00401494779101931
t38573aep|CL004_RAT,0.00484257124085089
t38571aep|VLDLR_HUMAN,0.117091312089046
t38575aep|CC146_RAT,0.0397542827468307
t38574aep|DDX31_MOUSE,0.0218501190027438
t38564aep|DEN2C_HUMAN,0.024859400046721
t31271aep|GAB1_MESAU,0.0740209593615275
t31280aep|ANKL1_HUMAN,0.0187785286841278
t31269aep|DALD3_RAT,0.0327579745250638
t33777aep|IKBP1_HUMAN,0.00999486666090406
t33778aep|LARP1_MOUSE,0.328310622190112
t31950aep|B3GN2_HUMAN,0.0176720759082275
t31929aep|CERS6_HUMAN,0.00828320788202943
t31941aep|ZNT10_MOUSE,0.063565287912522
t31956aep|ARID2_HUMAN,0.0572317562703536
t32739aep|CHM1B_CHICK,0.0547704354389971
t32744aep|LMX1A_HUMAN,3.01371590614811
t32736aep|GRM7_MOUSE,0.0381942215318354
t33592aep|ZNT1_HUMAN,0.00607453496029552
t33590aep|STS_HUMAN,0.0128499414603369
t33595aep|FLT3_HUMAN,0.0191688058502962
t33603aep|XPP1_MOUSE,0.0251264697419939
t32376aep|FA96A_HUMAN,0.203512301390843
t32382aep|TCHP_DANRE,0.208466675322088
t32370aep|CREB_HYDVD,0.0555941354716752
t38591aep|CAPS1_RAT,0.0106608708571587
t38580aep|BCOR_HUMAN,0.016050589144098
t38579aep|CB069_DANRE,0.0815339014004533
t38596aep|FUT3_BOVIN,0.0191688058502962
t38582aep|TTC24_HUMAN,0.0282296787723459
t38423aep|WARA_DICDI,0.0191688058502962
t38424aep|YRD6_CAEEL,0.0191688058502962
t38426aep|REPA_AGRRH,0.0191688058502962
t38418aep|TMM19_XENTR,0.0140285528679016
t38504aep|CATIP_DANRE,0.101047001633708
t38506aep|ANK2_HUMAN,0.252019209439326
t38509aep|DCDC2_MOUSE,0.308071666604602
t38497aep|DDC_HUMAN,0.38026080822918
t38498aep|MARH1_HUMAN,0.029881963798442
t38499aep|ECM29_HUMAN,0.0577308089617998
t31740aep|PPIL2_MOUSE,0.0465172899245048
t31735aep|NOTU2_XENLA,0.00353794204510368
t31732aep|F10C1_MOUSE,0.0171816928525823
t31729aep|FREM2_MOUSE,0.019227289040165
t31725aep|TPC13_XENTR,0.0290460348814521
t31734aep|VITRN_MOUSE,0.00584244529625216
t33102aep|FAF2B_XENLA,0.0138282819664505
t33119aep|KINH_STRPU,0.0437068302256231
t33099aep|ASM_BOVIN,0.00650590947762652
t33106aep|NPHP3_HUMAN,0.00623692200467933
t37461aep|EYS_HUMAN,0.0381942215318354
t37460aep|TBCEL_RAT,0.101861270397198
t36608aep|NCLN_DANRE,0.155921265145299
t36593aep|THAP4_BOVIN,0.0191688058502962
t36591aep|ZMYM1_HUMAN,0.0311297795064989
t36612aep|ERIC3_HUMAN,0.400219606360657
t34700aep|DRD1_BOVIN,0.0191688058502962
t34689aep|RAB14_PONAB,0.0166913488570511
t34694aep|PGBD4_HUMAN,0.0191688058502962
t34691aep|PLCL2_MOUSE,0.0695076524072037
t34701aep|TM223_HUMAN,0.0597533709730073
t32286aep|RIMS2_RAT,0.12424268158878
t32283aep|PPBT_CHICK,0.946944294910217
t32296aep|HSP70_HYDVU,0.0361786557508612
t32293aep|PKHM2_HUMAN,0.045550035552539
t32909aep|F228B_MOUSE,0.00557492269828298
t32907aep|KALRN_MOUSE,0.186346687682237
t32903aep|RTJK_DROME,0.0191688058502962
t32343aep|GRT1A_DANRE,0.410601694680784
t32349aep|CRJ1A_TRICY,0.0108113642385232
t32328aep|SPIT3_HUMAN,0.0428827125098649
t32333aep|DHDDS_HUMAN,0.00100373606193355
t32346aep|TTLL4_HUMAN,0.0142929319069806
t32866aep|PDD2L_CHICK,0.0330435619525334
t32898aep|CAC1B_RAT,0.0611910924692954
t32873aep|TPMT_PSEAB,0.0721572774421596
t32872aep|AMPN_RABIT,0.0124735157510834
t32887aep|TOPB1_HUMAN,0.00453338152242855
t32896aep|LOX5_RAT,3.079959939389
t37687aep|DBP8_BOTFB,0.00134312544608877
t37698aep|S18B1_MOUSE,0.0179012061128725
t37694aep|THAP9_HUMAN,0.0191688058502962
t37695aep|ANPRA_MOUSE,0.00791340500295345
t33233aep|RAD1_PONAB,0.0191688058502962
t33224aep|CD047_MOUSE,0.0989850134903213
t33225aep|CE350_HUMAN,0.0186496280591153
t33213aep|CEP44_XENTR,0.017701343167702
t33223aep|ZMYM1_HUMAN,0.0303151768831681
t33855aep|RASF2_MOUSE,0.0464387186139201
t33864aep|CNTP5_CANLF,0.0691808662858089
t33859aep|KCNH2_CHICK,0.0191688058502962
t33868aep|CCS_PIG,0.00101942017570377
t33861aep|GCC1_HUMAN,0.100990046673078
t35772aep|MED23_DANRE,0.140695712151691
t35780aep|DDX23_HUMAN,0.0390897801123328
t35771aep|RASEF_MOUSE,0.461208002275876
t37402aep|NAC1_CAVPO,0.13394622389521
t37422aep|ADA12_MOUSE,0.616595716159631
t37423aep|CCD83_MACFA,0.0213652703342515
t37404aep|FIGL1_RAT,3.40293117880365e-06
t37395aep|CC148_HUMAN,0.0430499814446336
t37418aep|CHSS2_HUMAN,0.117798416474653
t37401aep|FNIP1_CHICK,0.0814587077341073
t37421aep|RIMB1_RAT,0.00645172035221862
t37420aep|TTLL6_DANRE,0.504505193181078
t37410aep|UQCC1_XENLA,0.03030927374069
t32212aep|PIGB_BOVIN,0.0222910878705254
t32206aep|EGL15_CAEEL,0.0404804802487532
t32191aep|TC1A_CAEEL,0.0191688058502962
t32187aep|GANAB_MOUSE,0.0112763166564072
t38723aep|HDHD1_HUMAN,0.050162214374166
t38735aep|KAPR2_DROME,0.025370820252653
t38159aep|TPGS2_HUMAN,0.0192130171986774
t38166aep|CUBN_HUMAN,0.0191688058502962
t38165aep|TYDP1_MOUSE,0.00229255613636247
t38172aep|CCD13_HUMAN,0.474112523614108
t38152aep|TNPO3_HUMAN,0.0909958102451335
t38153aep|APEX2_BOVIN,0.0267472078808202
t38169aep|CARTF_RAT,0.00830265014325373
t37750aep|ABHD8_BOVIN,0.00430525594230294
t37745aep|USH2A_HUMAN,0.0191688058502962
t37761aep|ADRB2_MOUSE,0.0191688058502962
t33049aep|RTJK_DROME,0.0148685783176612
t33063aep|GRP78_CHICK,0.732113151710389
t33040aep|IQCB1_MOUSE,0.0196452007533073
t33045aep|AT8B2_HUMAN,0.205572690360986
t33073aep|PMGT1_BOVIN,1.01569208929087
t32607aep|SMYD4_PONAB,0.152547047343083
t37484aep|HMP_OCEIH,0.396019983311316
t35655aep|NPHP3_HUMAN,0.00789753519844754
t35679aep|KAD9_HUMAN,0.10027535940062
t35677aep|PGDH_HUMAN,1.72043123206291
t35674aep|ZRAB3_BOVIN,0.112438311420381
t31398aep|ANPRB_HUMAN,0.0852649746750432
t31426aep|ZN830_XENTR,0.0398072253462352
t31412aep|FND3A_HUMAN,0.259450563548252
t31389aep|SCRY4_ENTDO,0.0395058944111079
t31393aep|MEC2_CAEEL,0.284023315984666
t31424aep|CFA57_MOUSE,0.0887241905022383
t31399aep|EGTB_MYCS2,0.0191688058502962
t31419aep|ISPD_XENTR,0.0433720767806229
t37801aep|FA69C_MOUSE,0.0191688058502962
t37791aep|Y381_RICFE,0.0302998406962748
t37796aep|DC2L1_HUMAN,0.045692211931619
t37779aep|TRAF3_MOUSE,0.0455946149907229
t37792aep|LACE1_HUMAN,0.0045713437887805
t37803aep|SPNS1_DANRE,0.116019870299059
t35786aep|AP1G_DICDI,0.0393950058693969
t35801aep|NOS1_MOUSE,0.0344619149434566
t35803aep|GT2D2_BOVIN,0.0381942215318354
t34532aep|TFF3_RAT,0.0191688058502962
t34490aep|PK1L2_MOUSE,0.0321063276750546
t34501aep|MSH6_HUMAN,0.0439237129331298
t34523aep|K1468_XENTR,0.0115818350000288
t34509aep|RTJK_DROME,0.0381942215318354
t34520aep|AGRG4_HUMAN,0.298557384810302
t34506aep|C163A_CANLF,0.0191688058502962
t34497aep|CHIT3_DROME,0.0153147302125354
t37134aep|TILB_XENTR,0.0190083096728096
t37135aep|TRI37_MOUSE,0.0614933787295214
t37155aep|MRC1_MOUSE,0.0327518437075429
t37145aep|ZCPW1_HUMAN,0.0105648853738284
t37136aep|MRE11_RAT,0.287762758765613
t37161aep|CFA69_PAPAN,0.0146062252938083
t37156aep|CHIA_MOUSE,0.00456147762816971
t37164aep|PSD10_DICDI,0.00828362244484532
t37143aep|SETMR_HUMAN,0.0191688058502962
t36793aep|CUBN_HUMAN,0.0191688058502962
t36810aep|EFC10_MOUSE,0.0507317133960994
t36775aep|ANKE1_HUMAN,0.00513787432546711
t36777aep|M3K7_MOUSE,0.0710407106245887
t31789aep|YG31B_YEAST,0.0191688058502962
t31783aep|DMBT1_RABIT,4.48389789335672
t31811aep|UBIQ_ENCCU,0.0107244732689813
t31810aep|TF28_SCHPO,0.0381942215318354
t31796aep|GTSF1_BOVIN,0.0471959293157076
t36091aep|F166B_XENTR,0.236316074380207
t36111aep|P20D2_MOUSE,0.212968604201115
t36100aep|ADD_ENTFA,0.196029851674853
t36116aep|BRCA1_MOUSE,0.0032152410884677
t31311aep|NPA1P_HUMAN,0.0416762363095964
t31356aep|OTOF_HUMAN,0.0105310095463845
t31322aep|PGBD3_HUMAN,0.0191688058502962
t31348aep|ZBED4_MOUSE,0.0191688058502962
t31320aep|NALP7_HUMAN,0.00546087501501723
t31354aep|CA2D4_HUMAN,0.0792726912236345
t31303aep|AB1IP_CHICK,0.0482344727316386
t31358aep|UBX11_RAT,0.173330614328229
t31357aep|LRRC9_HUMAN,0.0221146543786544
t31346aep|MGT4A_RAT,0.0191688058502962
t31317aep|SPN90_MOUSE,0.00658655572526299
t31316aep|ROR1_HUMAN,0.222982432212915
t31309aep|AGRE1_HUMAN,0.0191688058502962
t37266aep|HARB1_HUMAN,0.0943926896465861
t37270aep|CUBN_RAT,0.0191688058502962
t37273aep|COPIA_DROME,0.0191688058502962
t37292aep|K1586_HUMAN,0.0191688058502962
t37271aep|AT133_HUMAN,0.0191688058502962
t37250aep|SMG8_CULQU,0.0205481450189579
t37290aep|RIF1_MOUSE,0.0370254068462032
t37257aep|PTPRS_MOUSE,0.0191688058502962
t31485aep|TOR1A_MACFA,0.234592805073561
t31480aep|KCNB2_MOUSE,0.0191688058502962
t31478aep|TCB2_CAEBR,0.0191688058502962
t31544aep|YVNF_AZOCH,0.0303312473012897
t31545aep|NEK10_MOUSE,0.152619789201482
t31245aep|ZN266_HUMAN,0.0560425907536395
t31533aep|FRS5_ARATH,0.0191688058502962
t31516aep|GIN1_MACFA,0.0381942215318354
t34400aep|MJK2_METJA,0.0191688058502962
t34360aep|PH4H_RAT,0.0172746587455315
t34401aep|WAP53_RAT,0.0839359519075657
t34385aep|PROP_MOUSE,0.0191688058502962
t34424aep|TRY3_SALSA,3.12995728987328
t34419aep|CHD1L_DANRE,0.00288419325896931
t34415aep|CC157_BOVIN,0.016013553057781
t34413aep|ZNF84_HUMAN,0.0119864840639717
t32552aep|CTRO_HUMAN,0.00811454163424064
t32560aep|TOB1A_XENLA,0.0365778296468234
t32570aep|SYT11_HUMAN,0.0112008316325451
t32529aep|LOXH1_MOUSE,0.380098688171834
t31234aep|UCHL3_HUMAN,0.377141756608431
t38292aep|BVMO2_STRCO,0.891756955145277
t38304aep|S22A4_HUMAN,0.0343674622502407
t31240aep|CCND2_BOVIN,0.100625208992304
t38256aep|ODFP2_CHICK,0.186945578697519
t38303aep|IFT81_MOUSE,0.0375587961142817
t38284aep|WDR66_HUMAN,0.13603842993035
t38315aep|CP131_DANRE,0.104616575240557
t38253aep|ABCB1_DICDI,0.00370017404103975
t38310aep|FGFR3_DANRE,0.00682446498799293
t32047aep|RTJK_DROME,0.010453100390629
t32035aep|GRM8_HUMAN,0.0252145111803457
t32002aep|HMCN1_HUMAN,0.025981314233731
t32046aep|BLM_XENLA,0.0312955978117813
t31986aep|ZMYM1_HUMAN,0.0124352348501158
t31997aep|ZNFX1_MOUSE,0.106339757354182
t32023aep|RTJK_DROME,0.0750951272455657
t32012aep|TTC3_HUMAN,0.000689302453053727
t35471aep|FHAD1_HUMAN,0.0140665578777252
t35488aep|AGO2_HUMAN,0.992608791684732
t35456aep|PK1L2_MOUSE,0.0191688058502962
t35490aep|RBBP5_DROME,0.0191688058502962
t35489aep|JERKL_HUMAN,0.0191688058502962
t35472aep|DMXL1_HUMAN,0.0209620919377466
t35446aep|CRA1B_DANRE,0.0125230444763887
t37570aep|PKHG4_HUMAN,0.0407414091226847
t31770aep|VWA3B_HUMAN,0.0218566238870624
t37577aep|RTJK_DROME,0.0115632844030125
t37553aep|TRA1_MAIZE,0.89012890070149
t37541aep|POLR_DROME,0.0191688058502962
t37557aep|POLR_DROME,0.0191688058502962
t37551aep|POGK_HUMAN,0.0503891784222564
t37534aep|PGBD2_HUMAN,0.0482773177672675
t33011aep|PELET_DROME,0.0327545269598699
t32976aep|ZMYM1_HUMAN,0.0706975872483619
t33022aep|R213A_DANRE,0.0294652927844807
t33020aep|TSP3_MOUSE,0.0960712426239404
t32997aep|HMCN1_HUMAN,0.00785940266827041
t33004aep|CNTP2_HUMAN,0.217056814213084
t32998aep|GVIN1_MOUSE,0.0191688058502962
t35590aep|RTBS_DROME,0.101435969970182
t35608aep|DDX60_HUMAN,0.114323488462462
t35622aep|PGBD3_HUMAN,0.0321417144029071
t35587aep|ZBED1_HUMAN,0.0401113845944429
t35620aep|RTJK_DROME,0.0487307265092474
t35604aep|JERKL_HUMAN,0.0253335790837818
t35573aep|SHL2_ORYSJ,0.363877514132833
t35607aep|RTJK_DROME,0.0340647932536144
t35626aep|PGBD4_HUMAN,0.0191688058502962
t34215aep|SETMR_RAT,0.124834769530698
t34214aep|RTJK_DROME,0.0191688058502962
t34201aep|RTJK_DROME,0.0719605444340655
t34247aep|TC1A_CAEEL,0.00185382026963158
t34267aep|H2B3_TIGCA,0.0196954771016475
t34240aep|ZMYM1_HUMAN,0.0191688058502962
t34261aep|AGRL3_BOVIN,0.0112763166564072
t34256aep|ZMYM1_HUMAN,0.0191688058502962
t34276aep|AGRG4_HUMAN,0.000260295665444173
t34257aep|P52K_HUMAN,0.0191688058502962
t37916aep|DEAH5_ARATH,0.0361611580327798
t37932aep|ZMYM1_HUMAN,0.0191688058502962
t37917aep|SUREJ_STRPU,0.0435892064147344
t37918aep|PK1L2_MOUSE,0.00582373500898219
t31769aep|HEM4_HUMAN,0.0769383078288714
t37902aep|TRAF4_HUMAN,0.159426020774467
t37855aep|THAP9_HUMAN,0.0281053289320923
t37329aep|GIN1_PONAB,0.0191688058502962
t31773aep|OST4_RAT,0.579622271273765
t32083aep|OPN4_BRABE,0.207072732900774
t32087aep|RPC9_BOVIN,0.0102785269923104
t34039aep|BAI1_MOUSE,0.0191688058502962
t36296aep|ECHM_RAT,0.0757078815925206
t31587aep|RL31_PONAB,0.21176442024122
t31596aep|HSP13_HUMAN,0.0152476851292218
t31589aep|COCH_CHICK,0.0191688058502962
t31595aep|ACBD6_RAT,0.0212280479048524
t37598aep|GRM3_MOUSE,0.0191688058502962
t37601aep|PROF_SUBDO,0.0208919479020327
t37596aep|YBOX1_XENLA,0.00909009392613808
t36826aep|LYAG_RAT,0.0381942215318354
t36625aep|SEC20_HUMAN,0.128940146643218
t36621aep|ENGB_ACIET,0.0381942215318354
t37203aep|PSMG1_BOVIN,0.0082594024147188
t37198aep|CFA54_HUMAN,0.0191688058502962
t37209aep|TRAF6_BOVIN,0.0329193297680905
t36697aep|SF3B5_HUMAN,0.0622932435466486
t32446aep|K0513_HUMAN,0.0387969051842925
t35324aep|5HT2B_HUMAN,0.0867303182654629
t35335aep|TM177_HUMAN,0.0636455395331306
t34857aep|U390_DANRE,0.1751842267184
t34853aep|FUT4_HUMAN,1.33958766261827
t34845aep|ALG13_RAT,0.0710971487562606
t33963aep|LIN54_DROME,0.0381942215318354
t36424aep|Y1101_SYNY3,0.328481867844707
t34911aep|HSP70_HYDVU,0.65288088469016
t35745aep|OARD1_MOUSE,0.684031412569011
t34584aep|SIL1_MOUSE,0.161920553727309
t34983aep|RTJK_DROME,0.0191688058502962
t36179aep|RL8_XENLA,0.280163281946494
t35278aep|NOP10_DANRE,0.335539176887134
t34113aep|SPCS1_DROME,0.587924052029166
t34069aep|ERIP6_HUMAN,0.0270825933257321
t34075aep|HYDIN_MOUSE,0.0932226065793277
t34585aep|F210B_HUMAN,0.125354088499108
t33681aep|PFD1_HUMAN,0.062147218383394
t34064aep|RS27L_BOVIN,0.0376994493413722
t32705aep|GEMI6_HUMAN,0.0251389008413886
t32699aep|OXSM_HUMAN,0.00180491263238973
t34824aep|PCR3_ARATH,0.00103621648527826
t34821aep|CTP5A_MOUSE,0.0944390002681869
t34642aep|ASNA_NEMVE,0.0574855138740718
t34640aep|ARF_MAIZE,0.158978703537686
t38004aep|TM242_DANRE,0.116386206632524
t35637aep|RNF11_MOUSE,0.00765386177650113
t33636aep|K1586_HUMAN,0.0191688058502962
t35749aep|AB22G_ARATH,0.0191688058502962
t34627aep|COXM1_BOVIN,0.0088486319328672
t34711aep|C5AR1_PONPY,0.0191688058502962
t34594aep|TARB1_HUMAN,0.122656549054358
t32680aep|RL29_MACFA,0.0295857446125581
t31561aep|F210B_MOUSE,0.0518617992510802
t31471aep|APOB_RAT,0.00565937097689201
t34616aep|PIF1_XENLA,0.00994775135222912
t34619aep|THAP9_HUMAN,0.0191688058502962
t36847aep|DYH3_HUMAN,0.0191688058502962
t31253aep|RL40_DROME,0.268918114427732
t38077aep|SFR1_HUMAN,0.0165780323616398
t38086aep|PIHD1_XENLA,0.0334982746135097
t38082aep|CD033_RAT,0.109392930240517
t38088aep|ROBO3_HUMAN,0.0354245784423845
t36450aep|DYH2_HUMAN,0.0191688058502962
t35167aep|PTPRQ_RAT,0.0191688058502962
t34282aep|CFA47_HUMAN,0.0191688058502962
t34292aep|HOP2_MOUSE,0.00273240995851512
t36821aep|SELM_HUMAN,0.0191688058502962
t33129aep|LSM1_HUMAN,0.0558272950318605
t31365aep|ASPH2_XENTR,0.0175287069888419
t37441aep|LTBP2_RAT,0.0191688058502962
t32133aep|SCOCB_DANRE,0.0766349682216745
t35712aep|TCB2_CAEBR,0.0191688058502962
t37825aep|TM14C_DANRE,0.18749107051756
t37833aep|CI116_SALSA,0.413255624959013
t36018aep|OPN4_RUTRU,0.0381942215318354
t36022aep|CISD1_RAT,0.109840328323102
t36020aep|ADCY9_MOUSE,0.0359067282329959
t36195aep|PYGO_DROME,0.307133658518765
t36278aep|KAD6_BOVIN,0.067084036217495
t35974aep|IF6_XENLA,0.0481796760422304
t31573aep|TMM9B_MOUSE,0.0488751877372926
t34879aep|DZIP1_DANRE,0.0191688058502962
t38351aep|DYH2_HUMAN,0.0570791773167572
t35427aep|GRM5_RAT,0.0191688058502962
t32947aep|FACE2_DROME,0.00451369009348781
t37108aep|DNAS1_HUMAN,0.0758265167971628
t34965aep|NDUB7_DICDI,0.0503068962498094
t34966aep|TI16A_XENLA,0.235712345464303
t34968aep|RM15_DANRE,0.0849984645868146
t34838aep|DYH7_HUMAN,0.0191688058502962
t34831aep|MTH2_DROYA,0.0376948391071725
t33826aep|HEL1_SCHPO,0.0191688058502962
t33911aep|RL36_IXOSC,0.29531173938878
t37499aep|CB047_HUMAN,0.00103919587192393
t32679aep|HSP70_HYDVU,0.189643111052797
t33138aep|COX5A_OTOCR,0.0381942215318354
t35933aep|GRM1_HUMAN,0.0191688058502962
t31379aep|S35A3_BOVIN,0.0608803135777385
t36298aep|CO061_HUMAN,0.0596517787480701
t36301aep|MCPI_MELCP,0.0578739659816044
t31672aep|BET1_MOUSE,0.0738693395586415
t34733aep|MCPI_MELCP,0.088256824709485
t37714aep|DLRB2_MOUSE,0.0191688058502962
t34780aep|Y1101_SYNY3,0.00833026943307169
t34781aep|SET1_YEAST,0.273396046622434
t31980aep|DPM1_CRIGR,1.07164178714549
t32862aep|T112B_ARATH,0.14814552634325
t36351aep|FKBP2_MOUSE,0.297968939741678
t36347aep|PRPK_HUMAN,0.0435925638793845
t33669aep|CIRBP_LITCT,0.0330328786904874
t33670aep|NADA_APLKU,0.0251727536055005
t36069aep|RS16_HETFO,0.2925143521672
t33829aep|MLP_ACRMI,1.0108932071592
t36068aep|PLD6_CHLRE,0.0119744048421041
t32801aep|RAB18_CHICK,0.0695886707268794
t34938aep|ITPA_NEMVE,0.163052453478412
t33567aep|RSLBB_DANRE,0.0318129412961258
t33561aep|B3GN4_MOUSE,0.0191688058502962
t34659aep|PNS1_ASPFU,0.0191688058502962
t34663aep|DYH10_HUMAN,0.0381942215318354
t38061aep|LGUL_MACFA,0.0732716214008197
t38050aep|FBXW9_BOVIN,0.00390944453485539
t38059aep|FOXN3_HUMAN,0.0175543755323443
t37512aep|FXRD2_HUMAN,0.0155065952780353
t37504aep|ANO39_PATPE,0.0250514961336494
t34888aep|LITAF_DANRE,0.0926799527291432
t34775aep|YJBQ_ECOLI,0.0396695838258715
t37240aep|CC113_HUMAN,0.0191688058502962
t36478aep|KLC4_RAT,0.0191688058502962
t38383aep|NUBP2_NEMVE,0.138406950897849
t38371aep|GLRX_RICCO,0.0500538549600265
t38376aep|FLOWR_DROVI,0.21073330198553
t38381aep|SSRB_CANLF,1.00300905841138
t38377aep|BAFB_XENLA,0.215579224743477
t35341aep|GALT2_DROME,0.0944734846634323
t34870aep|RDHE2_HUMAN,0.218309426076411
t32653aep|DRAM2_MOUSE,0.0191688058502962
t32650aep|RL17_PODCA,0.0425808240012011
t31894aep|GLRX2_BOVIN,0.0701786738173896
t31898aep|CP4V2_MOUSE,0.0191688058502962
t31891aep|DTD1_HUMAN,0.0183816298130046
t35442aep|ZNHI3_MOUSE,0.0302561306745673
t32393aep|RNP3_SCHPO,0.0227322254569588
t32384aep|Y2R2_DROME,0.0191688058502962
t33303aep|NAS15_CAEEL,0.0191688058502962
t31700aep|RT09_HUMAN,0.0207131508234439
t31704aep|C1GLT_DROME,0.253178327761807
t37839aep|ZFAN1_HUMAN,0.1167381905091
t37848aep|GHC2_RAT,0.0275351340493707
t37085aep|STK16_RAT,0.0110355942845338
t26086aep|ADRO_RAT,0.0284647267345878
t20402aep|ACT_ACHBI,0.00828055850173529
t5701aep|AXIN1_HUMAN,0.0217282711924091
t1155aep|FUCTA_DROME,0.0191688058502962
t1163aep|NOT2_XENLA,0.0191688058502962
t1171aep|TOB1_HUMAN,0.0514300712080905
t1172aep|STX17_HUMAN,0.00398711472740255
t1158aep|NLE1_HUMAN,0.0111170583548596
t15202aep|AP3B2_HUMAN,0.0558455273473287
t28618aep|LEXM_RAT,0.166100990953453
t28616aep|IGS10_MOUSE,0.0148685783176612
t10144aep|HS12A_HUMAN,0.0138133468434481
t10145aep|MCAT_MOUSE,0.0215185050578456
t10139aep|BAX_HUMAN,0.0317643543613891
t10138aep|WDR5_RAT,0.0409297668754303
t28852aep|FUCTC_DROME,0.0191688058502962
t28850aep|PRD12_HUMAN,0.0446995962386202
t28847aep|CC191_HUMAN,0.100284381631807
t28848aep|KAD5_BOVIN,0.417654191658034
t25932aep|SPX3_BOVIN,0.0315737107209598
t18735aep|FOXA2_ORYLA,0.768412544929624
t14512aep|TATD2_HUMAN,0.00405826185724565
t14505aep|GAS2_MOUSE,0.210301044404896
t28516aep|IQUB_RAT,0.146513667467615
t14522aep|SORT_RAT,0.0906722625257683
t28513aep|LAR_CAEEL,0.268569669584303
t25269aep|DDI2_DANRE,0.00210229181300257
t4095aep|PNCA_ECOLI,0.248377095173616
t25279aep|RDH11_HUMAN,0.0176720759082275
t4083aep|NHLC2_HUMAN,0.0522829566286845
t25273aep|PQLC1_BOVIN,0.00394075465952043
t24342aep|ADCK4_DANRE,0.124448251382284
t1839aep|PRC1_HUMAN,0.120766656787432
t24340aep|GCP60_RAT,0.465848202365985
t24338aep|CC138_MOUSE,0.00213914965728123
t1824aep|ADCK1_MOUSE,0.0380509973998644
t25924aep|GAPD1_XENLA,0.0124352348501158
t30494aep|NANO1_DANRE,0.151584034898716
t21695aep|CLPT1_HUMAN,0.159023895538154
t30495aep|GSLG1_CHICK,0.534303887115946
t30500aep|DCL3B_ORYSJ,0.0038627588274504
t30490aep|RGS13_HUMAN,0.307575861884192
t21702aep|RAEL1_PONAB,0.0507065735448989
t25923aep|TXD11_BOVIN,0.0404730212889145
t26441aep|CCR3_RAT,0.345100631289614
t7697aep|CCNA_HYDVD,0.0300602654328338
t7688aep|GATD1_DANRE,0.0816725854223733
t7698aep|MFNA_METPE,0.00668534426564649
t26438aep|IAAA_ECOLI,0.00304782911611786
t26440aep|RBP1_HUMAN,0.00935157545978718
t25306aep|COPE_PONAB,0.227772774465681
t25307aep|KCTD9_HUMAN,0.0191688058502962
t25309aep|HSFY1_HUMAN,0.0250287293744501
t27790aep|NDUAD_HUMAN,0.266633678864651
t14414aep|YIPF6_XENTR,0.0693517111185529
t14424aep|IMP2L_DANRE,0.0321464077362838
t28469aep|CASR_RAT,0.1312700430412
t28468aep|NMBR_MOUSE,0.00530864139915822
t14426aep|HECD3_MOUSE,0.044332813559417
t12908aep|DESI1_RAT,0.0601970565006399
t14413aep|CP17A_RANDY,0.0191688058502962
t27792aep|MLP_ACRMI,4.04599141618565
t18740aep|IF2P_HUMAN,0.280506900049576
t27873aep|TRPA1_CAEEL,0.0191688058502962
t13229aep|RN151_BOVIN,0.0555109938714197
t13227aep|FOXK1_MOUSE,0.0737504112010262
t27872aep|ANM1_XENTR,0.0579226238878163
t7550aep|PK1IP_DANRE,0.025278977462402
t26397aep|FBN1_MOUSE,0.0323675279805194
t26395aep|DYHC_TRIGR,0.0252694823939473
t26394aep|TMED7_HUMAN,0.883398096828079
t7555aep|TIC32_ARATH,0.0191688058502962
t29730aep|CHSTB_RAT,0.0192251413310692
t29717aep|RWA1_ARATH,0.0100921274150794
t19685aep|UBAC1_XENTR,0.107612018390593
t29715aep|CDK14_CALJA,0.0957463001147742
t19698aep|NRX1A_HUMAN,0.447550437809649
t29720aep|AD26A_MOUSE,0.012423721275581
t29729aep|OFD1_DANRE,0.0844246456695231
t29731aep|PGM2_PONAB,0.0121018096707871
t24866aep|HMCN2_HUMAN,0.0500687577248771
t3269aep|HCFC1_MESAU,0.0281235995661787
t3260aep|HSP7E_BOVIN,0.00654103400760981
t3271aep|IGS10_HUMAN,0.0383277155013157
t3257aep|MAX_HUMAN,0.0773750067698562
t24865aep|AGRB3_MOUSE,0.0165115197640484
t26170aep|POSTN_MOUSE,0.0191688058502962
t26161aep|YPD9_CAEEL,0.00640392189066753
t26158aep|VMO1_HUMAN,0.10526516350823
t6896aep|TF2H4_MOUSE,0.052064833465454
t6883aep|COX16_MOUSE,0.133342968854791
t25717aep|PRDX4_BOVIN,1.05982461492475
t25706aep|PRFA_POLPE,0.128575715379244
t25716aep|SMG7_MOUSE,0.0278805457492402
t5097aep|PARN_HUMAN,0.102493573896346
t25721aep|CA158_HUMAN,0.0502929562420457
t5084aep|WDR43_HUMAN,0.160760293029536
t21312aep|PSD11_RAT,0.0256038019130283
t30411aep|HIBN_XENLA,0.102970672058352
t21324aep|GC76C_DROME,0.00778575281285705
t12900aep|PIGU_RAT,0.0585401446747799
t17900aep|TSR1_XENLA,0.368679586473064
t7283aep|PCP_BOVIN,0.035838804482715
t7311aep|AATC_RAT,0.109148628437268
t7296aep|CO1A2_LITCT,0.722631495098252
t7310aep|COFI_GIBZE,0.0113057950283726
t7297aep|CO4A2_ASCSU,0.020869729736003
t7284aep|IF4H_BOVIN,0.175704342089481
t7287aep|ING3_MOUSE,0.162770258039776
t7282aep|HMMR_RAT,0.0290787280552901
t4550aep|CNIF3_ARATH,0.0308965874642484
t4520aep|SRPRA_DROME,1.00994434579111
t4526aep|COG6_RAT,0.0901920115336352
t4556aep|ARFG2_MOUSE,0.152023808354067
t4540aep|RS7_RAT,0.328557727179709
t4513aep|UROM_RAT,0.158955410782739
t4537aep|SIN3A_MOUSE,0.068755504126122
t4551aep|BOP1B_XENLA,0.206973658331714
t4541aep|CSP1_ARATH,0.105229630515747
t4525aep|RL18_DROME,0.32804739966019
t13964aep|SC16A_HUMAN,0.401447598916077
t28179aep|RM23_RAT,0.0389437504841862
t13940aep|RMD5A_MOUSE,0.0207026009195921
t13968aep|IF2A_HUMAN,0.115817497336225
t13955aep|KCNB2_RABIT,0.0191688058502962
t13951aep|EIF3B_MOUSE,0.170720126083484
t13977aep|LTBP2_HUMAN,0.0571728033741633
t13960aep|PIWL2_MOUSE,0.0351679358154777
t13965aep|TMM33_HUMAN,0.078107291029174
t13948aep|SC11C_MOUSE,0.6679018058936
t13982aep|SPG20_BOVIN,0.103476031632084
t13980aep|K132L_MOUSE,0.250408579916568
t13972aep|S35B1_MOUSE,0.19024372532609
t13958aep|Y1388_SYNY3,0.12969259393596
t13959aep|NELFE_MOUSE,0.131052123350716
t28187aep|SHPRH_MOUSE,0.0129514685706761
t13956aep|PIGT_HUMAN,0.0552494560523482
t18744aep|EF2K_HUMAN,0.105718500780422
t28571aep|S17A9_MOUSE,0.00720638147028803
t14948aep|DJC14_MOUSE,0.0758012858511506
t14962aep|MIP18_MOUSE,0.0163393952827114
t24174aep|FCF1_PONAB,0.065442158579827
t1197aep|SP17_RABIT,0.277281668698961
t24164aep|AGLU_SPIOL,0.0191688058502962
t1226aep|NC2B_RAT,0.0739817674710328
t1209aep|HIKES_DANRE,0.0924039460524217
t1200aep|ILVBL_DANRE,0.0374050148181954
t18829aep|HPCL1_SHEEP,0.0211244206266564
t1213aep|GDPD1_HUMAN,0.0562506997498216
t1208aep|AL9A1_HUMAN,0.0297481568293428
t1219aep|CCD96_MACFA,0.35162897741511
t18846aep|NEPRO_HUMAN,0.045836163588501
t23544aep|PRY1_YEAST,1.91729018666855
t23531aep|GPN1_BOVIN,0.154454236316817
t23523aep|CALM_DICDI,0.0303151768831681
t23526aep|SEC13_RAT,0.309809485569742
t23546aep|RNH2B_XENTR,0.0359351917790962
t31067aep|DPM3_BOVIN,1.76913435804708
t23543aep|DIRA1_HUMAN,1.39231644765442
t31065aep|CC50A_MOUSE,0.242571700328662
t23516aep|KAPCA_HUMAN,0.288103477592203
t23519aep|T2EB_XENLA,0.0300288189906587
t23534aep|PUS7_HUMAN,0.0346481192008309
t18834aep|NR1AA_DANRE,0.552602955028951
t10099aep|TM143_BOVIN,0.306733769208153
t10084aep|SGF29_HUMAN,0.143013061557882
t10102aep|CETN1_BOVIN,0.353225135350034
t10078aep|NFYB_CHICK,0.0481563175109416
t26965aep|KIF27_MOUSE,0.000450980130558684
t10100aep|SEN15_ASHGO,0.151158602729184
t18851aep|CDK20_DANRE,0.00600331369291063
t1878aep|MORC3_MOUSE,0.0270179172835966
t24349aep|RM38_BOVIN,0.116697775777858
t24360aep|RPB4_MOUSE,0.00454275267183554
t1902aep|CB5D1_DANRE,0.0733188661864739
t24346aep|TTC9C_MACFA,0.0636798486949508
t1884aep|PFD3_PONAB,0.132891037369518
t27345aep|TAD2B_PONAB,0.0235320639649823
t11075aep|PFKAM_HUMAN,0.027573974971079
t11069aep|ARP19_XENTR,0.0349467602364586
t11086aep|RRP12_CHICK,0.0850486165611075
t11073aep|RAB24_HUMAN,0.002618951047192
t18848aep|SYVN1_HUMAN,0.0556720192161827
t11081aep|SPAG6_MOUSE,0.159801682226617
t18843aep|SSA27_HUMAN,0.0173434522713065
t11055aep|LWA_HYDEC,0.19341133129605
t11074aep|SPP2B_MOUSE,0.0572020621234227
t11056aep|SBDS_CHICK,0.0186395118721594
t11077aep|FACD2_HUMAN,0.0829648932260618
t11063aep|G3ST3_MOUSE,0.0191688058502962
t3690aep|SYCC_MACFA,0.0808857291206044
t3648aep|SMCA5_MOUSE,0.171527355187217
t3676aep|TES_CHICK,0.616781686449219
t3677aep|RTF2_HUMAN,0.030682136276569
t3666aep|PNCB_DROME,0.00234196515011797
t3694aep|CND2_XENLA,0.0496409774628349
t3673aep|PSB7_RAT,0.0275944158120133
t3657aep|PDCD2_BOVIN,0.00648457533656238
t3678aep|SYIC_HUMAN,0.0198636890006035
t3699aep|TTC23_HUMAN,0.0393683201028798
t3664aep|IMP3_BOVIN,0.00261457912955191
t31aep|XPO2_XENLA,0.0344889085278463
t35aep|ARF6_CHICK,0.020097300168992
t27aep|CCD97_MOUSE,0.100538689129087
t22aep|T184A_HUMAN,0.0315767452737802
t1aep|NAS4_CAEEL,0.0381942215318354
t3aep|G3ST3_MOUSE,0.00289156181278898
t33aep|SCLY_BOVIN,0.0570743358858878
t23859aep|EGFL6_MOUSE,0.0191688058502962
t23855aep|RS8_THEAN,0.0200480072388357
t17aep|DNAK_RHILO,0.0191688058502962
t23853aep|FAT4_HUMAN,0.0673560292468618
t17588aep|LRC23_MOUSE,0.0607117859403494
t17575aep|ENDUB_DANRE,0.0365570316931495
t17563aep|NOB1_HUMAN,0.0138403654653239
t17610aep|S17B1_XENLA,0.0191688058502962
t17595aep|PUR8_CHICK,0.056228484391552
t17584aep|A16A1_RAT,0.0366196728510014
t17570aep|LRC40_CHICK,0.0867292758528669
t29181aep|UB2J1_HUMAN,0.427609129053854
t17581aep|TC1D2_HUMAN,0.536536007187072
t17590aep|NCAH_DROME,1.35776163698934
t17571aep|AMT1_CAEEL,0.00125968872155807
t17592aep|ENOPH_SALSA,0.0763526782779363
t20789aep|C1TC_HUMAN,0.00672780938489581
t30268aep|TM241_XENLA,0.0191688058502962
t30269aep|ZN511_DANRE,0.0487384598510201
t20787aep|SMIM7_IXOSC,0.022615927289027
t20791aep|TALDO_RAT,0.268719054329071
t30279aep|GORS2_HUMAN,0.156142746716699
t24799aep|MGT5B_HUMAN,0.113270805007966
t24800aep|KCP_XENLA,0.0386879538320384
t24801aep|RS26_ANOGA,0.362102705804404
t24798aep|NAA35_MACFA,0.798855826142825
t3206aep|PACN1_PONAB,0.134375595158951
t24792aep|UTP6_HUMAN,0.0990757466271255
t24789aep|GGA1_MOUSE,0.0766774640042116
t18746aep|SPEE_HUMAN,0.117906750250742
t27580aep|RPC3_HUMAN,0.0219731958286465
t27593aep|FGF20_RAT,0.0191688058502962
t27575aep|LS14B_XENTR,0.118701392488774
t12648aep|DUT_HUMAN,0.153217119519485
t27582aep|MED15_HUMAN,0.0656589567935475
t27581aep|AGRG4_MOUSE,0.366286646878338
t12108aep|STXB4_MOUSE,0.0908267958199841
t27987aep|ADGB_MOUSE,0.026032669211022
t13597aep|HSP74_RAT,0.235661762025283
t13599aep|YETS4_HUMAN,0.0477665828937135
t13608aep|JIP1_HUMAN,0.171713462203914
t13610aep|CHSTC_HUMAN,0.160096001732276
t27978aep|KDM1B_HUMAN,0.0885539012794467
t27730aep|SCYL2_HUMAN,0.00748762114797197
t16631aep|POMT1_DROME,0.437252463838163
t16628aep|CBPD_LOPSP,0.0191688058502962
t16613aep|FXR1A_XENLA,0.0591122505284684
t28913aep|KLC4_HUMAN,0.0191688058502962
t12671aep|RM44_PONAB,0.0183849556109571
t16622aep|NDUS1_BOVIN,0.154707126728139
t13338aep|TRA2B_RAT,0.0113245444735867
t27920aep|TITIN_HUMAN,0.0149882014353251
t27921aep|GLUCL_DROME,0.0094257230159144
t13326aep|KLF13_HUMAN,0.00127363792348685
t26400aep|CONT_DROME,0.0381942215318354
t26418aep|MCEE_BOVIN,0.0432720538518569
t12672aep|TYSY_MOUSE,0.0325733455662337
t26415aep|ATS7_RAT,0.0191688058502962
t12646aep|WDR53_MOUSE,0.011032726881424
t26412aep|ODF3A_XENLA,0.407213033774774
t26404aep|OPA1_CHICK,0.159128088445728
t12007aep|ERN2_MOUSE,0.0269803600924108
t12686aep|UBX1A_XENLA,0.0467314440554616
t27742aep|ATP5L_MOUSE,0.0512164237483785
t27739aep|RPGR_MOUSE,0.15836018319277
t27741aep|HGNAT_HUMAN,0.0303151768831681
t12004aep|ICA69_HUMAN,0.163726964052778
t29696aep|MKKS_MOUSE,0.0568483329214239
t19649aep|ULK3_XENLA,0.0198120439627479
t3968aep|NDF4_HUMAN,2.20198408929231
t25233aep|ACSS3_PONAB,0.0250484176691959
t25228aep|SMBP2_HUMAN,0.00688486591131138
t25235aep|CHAC2_DANRE,1.01470538774089
t25232aep|KI18A_HUMAN,0.0118551399045635
t3974aep|ELAV2_XENTR,0.0239854582549042
t25226aep|KIBRA_XENTR,0.0819565617529194
t12030aep|CLN3_CANLF,0.0156265821779854
t18753aep|GPX5_PIG,0.0191688058502962
t7416aep|RGL1_DANRE,0.0644717159309789
t7404aep|APC10_MOUSE,0.0150034253575252
t26356aep|NR1BA_DANRE,8.31810784810563e-05
t26358aep|TERT_RAT,0.0332123660501274
t26354aep|RBNS5_MOUSE,0.049148577142635
t7419aep|MAF1_MOUSE,0.000135934967935237
t18768aep|ACADV_BOVIN,0.160753412071016
t21174aep|RM03_MOUSE,0.0633422058401183
t30335aep|PPOX_HUMAN,0.0355062113155161
t30331aep|FBN1_BOVIN,0.00494165368089152
t21171aep|RL12_RAT,0.311524701604677
t12003aep|EI2BA_PONAB,0.0831750779564677
t12013aep|DYRK2_MOUSE,0.269715770916387
t24316aep|MRC2_MOUSE,0.0191688058502962
t24332aep|SUI1_SALBA,0.00890582758628976
t24333aep|H6ST2_CHICK,0.0338827746179613
t25015aep|FBF1_CHICK,0.0643483700610684
t25018aep|NOXA_DICDI,0.304669754165043
t25004aep|TR1L1_XENLA,0.617183933530474
t25019aep|GA2L1_MOUSE,0.153982256438332
t25014aep|KLF5_MOUSE,0.00560569879506781
t3537aep|ALDR_HUMAN,0.545416581825188
t18627aep|RS5_PODCA,0.182092942778788
t29417aep|OGA_RAT,0.0404836786139552
t18623aep|PRAF1_HUMAN,0.00921687815896226
t18628aep|RWDD4_HUMAN,0.0936518089324368
t11997aep|CC167_XENTR,0.062314794928471
t29426aep|TTC25_DANRE,0.264773768907026
t26613aep|DAB_DROME,0.187026375632625
t8376aep|CHID1_XENTR,0.166811520940525
t8371aep|HAUS3_HUMAN,0.0155902062146718
t26598aep|KMCP1_MOUSE,0.0195491905180445
t26615aep|ADRB2_MOUSE,0.0191688058502962
t26606aep|PEX3_BOVIN,0.0161275748821179
t8387aep|PGM1_HUMAN,0.0436735719050383
t8394aep|SSNA1_MOUSE,0.172926751416289
t11998aep|ZN330_DROME,0.104271830957864
t7359aep|FKBP7_PONAB,4.44339593074135
t26322aep|ZIFL1_ARATH,0.0492580787222601
t2504aep|LOL2B_DANRE,0.063293348996655
t1509aep|FOXI2_XENTR,0.0191688058502962
t24222aep|CCD34_HUMAN,0.446614443125537
t2532aep|DNAL1_BOVIN,0.284111022449488
t24217aep|CCD63_BOVIN,0.266205555481961
t25837aep|DLGP5_MOUSE,0.106953971687765
t25827aep|DNAJ_EHRCR,0.00805717764419256
t25826aep|UGDH_MOUSE,0.517480638811024
t5462aep|CCKAR_CAVPO,0.208944496561557
t25833aep|CC113_HUMAN,0.131841841204217
t2507aep|DYH8_MOUSE,0.0570791773167572
t25840aep|PGTB2_RAT,0.0165950265538041
t25821aep|TEX9_MOUSE,0.209752619617417
t25828aep|TCPZ_MOUSE,0.249418568642792
t29942aep|VAMP4_BOVIN,0.00315241472839787
t29936aep|TBD2B_MOUSE,0.0167375117175545
t20372aep|TT30A_XENTR,0.0458830563047766
t29932aep|MRP1_HUMAN,0.0191688058502962
t20380aep|XPF_HUMAN,0.0045855931108008
t2519aep|SPY_ARATH,0.0191688058502962
t20374aep|TIMP3_XENLA,0.105530058570842
t29114aep|NPC2_MAGO7,0.0995533850555332
t29126aep|SRS11_HUMAN,0.0073326762354701
t17359aep|NAT9_NEMVE,0.00126664345900891
t29110aep|HS2ST_XENLA,0.0475943964922455
t2525aep|ANR10_HUMAN,0.0492580787222601
t10991aep|COCA1_HUMAN,1.24866256601635
t24572aep|TF2AA_DROME,0.0674142855622943
t27319aep|PIFO_MOUSE,0.460382583582123
t27318aep|RET_RAT,0.043070972643042
t2529aep|TM177_DANRE,0.0243436453195391
t24565aep|SNX13_MOUSE,0.0934660226848166
t27316aep|HYUA_PSESN,0.077115008815882
t27323aep|CRYAB_BOVIN,0.162361149324381
t10320aep|GID4_MOUSE,0.127383015987116
t10334aep|HYOU1_DANRE,0.540551504455447
t2536aep|NOG2_MOUSE,0.118260101485031
t24569aep|PDE4D_MOUSE,0.0191688058502962
t27134aep|KI16B_HUMAN,0.323697418826038
t2508aep|MTR1A_MOUSE,0.0191688058502962
t31107aep|GALT2_HUMAN,0.126215304100055
t31104aep|TSN9_HUMAN,0.014133204554297
t23600aep|RL30_SPOFR,0.22370728179931
t4624aep|ECH1_MOUSE,0.0322149170286337
t25457aep|DYH1_RAT,0.0101417292706654
t25458aep|DYH2_MOUSE,0.0784818626981622
t25456aep|PDZD2_RAT,0.122029561918437
t25466aep|M21D2_MOUSE,0.0191688058502962
t25464aep|TM175_CHICK,0.0191688058502962
t18769aep|GANAB_HUMAN,0.0653832301006875
t29024aep|RL19_RAT,0.205600820362782
t17012aep|ICMT_XENLA,0.0548869281074984
t17010aep|RL3_DROME,0.30416978465747
t2502aep|THOC7_DANRE,0.0464994347828009
t17024aep|RIOK1_HUMAN,0.0567887627264207
t29033aep|FUT10_CANLF,0.00664285453577866
t17027aep|MRRP3_MOUSE,0.0607158441520396
t22897aep|T2FB_XENLA,0.135665057861487
t22895aep|HSDL2_XENTR,0.0227823505931881
t30868aep|DZIP1_DANRE,0.0874274850394502
t18876aep|NSE4A_BOVIN,0.032273351514419
t30881aep|DAPK2_MOUSE,0.070396097194807
t30879aep|PGBD3_HUMAN,0.0329450059340853
t22885aep|AP1S2_HUMAN,0.111643249654868
t30872aep|GTPBA_BOVIN,0.0387070237087587
t27148aep|ADRB2_TSCTR,0.914463166676229
t27163aep|K1841_MOUSE,0.00275181183171758
t27157aep|FANCM_HUMAN,0.045783567722359
t27158aep|FANCM_HUMAN,0.0476187057593504
t10417aep|ARL2_HUMAN,0.0190824001405244
t18895aep|CC186_PONAB,0.0406010208864378
t27165aep|AIDA_DANRE,0.0299833870288419
t10418aep|QPCTL_BOVIN,0.205853380541353
t27152aep|DUS12_HUMAN,0.0412435779029398
t22543aep|MSB1A_DANRE,0.00239775298471773
t30736aep|RNOY_CRAGI,0.0958190457046809
t22550aep|TCB1_CAEBR,0.0191688058502962
t30750aep|SIBD2_CUPSA,0.0387056648039384
t4445aep|CDT1_XENLA,0.0661045155751
t4431aep|ACMSD_RAT,0.0223024391919254
t25396aep|NKX26_HUMAN,0.0191688058502962
t4447aep|SRPRB_HUMAN,0.32190650746054
t25397aep|MED24_CHICK,0.0453797584812663
t18888aep|TFP8L_DROPS,0.0807116069510111
t25403aep|SOX14_XENTR,0.0191688058502962
t25389aep|PTPR2_HUMAN,0.0802273159382621
t18857aep|PRY1_YEAST,0.793930434824358
t28780aep|MLP_ACRMI,0.765831907591587
t28796aep|M21D2_HUMAN,0.113419729713706
t18883aep|RING2_PONAB,0.0189172676304024
t18893aep|ENPL_BOVIN,0.982933225091093
t28798aep|CH60_CHICK,0.0870552097627563
t28791aep|PUR2_CHICK,0.000304491993039429
t16100aep|TM39A_MOUSE,0.00312541768896894
t28784aep|POC5_XENLA,0.0956334498282557
t16099aep|PDDC1_XENLA,0.0233544396105242
t18863aep|PLD3_BOVIN,0.0263783446452889
t29662aep|DOPR4_CAEEL,0.0944390002681869
t18884aep|CHPT1_DANRE,0.0592320680296897
t16989aep|AEN_RAT,0.136297827665718
t29006aep|Y381_RICFE,0.228428389055279
t29000aep|SPX3_XENLA,0.00416854931130316
t16978aep|ZC3HA_HUMAN,0.0665898402398621
t18887aep|MYG1_BOVIN,0.0717684152324573
t29003aep|EAA2_RAT,0.0119322836650601
t28999aep|MARH2_XENLA,0.0381942215318354
t31092aep|ARV1_BOVIN,0.0325356702182578
t31088aep|ZMY11_MOUSE,0.0302244862590934
t23549aep|UXS1_XENTR,0.075195225221072
t18866aep|FA45A_DANRE,0.00248291159080543
t28493aep|CH074_BOVIN,0.125846822461654
t28504aep|RWA3_ARATH,0.166976652980548
t30847aep|FKBP4_SPOFR,0.00594293375148607
t22836aep|TDCB_STAAW,0.0824320795327532
t30863aep|FBX4_BOVIN,0.0230140620825499
t22829aep|RET_MOUSE,0.0191688058502962
t30851aep|NFAT5_MOUSE,0.0539133447760395
t30862aep|COIL_XENLA,0.0316018044022556
t24455aep|SEPR_MOUSE,0.0868444369293003
t24448aep|ANO4_BOVIN,0.176270415693211
t2218aep|ACOX3_ARATH,0.0941052974478209
t24441aep|ATAD5_HUMAN,0.00864061560763139
t24451aep|ST65G_MOUSE,5.57601911246323e-07
t2223aep|G3ST3_MOUSE,0.0191688058502962
t27109aep|HIRP3_MOUSE,0.0921651511202374
t27834aep|ATPO_DROME,0.0135792569174036
t27824aep|INX3_DROME,0.361828009365969
t27825aep|CE162_DANRE,0.0913288753707984
t16586aep|NFYC_PONAB,0.0313672054150659
t27833aep|CL056_HUMAN,0.0903785944140031
t28897aep|YD115_PLAF7,0.24775455713604
t27836aep|DESI2_DANRE,0.0917844247369226
t16582aep|BAP31_PONAB,0.0267792791288918
t27822aep|SNF8_MOUSE,0.110428241461679
t29574aep|FBX22_MOUSE,0.0420004842954974
t16593aep|ENDUB_DANRE,1.00167039823995
t29571aep|STAN_DROME,0.0191688058502962
t28900aep|AT7L3_DANRE,0.0141396276562507
t16578aep|EMC2_DANRE,0.091539082354261
t19221aep|NEIL1_HUMAN,0.0384154760932217
t19215aep|RTN4_HUMAN,0.144165351632653
t11794aep|PARP3_HUMAN,0.0047314387952331
t27533aep|CLCC1_RAT,0.329293635522989
t11810aep|TRIP4_MOUSE,0.0253727276990199
t27525aep|MUC5B_CHICK,2.41897117306079
t27530aep|HYDMA_HYDVU,0.821157959125373
t11797aep|ENKUR_HUMAN,0.169535330172315
t11798aep|DPOE2_MOUSE,0.00197129187658016
t2201aep|ELP6_DANRE,0.178521786752387
t24430aep|HPRT_CHICK,0.233731662488853
t2196aep|PROSC_PONAB,0.0554159399502457
t28896aep|CO6A5_MOUSE,0.0191688058502962
t21857aep|ERMP1_RAT,0.000168462974438516
t28891aep|PDIA5_BOVIN,0.342307889564173
t30618aep|RPC7L_BOVIN,0.0864250345829162
t30621aep|F179B_MOUSE,0.0468623290681281
t30617aep|STYX_MOUSE,0.0172261645969182
t21847aep|CBWD2_HUMAN,0.0448988033183412
t25329aep|GP157_HUMAN,0.0191688058502962
t4295aep|KDM1A_MOUSE,0.0249849345684956
t4312aep|ILKAP_BOVIN,0.0247905908962155
t28893aep|SYT5_RAT,0.00997804959378417
t4316aep|DHTK1_PONAB,0.0132923177130115
t4306aep|M3K3_HUMAN,0.00340353213308046
t4319aep|K1586_HUMAN,0.0191688058502962
t27882aep|OPN3_HUMAN,0.303972006391665
t13247aep|GGT1_HUMAN,1.37704942843926
t13241aep|CNTP3_HUMAN,0.0191688058502962
t13244aep|S6A19_PONAB,0.000956747395986649
t26857aep|FLOWR_DROME,0.0324166940786652
t26873aep|ZSC31_HUMAN,0.119330251121235
t16585aep|GLYC_SHEEP,0.213421656248805
t9694aep|NUFP1_RAT,0.112186161999824
t26872aep|B4GN4_HUMAN,0.0191688058502962
t26858aep|ALKB7_MOUSE,0.0195765014935036
t26864aep|MITD1_RAT,0.0169040982873223
t9685aep|R113A_HUMAN,0.0317261729219608
t28898aep|FA63A_BOVIN,0.149064355926093
t25384aep|TYW5_DANRE,0.00370308636747489
t9184aep|REXO1_YEAST,0.066937568877963
t25372aep|MYBPP_MOUSE,0.0835936467766646
t25373aep|P5CS_PONAB,0.018632468851824
t25374aep|F221A_XENLA,0.0387165041500704
t25375aep|MF13A_CHICK,0.149132707625161
t25382aep|LIN9_HUMAN,0.0366459635976443
t4424aep|T106A_HUMAN,0.0189728576200673
t5302aep|TRDMT_RAT,0.00336795481116852
t25790aep|B4GN3_MOUSE,0.0444616219131213
t25797aep|FBP1_STRPU,0.0258933285730964
t25792aep|NKAPL_HUMAN,0.163652585996139
t29409aep|M21D2_MOUSE,0.0763064109031692
t14360aep|TSEAR_MOUSE,0.744692439791649
t28449aep|FRM4A_HUMAN,0.113138072912942
t14359aep|KT5AA_DANRE,0.241269416666416
t14347aep|GCR1_ARATH,0.0248678609777918
t28448aep|PRRT1_MOUSE,0.121104303914411
t28436aep|CALM_METSE,0.1312700430412
t27547aep|ANK3_RAT,0.0381942215318354
t27549aep|DRC1_XENLA,0.162666935775486
t27536aep|GCC2_HUMAN,0.105599009801073
t27537aep|S36A4_XENLA,0.0124788069557949
t11848aep|UBQL1_HUMAN,0.0363897819763031
t27542aep|S17A5_HUMAN,0.00324725696125726
t27554aep|WDR35_RAT,0.154398915224663
t11846aep|RL13_DANRE,0.302695759646307
t27556aep|ZN474_BOVIN,0.398052662350004
t11845aep|DRS7B_MOUSE,0.311147061450778
t11852aep|E2AK3_HUMAN,0.0417684673535903
t27543aep|SMC2_XENLA,0.226915391065281
t27539aep|LOXH1_MOUSE,0.107208326456736
t11826aep|PANG1_DROME,0.274260071662944
t24577aep|CI117_XENTR,0.159671885243626
t2544aep|XPO6_HUMAN,0.00850762763606978
t2565aep|MSS4_MOUSE,0.0188932991040542
t2538aep|ANR44_MOUSE,0.0161440605214048
t2558aep|PSN1_DANRE,0.0472940906899381
t9189aep|SPRE_BOVIN,0.123430220298546
t2585aep|WNK1_RAT,0.0565735282775155
t2548aep|TPC2_DANRE,0.0709483420061877
t24580aep|CA2D4_MOUSE,0.0659813671226396
t2553aep|FPGT_MOUSE,0.062812357006744
t24584aep|NPDC1_HUMAN,0.146392608902032
t9183aep|MD2L1_MOUSE,0.0321480703699973
t24585aep|EZH2_MACFA,0.221625612284369
t18751aep|CLPP_MOUSE,0.0706033533445514
t24883aep|S18B1_HUMAN,0.0155346014482846
t24876aep|HBS1L_PONAB,0.00132684382483011
t3282aep|NFKB2_XENLA,0.0182907752564589
t3276aep|TFP11_XENTR,0.0842124220892015
t3286aep|STK4_SQUAC,0.0989842602232316
t3287aep|HPSE_BOVIN,0.0381942215318354
t9177aep|FA98A_RAT,0.112834997235514
t3303aep|NOP9_CLAL4,0.0360686753290158
t24877aep|TES_AOTNA,0.21145929975871
t3297aep|MMP27_HUMAN,0.00584244529625216
t3302aep|CDK8_DANRE,0.00312065729732352
t3289aep|UBXN4_RAT,0.0657464632512527
t24873aep|TALD3_CHICK,0.0120905630322297
t3278aep|CNO10_CHICK,0.0416531598456776
t24885aep|TUT7_MOUSE,0.0148465969751512
t15147aep|SRF_CHICK,0.0822680690076663
t15140aep|KCNF1_HUMAN,0.00533746261877433
t28605aep|ENTP1_HUMAN,0.203359924014308
t15148aep|SAV1_MOUSE,0.0658563949399383
t15172aep|PRS4_DROME,0.0191688058502962
t15164aep|BBS2_HUMAN,0.0531747914273421
t15142aep|VPS29_MOUSE,0.0073532834276575
t28611aep|SELN_DANRE,0.0230836775387849
t28606aep|PIF1_DANRE,0.443629876282233
t15168aep|LAR_DROME,0.00136193149260283
t15169aep|NOC3L_CRIGR,0.204961051469031
t15139aep|B3GA3_MOUSE,0.0129172957637019
t15151aep|SON_MOUSE,0.00602121720479511
t26771aep|CATL_SARPE,0.0130160733084524
t28147aep|SBNO1_CHICK,0.0191688058502962
t13807aep|PDI21_ARATH,0.318704087915986
t13820aep|BASS4_ORYSJ,0.00611741969715196
t28150aep|MPP8_HUMAN,0.00691123368794565
t28163aep|ICK_HUMAN,0.0850841810689104
t13822aep|MEIG1_XENLA,0.0505823243398582
t28157aep|PHYD1_DANRE,0.0163204002242754
t28158aep|UNC79_MOUSE,0.00629974120122469
t2732aep|PSF1_BOVIN,0.123131506393835
t2742aep|ZDH17_HUMAN,0.0576938574976052
t2754aep|SYCE2_MOUSE,0.0492580787222601
t24627aep|CAC1A_RAT,0.0191688058502962
t2755aep|RH47_ARATH,0.0128055317261643
t2757aep|SPO11_MOUSE,0.0256682702173181
t24636aep|SMRC2_HUMAN,0.11011383256641
t24621aep|IF4B_MOUSE,0.323749283592535
t2738aep|BYST_NEMVE,0.00958826132224767
t24623aep|LOX5_MESAU,0.0115158986160422
t2770aep|PIBF1_HUMAN,0.0276431050779227
t2752aep|CP17A_RANDY,0.00530864139915822
t29625aep|ZO1_CANLF,0.0665017245528692
t29640aep|MTAP_XENTR,0.136846571782016
t19465aep|TM230_CHICK,0.0930415320019125
t19473aep|SAAL1_HUMAN,0.0491971761469845
t29636aep|ASAH1_MOUSE,0.0191688058502962
t19480aep|GP180_XENLA,0.0260144137663756
t19482aep|NUP53_DANRE,0.0766595722606625
t29631aep|PSA_MOUSE,0.0764214140915741
t29639aep|MADD_DROME,0.00795494441087125
t30845aep|GOLI4_MOUSE,0.40596532983492
t6331aep|CR3L3_HUMAN,0.0335338589117049
t22823aep|CNDP2_HUMAN,0.0799854290361954
t30832aep|GAPR1_HUMAN,0.0191688058502962
t22796aep|IMP4_RAT,0.136163765450961
t6334aep|ZNT10_MOUSE,0.00171627455019674
t17342aep|MYLK_BOVIN,0.00261556443382855
t17344aep|RPB1_MOUSE,0.234474015010909
t17350aep|COG5_HUMAN,0.140568420142161
t17330aep|MET22_MOUSE,0.0126785403836461
t17315aep|NTCP7_DANRE,0.0317554578479333
t17314aep|FRITZ_XENLA,0.0547941343181162
t17321aep|ATTY_MOUSE,0.0205565521555246
t17313aep|FKRP_MOUSE,0.0136652179225244
t17320aep|PHF10_HUMAN,0.100494727678994
t26050aep|RAI14_MOUSE,0.0191688058502962
t17341aep|G3ST3_MOUSE,0.179408106114423
t17326aep|PCAT2_MOUSE,0.0127508813678702
t17318aep|MACF1_RAT,0.377497649886879
t17310aep|KAD8_HUMAN,0.174031262282746
t17325aep|FHL2_HUMAN,1.16180571660551
t17929aep|RNPS1_PONAB,0.1162306552728
t17945aep|PACRG_MOUSE,0.24221089152921
t29257aep|UBC_RAT,0.396629869460052
t17915aep|POLH_HUMAN,0.030531200544954
t29245aep|APLF_HUMAN,0.00555369161540403
t29240aep|NDK7_MOUSE,0.62417081462882
t17931aep|STK11_CHICK,0.072623260426908
t17951aep|SFXN1_HUMAN,0.116961632545222
t17958aep|KFA_MOUSE,0.179363999503591
t17956aep|FUCTA_DROME,0.00247251395590951
t31040aep|ACH10_HUMAN,0.0244862906965565
t23439aep|LTAA_AERJA,0.0360455728804973
t23446aep|SAMH1_HUMAN,0.15277302281899
t23447aep|INCE_MOUSE,0.0441231217934883
t23450aep|SAP18_DROME,0.0225971425203762
t23442aep|RAB38_HUMAN,0.130105832762961
t23451aep|RABE1_MOUSE,0.0866444708363056
t31037aep|KY_MOUSE,0.0179250516327421
t23452aep|STX5_RAT,0.853793393649095
t31035aep|TTLL1_BOVIN,0.0381942215318354
t27006aep|TDRD1_HUMAN,0.181536166178037
t27012aep|SIPL2_ARATH,0.0191688058502962
t10195aep|CFA53_HUMAN,0.882188989268842
t10197aep|COCA1_CHICK,0.0381942215318354
t27013aep|LC7L2_MOUSE,0.130462837210025
t10222aep|MYS_ARGIR,0.0209539041736757
t10200aep|NLTP_BOVIN,0.0113347281305701
t27009aep|BAG3_MOUSE,0.117088563062367
t10193aep|ABCAD_MOUSE,0.0127311701181557
t10208aep|DRG2_HUMAN,0.0843510941512703
t10694aep|WDR3_HUMAN,0.0813564567312675
t27229aep|DRAM2_RAT,0.0121838986118872
t10714aep|KSR2_MOUSE,2.90671842383092
t27233aep|NECP1_HUMAN,0.0289357426579482
t10708aep|CR3L1_MOUSE,1.08603746017981
t27224aep|CC151_MOUSE,0.0303151768831681
t27225aep|TC1A_CAEEL,0.0191688058502962
t27227aep|PPSB_BACSU,2.46329301964475e-05
t30044aep|PPWD1_HUMAN,0.050947206818298
t20611aep|DPOA2_RAT,0.0719033027839395
t20598aep|FGFR1_HUMAN,0.0466640400849948
t20594aep|RN180_MOUSE,0.0361141704859937
t20599aep|MAFK_CHICK,0.0145774451759883
t30059aep|LMIP_BOVIN,0.0191688058502962
t30054aep|ZNFX1_HUMAN,0.0285893783091708
t20613aep|GCP4_MOUSE,0.0111423936837997
t30046aep|USO1_MOUSE,0.169901617135722
t20612aep|SEN2_MOUSE,0.00359447098281843
t3812aep|ARFG1_HUMAN,0.0750740918687347
t3813aep|PCR3_ARATH,1.6206853385475
t25097aep|GPHR_SALSA,0.0328224552106669
t3825aep|GRM3_RAT,0.0944390002681869
t3826aep|LSM5_PONAB,0.0575861358540675
t25085aep|COCA1_CHICK,0.0018633738381108
t3809aep|PRFA_POLPE,0.145785292297809
t3838aep|CF161_HUMAN,0.390864950054064
t3819aep|PCY2_HUMAN,0.0494002288717135
t3815aep|AIFM1_RAT,0.139603650256631
t3822aep|HOIL1_DANRE,0.0432538184940945
t3817aep|ERLEC_MOUSE,0.414174458995553
t25087aep|LMBL3_MOUSE,0.0544723425785405
t18812aep|KI11B_XENLA,0.0413120846087027
t29448aep|ACOT1_HUMAN,0.0191688058502962
t18810aep|NAS4_CAEEL,0.010947524603533
t18808aep|NSD2_MOUSE,0.632112524619659
t18800aep|SYVC_TAKRU,0.111144655242187
t18802aep|IRF2_HUMAN,0.0364979517648375
t16959aep|CDC20_MOUSE,0.125674074798582
t29479aep|OST48_PONAB,0.669853105697071
t29488aep|IF172_HUMAN,0.0191688058502962
t18819aep|THEM4_HUMAN,0.104133627280951
t18820aep|NAS4_CAEEL,0.0161821444191236
t29477aep|FA5_MOUSE,0.0570791773167572
t27669aep|CPNE8_HUMAN,0.00299406780120333
t27665aep|PGBD4_HUMAN,0.0191688058502962
t27666aep|ULK2_HUMAN,0.0173428141309257
t12380aep|CSK21_HUMAN,0.0291698255887661
t12397aep|B9D2_XENLA,0.0166908230180289
t27670aep|DYSF_HUMAN,0.385868680184507
t27673aep|CAPA_BACAN,0.138231268270205
t12378aep|CFA54_HUMAN,0.0191688058502962
t27684aep|CCD65_BOVIN,0.287974639889182
t27663aep|XPO5_HUMAN,0.0434327773643753
t21205aep|NADA_APLCA,0.0191688058502962
t16963aep|HARB1_DANRE,0.0191688058502962
t30361aep|SCFD1_RAT,0.182824389769901
t30362aep|KCNC1_MOUSE,0.0489086119217346
t30373aep|P20L1_HUMAN,0.0774213968548667
t30364aep|RPGF6_HUMAN,0.0574525549208357
t26205aep|CHSTB_MOUSE,0.0191688058502962
t7024aep|VWKA_DICDI,0.0191688058502962
t30975aep|RPA2_HUMAN,0.018483898226705
t30971aep|NUCL1_ORYSJ,0.580212109337306
t30983aep|NEB1_HUMAN,0.0207337607184095
t30988aep|CFA43_HUMAN,0.111875594794998
t23324aep|GOSR1_BOVIN,0.0370051891198205
t30982aep|AQR_HUMAN,0.00380040781979628
t30964aep|AGTR1_BOVIN,0.0115632844030125
t23334aep|CNTN2_CHICK,0.0790596164032391
t30970aep|CHI3_CANAL,0.0532363765511275
t30973aep|UB2E3_MOUSE,0.218541033742897
t18012aep|ADA2B_DANRE,0.637541123553419
t23911aep|EXOS1_HUMAN,0.00355324486841468
t184aep|MPDZ_HUMAN,0.0389269747522668
t16961aep|COMD9_HUMAN,0.0425354992065108
t23900aep|ATAT_BOVIN,0.0329973647407092
t16966aep|DX39B_RAT,0.13395447715902
t203aep|FKB12_DROME,0.00994775135222912
t7799aep|PRP18_DANRE,0.111167458129416
t7790aep|YJBQ_ECOLI,0.0191688058502962
t26473aep|NDST3_HUMAN,0.00744760889227415
t7798aep|GDF8_DANRE,0.0137264280260035
t7785aep|PPR3B_DANRE,0.00646499960000071
t26458aep|PRC2C_MOUSE,0.0629802772980867
t24466aep|WDR60_MOUSE,0.0271830454888553
t24462aep|RTBS_DROME,0.0191688058502962
t16953aep|SMUF2_DANRE,0.0935037283716662
t2250aep|FKB62_ARATH,0.0532596950703598
t24479aep|SRR1L_HUMAN,0.00314318779645467
t24468aep|TRAF4_HUMAN,0.0136724204756181
t25357aep|ARI3A_XENLA,0.0191688058502962
t25348aep|DVL3_XENTR,0.0552545972260313
t25350aep|NF2L1_CHICK,0.446153288076148
t26291aep|RC3H1_HUMAN,0.290110567618371
t26301aep|SHLB1_CHICK,0.0460490380620523
t26307aep|CAC1A_APIME,0.0191688058502962
t26289aep|PAR1_RAT,0.1312700430412
t26306aep|OTOF_HUMAN,0.0381942215318354
t3389aep|ASPC1_HUMAN,8.83124970652013e-05
t24959aep|F184A_HUMAN,0.0356851772981286
t3392aep|DUS10_BOVIN,0.25754687573125
t24945aep|CNNM2_RAT,0.0196682602748868
t24942aep|RSAD1_DANRE,0.0424244976279324
t3391aep|XRCC2_HUMAN,0.0283760858016247
t3390aep|PRLD1_CHICK,0.0310596971693359
t3394aep|PGFS_DANRE,0.0377239079465041
t24966aep|MROH1_HUMAN,0.00915137429380872
t23376aep|COMA_CONMA,4.69434660171148
t23347aep|F122A_CHICK,0.0573138255577372
t23363aep|RM55_DROME,0.265011436364329
t23364aep|DYI2_HELCR,0.0476190709680252
t30993aep|SC5A8_HUMAN,1.09907669321776
t30990aep|EMSY_DANRE,0.0692284732673676
t31012aep|XPO4_XENLA,0.0110397364362355
t30998aep|WDR76_XENLA,0.000306273686573298
t23351aep|STRUM_XENTR,0.0591396889799803
t23357aep|TIP_HUMAN,0.0156419740739575
t22711aep|NEMF_HUMAN,0.10476056196934
t30804aep|EFL1_HUMAN,0.037377133526079
t30826aep|OXIR_STRAT,0.0570791773167572
t22715aep|SYNG1_RAT,0.0447717552934578
t30802aep|BLML4_DICDI,0.283495596714691
t23078aep|EPHA7_CHICK,0.254186446139329
t30909aep|K1109_HUMAN,0.0304550504978315
t30920aep|ITAV_CHICK,0.0132993966123314
t23083aep|GP126_DANRE,0.012580090653124
t30924aep|DDX1_CHICK,0.0718028016291081
t30926aep|AKA10_MOUSE,0.0287251250166536
t30915aep|INVS_CHICK,0.0356028414635799
t30925aep|PELP1_XENLA,0.105032092643155
t30922aep|NIPBL_HUMAN,0.0143934417366359
t1568aep|BCAT1_SHEEP,0.384277034188855
t24246aep|TRPA1_HUMAN,0.0648714341093928
t24261aep|CASP3_SAIBB,0.00881177558611179
t24259aep|ATS7_RAT,0.0188855416510738
t24258aep|PUM2_HUMAN,0.169141102479186
t24243aep|MRP7_HUMAN,0.00829804504369415
t24238aep|MCCB_MOUSE,0.0666958665881709
t1563aep|YJ2B_SCHPO,0.0191688058502962
t5155aep|IMA6_DANRE,0.00736883076270695
t25744aep|BTBD7_HUMAN,0.854537518488235
t25737aep|THAP2_MOUSE,0.0250466328863344
t25751aep|PKD1_MOUSE,0.10526516350823
t5162aep|SDS3_MOUSE,0.015735178398724
t25750aep|ANKL2_MOUSE,0.0252529107401138
t25738aep|H2AL_STRPU,0.0683794685402972
t25739aep|H2AL_STRPU,0.0245828635412547
t5157aep|ADCY9_HUMAN,0.585920071486766
t5159aep|ACATN_HUMAN,0.0825725031323448
t5164aep|HTAI2_HUMAN,0.176562403360839
t19812aep|REQU_MOUSE,0.0213157631016459
t19808aep|CHCH1_MOUSE,0.136954136371079
t29828aep|TSSK5_MOUSE,0.0191688058502962
t29841aep|DOP1_HUMAN,0.00141902980720346
t29827aep|YQOA_CAEEL,0.045674160335343
t29840aep|MYCPP_HUMAN,0.0238586237493501
t19818aep|EPHA8_RAT,0.0718879358377462
t19816aep|LICH_MACFA,0.0476138545028515
t29815aep|NARFL_RAT,0.0201556235692087
t29821aep|TIGD6_HUMAN,0.0191688058502962
t19821aep|LIPG_RAT,0.0768894953389019
t29149aep|LZTR1_MOUSE,0.0353543938474166
t29134aep|AP2M1_CHICK,0.0215869206023235
t29135aep|RHG18_MOUSE,0.257105007133431
t29128aep|DDX54_HUMAN,0.0184660625223089
t17387aep|B3GT6_MOUSE,0.0368804717715714
t12577aep|GFI1B_CHICK,0.0191688058502962
t27268aep|ZC21A_DANRE,0.23234245174218
t27250aep|KAT2B_HUMAN,0.00541684697229831
t27255aep|RINT1_MOUSE,0.0318296622738058
t27254aep|PCDP1_HUMAN,0.00645172035221862
t10752aep|AT2B3_HUMAN,0.36672616571786
t10756aep|EI2BG_MACFA,0.015390865175635
t27252aep|SMYD4_MOUSE,0.00312065729732352
t27256aep|DYH10_HUMAN,0.0191688058502962
t27243aep|DYI3_HELCR,0.0696339168791319
t3237aep|BPL1_YEAST,0.00576962118838654
t24828aep|ENPP4_XENLA,2.42534393500836
t2595aep|ALG9_HUMAN,0.0530960655567911
t24850aep|TC3A_CAEEL,0.0758265167971628
t3241aep|ANO7_MOUSE,0.108419583830797
t24829aep|RPB2_HUMAN,0.0494779456422393
t24813aep|GTD2A_HUMAN,0.0191688058502962
t2612aep|PCY1B_RAT,0.402346337870271
t18010aep|SLD1_HELAN,0.0733358143740412
t4685aep|TEKT2_RAT,0.888897905584138
t25558aep|ESPL1_MOUSE,0.0822931679960744
t25536aep|TC1A_CAEEL,0.0372649962864946
t25552aep|LRP6_MOUSE,0.0677468441409129
t25529aep|KANK1_HUMAN,0.103624501833991
t25551aep|TTC28_MOUSE,2.5226917843188e-05
t3357aep|GEMI7_MOUSE,0.0358576926296125
t24912aep|ANAG_HUMAN,0.0232032586838894
t24908aep|TCB1_CAEBR,0.0191688058502962
t24889aep|TCB2_CAEBR,0.0381942215318354
t3351aep|ARAT1_THELN,0.0369262678590393
t24914aep|SERIC_NEMVE,0.0128300303232076
t24887aep|TIAM2_MOUSE,0.136588982928709
t3346aep|IP3KB_RAT,0.145453616824644
t24902aep|GGT1_PIG,0.0114571831890772
t25489aep|CO1A2_RAT,0.0785325822521351
t2592aep|BICD2_MOUSE,0.0743323009520753
t4677aep|F183A_BOVIN,0.197444907904644
t25508aep|DSCAM_CHICK,0.107554619662083
t4659aep|K0556_MOUSE,0.207440163070861
t25493aep|CCD15_HUMAN,0.56044420806862
t25496aep|AOSL_PLEHO,0.377472795607601
t25501aep|CEL3B_MOUSE,0.41650372112311
t4675aep|DAPP1_HUMAN,0.0079537556147488
t29983aep|H2B1_TIGCA,0.0832965541276324
t30012aep|LRRK2_MOUSE,0.063961638258828
t30025aep|TT39C_MOUSE,0.0061571873101566
t30032aep|ST38L_HUMAN,0.0469800434556998
t20557aep|PIGL_HUMAN,0.00145882459930958
t29982aep|TXND5_MOUSE,0.132185821394804
t29980aep|RBP2_MOUSE,0.0184128764514115
t29991aep|LTBP1_HUMAN,0.0191688058502962
t30029aep|RGAP1_HUMAN,0.0753320208230992
t30030aep|ELP2_DANRE,0.0424055739639131
t20565aep|TSEAR_MOUSE,0.0381942215318354
t29981aep|CAD96_DROME,0.0263653715986285
t29986aep|CRYAB_BOVIN,0.682792797696787
t25879aep|NOP2_HUMAN,0.0516155276076592
t25902aep|AL14E_MOUSE,0.00742184283763049
t25875aep|PALA_EMENI,0.0191688058502962
t25867aep|INT1_MOUSE,0.0305751282381529
t5571aep|RS21_DROYA,0.0219169774943285
t25871aep|KMT5A_MOUSE,0.0191688058502962
t25872aep|KT5AA_DANRE,0.0191688058502962
t5567aep|SPAT6_HUMAN,0.0731736198543631
t26572aep|KCA10_CHICK,0.0145438546063129
t8290aep|SDF2_MOUSE,0.337435160838921
t8282aep|KIF23_HUMAN,0.0564859386890692
t26571aep|OTOF_HUMAN,0.0209452164441698
t8320aep|TICN2_HUMAN,0.0691747003181958
t8311aep|OFUT2_MOUSE,0.0841882245575456
t8302aep|AHSA1_MOUSE,0.229715358381912
t26558aep|RSGI5_CLOTH,0.0191688058502962
t26581aep|TC1A_CAEEL,0.0191688058502962
t8310aep|SY63_DIPOM,0.0325101492371797
t26561aep|ZMYM1_HUMAN,0.0191688058502962
t8313aep|AQP9_HUMAN,0.0191688058502962
t8289aep|PCFT_XENLA,0.088920798094267
t26567aep|SDK1_CHICK,0.0359304277943289
t8306aep|CF165_MOUSE,0.0381942215318354
t18032aep|CLUA1_MOUSE,0.143438884567779
t28290aep|PGBD4_HUMAN,0.0191688058502962
t14265aep|BD1L1_MOUSE,0.0740655209250147
t14229aep|TFDP1_BOVIN,0.00105862679930181
t14239aep|YPT1_PHYIN,0.0172951055474278
t28257aep|DAPK2_HUMAN,0.0852993538281971
t14245aep|RPA1_MOUSE,0.11183803805967
t14241aep|SMD3_XENLA,0.0573018570352826
t14225aep|S2536_DANRE,0.0407970679654605
t14236aep|NOP16_TETNG,0.0206582541197869
t28246aep|DNJ21_ARATH,0.0191688058502962
t14232aep|BAX_RAT,0.0874017692169051
t28277aep|H10A_XENLA,0.325222750024447
t28278aep|H10A_XENLA,0.369019078453026
t14235aep|EXD2_HUMAN,0.0569069282824121
t28293aep|HFM1_HUMAN,0.0191688058502962
t28256aep|PPM1D_MOUSE,0.289832746273706
t2593aep|YQEM_BACSU,0.0191688058502962
t2588aep|CRLS1_DROME,0.0369361849312048
t28264aep|CDC16_HUMAN,0.00121314154298883
t28292aep|CABC2_BACT4,0.00887421030905963
t14262aep|H2AO_CHITH,0.000677206434027137
t14237aep|CAR11_ARATH,0.105345768025948
t14264aep|DRKD_DICDI,0.135368041202034
t14233aep|DAD1_ARAVE,0.676012742918227
t19720aep|FOXP1_XENLA,0.112807500331885
t19741aep|NUP58_HUMAN,0.304509241298531
t19757aep|5NTC_PONAB,0.256128681676112
t2610aep|SPY2_BOVIN,0.59916236174312
t19726aep|WBP4_CHICK,0.0202413192014536
t19723aep|AMZ2_RAT,0.00310641085355106
t19754aep|EHD2_ARATH,0.375903804534177
t19737aep|DNJC8_HUMAN,0.0109886258802493
t19740aep|ASSY_DANRE,0.000556927744891209
t29781aep|PIP1_DROME,0.0375606895674865
t29797aep|ZBED1_HUMAN,0.0191688058502962
t19755aep|TBC31_XENTR,0.0502170934414902
t29766aep|POL2_DROME,0.0114168588034787
t2880aep|TM9S1_MOUSE,0.0531727679415867
t24739aep|ZMYM1_HUMAN,0.0147688546777032
t2837aep|LOXH1_HUMAN,0.0258699537627478
t24708aep|POL_SRV2,0.0101634981709348
t24709aep|HELLS_HUMAN,0.0454066069381572
t24687aep|TRY3_SALSA,1.04817274138691
t2855aep|HCDH_RAT,0.0861432541240358
t2603aep|IQCG_HUMAN,0.716943990073091
t24691aep|UACA_MOUSE,0.30310743124978
t2876aep|DYH8_HUMAN,0.0191688058502962
t2602aep|UBXN6_MOUSE,0.0202727711885344
t24688aep|RNFT2_HUMAN,0.04193764102897
t24702aep|GTD2A_HUMAN,0.0191688058502962
t24729aep|NEB1_RAT,0.0250864701491752
t24724aep|MOR2A_MOUSE,0.0290478132005253
t31204aep|PTPRD_MOUSE,0.0103527281467588
t31200aep|AT133_MOUSE,0.0215456125185085
t31203aep|ABCA3_HUMAN,0.0207579768624961
t23796aep|SYT14_HUMAN,0.0191688058502962
t23776aep|LSM10_MOUSE,0.00598539695275047
t23787aep|RPC5_MOUSE,0.0322210658228462
t23786aep|T2AG_PAROL,0.0121609750488952
t23756aep|MUML1_MOUSE,0.0179048725671456
t23780aep|PAR16_RAT,0.00675573735032699
t31156aep|LRP4_RAT,0.0871931260219362
t31140aep|GRN_RAT,0.00525897000830643
t31194aep|GPR98_DANRE,0.00937771423596762
t21818aep|DJC22_XENTR,0.0191688058502962
t21821aep|TMED7_HUMAN,0.575497219442896
t30599aep|NOTC1_DANRE,0.0127599358218002
t30595aep|PK1L2_HUMAN,0.000199725649529937
t21826aep|RM32_DROME,0.161544174464356
t21809aep|ASPG_DIRIM,0.0910202433311452
t21814aep|DERL1_ARATH,0.0191688058502962
t30562aep|PTPRF_DANRE,0.253928967220757
t21810aep|NDF1_HUMAN,2.18267059084432
t30565aep|ZMYM1_HUMAN,0.0474743340940928
t21822aep|NAS6_CAEEL,0.0124490188767659
t30580aep|YRD6_CAEEL,0.0137264280260035
t20710aep|MBIP1_HUMAN,0.0308222187637066
t30134aep|RFX4_HUMAN,0.965379053462389
t20686aep|M17L2_XENTR,0.00927013572403153
t30090aep|KCNB1_PIG,0.0191688058502962
t20709aep|ZIC4_MOUSE,0.012580090653124
t20719aep|PIN1_RHIO9,0.0417758916948562
t30140aep|YRD6_CAEEL,0.028971092130428
t20702aep|EXOS7_HUMAN,0.0381502968340469
t30139aep|PELET_DROME,0.0275603249153811
t25694aep|AL14E_RAT,0.0381942215318354
t5071aep|RS10_SPOFR,0.116446853384983
t25654aep|RRBP1_MOUSE,0.179640450731958
t25696aep|CDO1_DANRE,0.00584244529625216
t5062aep|KTNB1_MOUSE,0.004391653108426
t25683aep|Y165_RICPR,0.188072807175996
t5075aep|NPC2_DANRE,0.00856982738852227
t25669aep|PGBD2_HUMAN,0.0231939649928427
t25680aep|PROP_HUMAN,0.0480521007371267
t5068aep|APX1_HYDVD,0.0267835606117106
t25651aep|POL4_DROME,0.00398864640101049
t25648aep|RTJK_DROME,0.0381942215318354
t5055aep|S35B3_MOUSE,0.134162200389968
t25677aep|RTJK_DROME,0.0255482805863103
t25672aep|NCAN_PANTR,0.0191688058502962
t25635aep|TC1A_CAEEL,0.00304782911611786
t5076aep|PDE8B_HUMAN,0.148179929278647
t5043aep|XYLT_DROPS,0.016539622657463
t5048aep|PDIA1_RABIT,1.83287877149509
t3932aep|JANA_DROSI,0.092154417699229
t3943aep|PCNT_MOUSE,0.0236416243618812
t25172aep|SAMD3_MOUSE,0.000599053141685662
t3951aep|SYHC_MOUSE,0.146270503369181
t25206aep|POL_MLVRK,0.0191688058502962
t3935aep|NUP37_MOUSE,0.00922538380555622
t3945aep|GBRAP_RAT,0.0234468529716468
t25134aep|RTJK_DROFU,0.0376994493413722
t3941aep|MOB2_HUMAN,0.0126951726068889
t3924aep|MLTK_HUMAN,0.0782682420788822
t3954aep|MIRO1_DANRE,0.0118384356727476
t3926aep|ASB8_MOUSE,0.0148465969751512
t3957aep|IF2H_RAT,0.0569024864864524
t25186aep|HARB1_RAT,0.0100680969165993
t25214aep|FAT4_MOUSE,0.0444055650735708
t25138aep|FLT3_HUMAN,0.0191688058502962
t25171aep|PELET_DROME,0.0214129976709631
t13756aep|KRAC_DICDI,0.0165800157562601
t13770aep|NO66_CHICK,0.00786810744504784
t13776aep|EPHX4_HUMAN,0.0429655217464973
t28132aep|THAP9_HUMAN,0.0191688058502962
t28133aep|THAP6_HUMAN,0.0191688058502962
t28134aep|THAP6_HUMAN,0.0191688058502962
t28092aep|THA11_BOVIN,0.0978530645309125
t28116aep|ZIFL1_ARATH,0.00368668232591103
t13773aep|EI24_HUMAN,0.00191873463709503
t19910aep|ABD18_MOUSE,0.0573861691726828
t28059aep|ADAT3_DANRE,0.0191688058502962
t28076aep|SCND3_HUMAN,0.0191688058502962
t13762aep|STK31_MOUSE,0.116726108356114
t13751aep|OPCM_PANTR,0.00533384699720432
t28111aep|PK1L2_MOUSE,0.012869592326997
t13766aep|GLTP_PANTR,0.450664696840976
t28099aep|GIN1_BOVIN,0.0380748857196351
t13755aep|FAIM1_RAT,0.0560119762074373
t13744aep|SC24C_HUMAN,0.360534778556338
t13752aep|MGT5B_HUMAN,0.0108254391108843
t23956aep|SHL_ARATH,0.09662364156948
t462aep|NDK_CHICK,0.273018704258687
t460aep|RSPH9_DANRE,0.150175199290214
t455aep|PM34_HUMAN,0.0296781141727043
t457aep|ADHE_CLOAB,0.0199846303749417
t436aep|YPEL1_HUMAN,0.116069506949601
t23961aep|ZSWM3_MOUSE,0.00478577353486628
t23971aep|AL14E_BOVIN,0.0229329040042453
t24004aep|TCB2_CAEBR,0.123669364895224
t24014aep|Y2R2_DROME,0.0191688058502962
t464aep|FA76A_CHICK,0.0474661314048804
t24018aep|CP4AL_PIG,0.027792601068125
t23954aep|PKHL1_MOUSE,0.000708672856304826
t444aep|SNX8_HUMAN,0.0283936109215798
t439aep|URM1_CAPHI,0.0775344974833464
t20768aep|BRAC_CANLF,0.675422698543132
t20763aep|PYR1_SQUAC,0.159427874628558
t30241aep|RTJK_DROME,0.0570050237047369
t20775aep|ST7_NEMVE,0.02631090442584
t20771aep|YIPF1_RAT,0.150675891227806
t20779aep|FGF1_PIG,0.0191688058502962
t20774aep|BSDC1_XENTR,0.0479123908043812
t30219aep|EGTB_MYCT3,0.0077342162832499
t20757aep|GPN2_DANRE,0.0434649430679462
t28403aep|ZMYM1_HUMAN,0.0191688058502962
t28319aep|TC3A_CAEEL,0.0191688058502962
t28394aep|THAP7_HUMAN,0.0118980123993793
t14309aep|CALUB_SALSA,0.768237764160546
t14327aep|ESF1_MOUSE,0.0764253040578598
t28378aep|RTBS_DROME,0.118204582708428
t28313aep|ZMYM1_HUMAN,0.0381942215318354
t28353aep|LORF2_MOUSE,0.00923272954082875
t14298aep|IGFBP_CUPSA,0.022578660549954
t14308aep|DHYS_RAT,0.115492565226992
t14316aep|OX2R_MOUSE,0.733617910325759
t28315aep|THAP9_HUMAN,0.0187916344632015
t28426aep|CARTF_BOVIN,0.0191688058502962
t28424aep|PELET_DROME,0.00576962118838654
t27034aep|ZMYM5_MACFA,0.0381942215318354
t27014aep|TTC28_MOUSE,0.311521197204213
t27033aep|SACS_HUMAN,0.132036593308922
t19913aep|CYAC3_RAT,0.00173464374485043
t10259aep|DNJB3_MOUSE,0.00261194024518895
t10253aep|POXA_DICDI,0.00389742435837076
t10268aep|SMC4_XENLA,0.206239603002342
t27019aep|ZBED1_HUMAN,0.0148685783176612
t10247aep|ADA17_DROME,0.0135782129800482
t10241aep|TSAP1_HUMAN,0.196596955531571
t10262aep|CTR2_HUMAN,0.149487717360639
t10232aep|GAPR1_HUMAN,0.0141046942171455
t10258aep|NAS15_CAEEL,0.00226732687110334
t19372aep|TF3C6_MOUSE,0.0927320082788903
t19353aep|MPPD1_HUMAN,0.124778662940057
t19358aep|Y1327_ARATH,0.0191688058502962
t29611aep|MA1A2_MOUSE,0.119567728831618
t19370aep|MACD2_XENLA,0.0374957551045935
t18090aep|BBS5_MOUSE,0.0511220892406461
t18086aep|MMGT1_HUMAN,0.0897976082576635
t18095aep|MYC_TADBR,0.0124788069557949
t18083aep|STABP_HUMAN,0.0376810010467639
t1762aep|TSR3_HUMAN,0.100090920950079
t1780aep|PRD13_MOUSE,0.221373157020359
t1759aep|DDX49_HUMAN,0.111474644262518
t48aep|XBP1_MOUSE,0.0844554071314876
t1777aep|ANO4_MOUSE,0.0191688058502962
t47aep|ALG11_MOUSE,0.0521179077710996
t335aep|FA58A_XENLA,0.0787065232026487
t29276aep|RS8_SPOFR,0.322406148815736
t19618aep|ABHD6_BOVIN,0.964780135824273
t29686aep|NFS1_DROME,0.0159262715954269
t19633aep|RSP14_MOUSE,0.0850116585157584
t19631aep|DAAA_BACLI,0.00994660746626906
t709aep|NTAN1_PIG,0.00602121720479511
t10056aep|EFHB_HUMAN,0.0381942215318354
t10070aep|ELOV2_MOUSE,0.00101660328580558
t10067aep|SNX11_MOUSE,0.102562277683393
t18017aep|FSCN1_HUMAN,0.782522156799543
t3845aep|MARH1_HUMAN,0.334436317991403
t57aep|HEM2_MACFA,0.0166065734098061
t22271aep|CFA97_XENTR,0.0471517142159003
t22268aep|PTPS_DROME,0.0310663138469487
t2387aep|CK5P3_RAT,0.374964620633118
t24512aep|U520_MOUSE,0.0400181314769539
t2390aep|SYCP3_BOVIN,0.0217452095659997
t2373aep|MKNK1_MOUSE,0.0327717982460291
t13485aep|NPHP3_HUMAN,0.00600331369291063
t13476aep|LBP_MOUSE,0.0191688058502962
t13500aep|GNA1_DROME,0.183010551457885
t13499aep|GP126_HUMAN,0.00611741969715196
t13481aep|POL3_DROME,0.0191688058502962
t27953aep|RAB3D_RAT,0.0116817857666249
t13480aep|EVA1C_PANTR,0.0221520732687665
t20124aep|CP100_MACFA,0.414846226140748
t20139aep|S23A2_XENTR,0.0458850067374509
t1722aep|SYAC_HUMAN,0.16474011630983
t29908aep|ADA1A_RABIT,0.0570791773167572
t20120aep|AP4M1_RAT,0.0466613736079931
t20126aep|THRB_MOUSE,0.151190179934746
t29906aep|VPS54_DROME,0.014244556008753
t4993aep|ITPK1_CHICK,0.499498083415491
t25615aep|CHI3_CANAL,0.0517804571742913
t4987aep|FGFR3_HUMAN,0.0115991557573748
t4981aep|DFFB_HUMAN,0.119274276039384
t27990aep|CFA47_HUMAN,0.0191688058502962
t13627aep|QORX_HUMAN,0.0992539449699615
t13628aep|IF122_XENTR,0.0786025726640402
t1710aep|FR1OP_HUMAN,0.036651226462645
t13619aep|NCAH_DROME,0.0465889787664286
t13623aep|FUCO_HUMAN,0.000189729068321836
t1724aep|RIOK2_MOUSE,0.131628507776958
t2491aep|Z780B_HUMAN,0.0644831711861655
t24559aep|FIS1_HUMAN,0.44738315896143
t1716aep|SUMO1_DANRE,0.0692683603881453
t24547aep|CALM5_ARATH,0.00908322405740655
t22254aep|VEGFA_BITGA,0.717562586172027
t4604aep|NPC2_DROME,0.0191688058502962
t5014aep|HMGX7_CHICK,0.0570791773167572
t5017aep|POP5_BOVIN,0.0219133285956563
t5007aep|RL4_PRUAR,0.0191688058502962
t25625aep|DDC_RAT,0.0191688058502962
t5019aep|AIMP1_CRIGR,0.00347194821282162
t15917aep|DCE2_PIG,0.0095639626276316
t15931aep|ECE1_MOUSE,0.00737693508469961
t15909aep|CHK2_MOUSE,0.0195407348753181
t15930aep|SLIT_DROME,0.0119372629787848
t28750aep|RT10_DANRE,0.044620710912413
t15914aep|TMM65_HUMAN,0.0742465752895506
t15934aep|AT2L1_HUMAN,0.246490011916179
t28749aep|MGT4C_CHICK,0.512093399561626
t1101aep|IFT74_MOUSE,0.221851639310668
t24130aep|ZCHC2_HUMAN,0.0577399642698938
t1100aep|RGPS2_MACFA,0.0882571682080668
t1098aep|NAS15_CAEEL,0.0435997321073638
t1086aep|QOR_PONAB,0.121181730835669
t20261aep|DCAF5_MOUSE,0.00894282021092638
t20245aep|HOXX_BRADU,0.0191688058502962
t20279aep|SEC62_PONAB,0.0294540086884871
t20269aep|DELE_HUMAN,0.0100122410961057
t20247aep|RFA1_HUMAN,0.089065633356323
t20264aep|MOGS_MOUSE,0.143027359374957
t20248aep|CEP85_HUMAN,0.0100320866157135
t20281aep|BI1_PAROL,0.00145528416678124
t20262aep|MRC2_HUMAN,4.0568385540147
t20260aep|SURF1_XENTR,0.0413764989713926
t19899aep|PZRN3_HUMAN,0.0461574393931921
t19886aep|YJBM_BACSU,0.0288562376644471
t19890aep|RLA2_CRYST,0.307947062372628
t16249aep|CTU1_DANRE,0.0387680415469958
t18181aep|RL24_DROME,0.353550918281061
t18197aep|RNMT_MYCLE,0.0191688058502962
t18182aep|DEFM_HUMAN,0.178954438681587
t28816aep|GWL_AILME,0.037771461771122
t16230aep|HCE1_ORYLA,0.0365964691924298
t18183aep|HPS4_HUMAN,0.00427649841772033
t18185aep|MED20_XENLA,0.0383674802026454
t17420aep|ZBBX_HUMAN,0.138033820623918
t19512aep|F174_XENLA,0.0845972490506419
t19511aep|LRP4_MOUSE,0.0373373330398884
t19538aep|MTSSL_HUMAN,0.0729286205433553
t19520aep|TM147_DANRE,0.123615433717744
t17825aep|CE57L_XENLA,0.097425764286821
t17847aep|TDG_MOUSE,0.0109131495066194
t17838aep|NCOR1_HUMAN,0.0469882138636261
t17828aep|AMPE_RAT,0.00390944453485539
t17830aep|ZN598_DANRE,0.263850856624815
t17849aep|CAC1H_MOUSE,0.204798638921756
t17827aep|THUM3_MOUSE,0.0158255882849423
t17809aep|CD022_XENLA,0.102760393549216
t19029aep|MINP1_RAT,0.0647202509416384
t27388aep|PK1L3_HUMAN,0.0191688058502962
t29541aep|EVG1_MOUSE,0.13447306953383
t19026aep|UHRF1_XENTR,0.0017049402064813
t19027aep|LRC34_MOUSE,0.0107244732689813
t3610aep|CEL3B_MOUSE,0.303972006391665
t3617aep|HES2_RAT,0.0652887100457084
t24049aep|RNF37_HUMAN,0.00513383124312401
t566aep|SC22A_MOUSE,0.0129906457327589
t561aep|GBRB1_RAT,0.0191688058502962
t1143aep|UBP22_DANRE,0.099591601574839
t1140aep|NECA_HYDVU,0.0269953654858861
t13175aep|THEG_MOUSE,0.0338939939992008
t13171aep|TAF7_CRIGR,0.00816643014168996
t19857aep|NEK9_XENLA,0.101473640121969
t29852aep|NDUV2_BOVIN,0.0441832872640685
t17885aep|UB10B_XENLA,0.00332774594936686
t17871aep|SYFB_MOUSE,0.129722502950637
t17877aep|ZN341_HUMAN,0.0717053950315763
t17869aep|TLR2_BOSTR,0.0744258254202004
t17883aep|NIF3L_DROME,0.0325174745729118
t17888aep|CO4A2_ASCSU,0.260614997355351
t17889aep|CO4A2_ASCSU,0.0191356059800879
t17894aep|SPDLA_XENLA,0.040381541417733
t19057aep|ACM4_MOUSE,0.0191688058502962
t19059aep|NUPL2_DANRE,0.0187484184389594
t19040aep|RANG_HUMAN,0.146468200147789
t19042aep|IQCK_HUMAN,0.0716366058529275
t19035aep|RHES_HUMAN,0.087656888869701
t19051aep|MDHM_PONAB,0.287739776411482
t19045aep|TSN13_MOUSE,0.00670548210912123
t19037aep|ARSB_MOUSE,0.0103197849129938
t10027aep|HAT1_HUMAN,0.110937058339309
t10032aep|KCNA1_MOUSE,0.1312700430412
t10044aep|NRF6_CAEEL,0.0149054153195638
t10035aep|CALM_TRYCR,0.0394822132070271
t10030aep|DMD_RAT,0.464030761892395
t10037aep|PDC10_XENLA,0.116718702509713
t21249aep|SYG_MOUSE,0.111164842272629
t21253aep|SHQ1_XENTR,0.0162509296206755
t21273aep|SURF6_DROME,0.18395581583006
t21262aep|KAD_SCHMA,0.0378925909307715
t21266aep|AGTR2_MOUSE,0.051440873329087
t30940aep|PABP_ASPNC,0.356504291729618
t23209aep|A1CF_PONAB,0.728862938644382
t23203aep|RL23A_RAT,0.291179503401157
t23213aep|LAP4_DROME,0.197243075024706
t23190aep|SPEF1_XENLA,0.129820809167792
t23226aep|PCID2_HUMAN,0.106765892427337
t8607aep|SYT15_HUMAN,0.0482301563794551
t8606aep|PARK7_BOVIN,0.201672284716716
t8630aep|SPN1_RAT,0.00736883076270695
t8618aep|CAH5B_MOUSE,0.0191688058502962
t8628aep|CSN1_HUMAN,0.0387840791835637
t6259aep|CDK5_XENLA,0.0301148352715966
t30711aep|CCD57_HUMAN,0.0139821501875066
t6443aep|SERIC_NEMVE,0.066425214647464
t6461aep|NPHP3_HUMAN,0.0129995159985903
t6464aep|SMG1_MOUSE,0.0235430809692639
t6442aep|CISY2_AEDAE,0.17050311560083
t6457aep|UTP23_HUMAN,0.286803827392054
t6441aep|CASQ2_CHICK,0.657223991190352
t11677aep|PTPRD_MOUSE,0.0238266094658134
t22349aep|PNBA_BACSU,0.0115977568089847
t11687aep|SPB1_HUMAN,0.0527500912466305
t11682aep|MDR1_HUMAN,0.0297979529255227
t18029aep|LMNB2_CHICK,0.0191688058502962
t22326aep|ACT17_DICDI,0.00597461613849532
t9440aep|GDF8_CAPIB,0.0161956321397289
t9453aep|SYAP1_MOUSE,0.280263461967326
t22348aep|P2C64_ORYSJ,0.0191688058502962
t9473aep|WDHD1_MOUSE,0.0303443283530364
t9474aep|WDHD1_XENLA,0.00795006430876218
t9463aep|RBBP9_HUMAN,0.0132191943203375
t22338aep|YR571_MIMIV,0.166252446788033
t9447aep|SUP9_CAEEL,0.175212719795241
t9470aep|HEAT1_MACFA,0.0319402235589382
t9462aep|ADIPA_XENLA,0.164460468021339
t22328aep|VIPB_SALTI,0.00833026943307169
t23283aep|YL803_MIMIV,0.00496004257336471
t23311aep|LMOD3_DANRE,0.33875938223596
t23314aep|EXOG_XENLA,0.0343993726320536
t23306aep|PI42A_MOUSE,0.408267412373079
t18579aep|CCNB_HYDVU,0.158947566572825
t18583aep|ELOA1_RAT,0.239144437210054
t18593aep|MTHR_MOUSE,0.0526904324652361
t18564aep|PCS3_LOTJA,0.0291574651419253
t18586aep|SECA3_MAGMM,0.0191688058502962
t18568aep|ZG57_XENLA,0.0238266094658134
t18573aep|COQ6_DANRE,0.093832388616891
t18588aep|HSP70_ACHKL,0.0191688058502962
t18594aep|DGKH_HUMAN,0.0134142970060711
t21159aep|DYXC1_GORGO,0.0407693906797491
t21132aep|ZN577_HUMAN,0.0812914116226859
t16786aep|NOLC1_RAT,0.133813999603977
t21136aep|PIEZ2_HUMAN,0.0936414556478406
t21128aep|ESRP1_RAT,1.03284663011127
t16766aep|YMEL1_HUMAN,0.262792363478002
t21142aep|MELK_XENLA,0.162409715355046
t21150aep|SYFAB_XENLA,0.0595509171482239
t5524aep|TIM10_XENTR,0.0645711159498203
t5510aep|SETX_HUMAN,0.015728413305311
t5528aep|SX21B_DANRE,0.690869742816403
t5535aep|ADRB2_MOUSE,0.0191688058502962
t16776aep|SYLC_HUMAN,0.393202214119944
t5533aep|RAB3I_HUMAN,0.0114478495159315
t5530aep|SRSF6_RAT,0.00770001450654692
t5521aep|F151B_HUMAN,0.128353489789189
t17131aep|PLPP6_MOUSE,0.0381100971159911
t17108aep|ATP5S_MOUSE,0.0650851047926754
t16791aep|DIP2C_HUMAN,0.420364190891965
t17111aep|TBE_MOUSE,0.0570791773167572
t17113aep|KLH28_HUMAN,0.0221883360990963
t8911aep|ATS10_HUMAN,0.0825342283191418
t8891aep|INX3_DROME,0.0191688058502962
t8898aep|CASP8_RAT,0.00123389670231572
t8890aep|SAS10_RAT,0.134862212519162
t22286aep|GARL3_HUMAN,0.000116056481003436
t22300aep|ADRB2_CAVPO,0.0381942215318354
t22315aep|SBSPO_HUMAN,0.214878383411788
t22287aep|ERP60_SCHMA,0.028225465724277
t22295aep|KLHL2_HUMAN,0.0191688058502962
t22304aep|TTK_MACFA,0.0718176426745507
t6060aep|RTXE_DROME,0.0191688058502962
t6071aep|GOGA5_XENLA,0.225649938666323
t16778aep|DNJB4_PONAB,0.797683943344409
t16758aep|FZD4_HUMAN,0.118790443377574
t26814aep|RL10A_RAT,0.42001071077652
t19328aep|RAB12_RAT,0.23001586607716
t29605aep|CATM_MOUSE,0.0291671449522049
t19329aep|ECHD1_MOUSE,0.0613590000655914
t7251aep|HMCN1_HUMAN,0.0471837709197718
t7272aep|DAXX_HUMAN,0.00339421175947562
t7258aep|PI16_MOUSE,0.00833026943307169
t11455aep|AP5B1_XENTR,9.39997880086498e-05
t11480aep|KPCE_MOUSE,0.084228155301965
t11474aep|BTAF1_HUMAN,0.0575157233043613
t14531aep|RIC1_MOUSE,0.00737102238830048
t14571aep|EIF3A_NEMVE,0.303477286847948
t14569aep|HSP90_BRUPA,0.0370076184447447
t14025aep|STX8_BOVIN,0.0388736183287484
t14554aep|BCL2_CRIGR,0.87482334769005
t14545aep|ELK1_RAT,0.241706415218248
t14565aep|BMPER_HUMAN,0.113733288585757
t14544aep|S35A2_BOVIN,0.334824698921033
t14557aep|EF1D_RAT,0.298482592628507
t14035aep|TBA1C_HUMAN,0.0110324838254043
t14535aep|RASA1_HUMAN,0.105069884785889
t14540aep|MET18_BOVIN,0.0198120439627479
t14057aep|TBC15_MOUSE,0.00419302165111446
t12542aep|DCC1_XENLA,0.0359304277943289
t12562aep|ASCL4_HUMAN,1.06961496715613
t21568aep|AL14E_MOUSE,0.0321756467708525
t21569aep|ORC3_SPECI,0.0651441959897231
t14027aep|CO041_HUMAN,0.0192130171986774
t21548aep|CRIP1_RAT,0.208646361934363
t30460aep|CC14A_HUMAN,0.0191688058502962
t21570aep|TI13B_XENLA,0.0439873678237013
t21547aep|SIK2_MOUSE,0.279624579959391
t21578aep|RB27B_MOUSE,0.451392790968051
t21562aep|MSPD2_MOUSE,0.0402200809716091
t2959aep|OPSC2_HEMSA,0.0191688058502962
t2958aep|UFL1_NEMVE,0.0474302865942821
t2960aep|UBA5_BRAFL,0.432035617974361
t2966aep|ATF2_CHICK,0.0704453223388462
t2940aep|CTNL1_MOUSE,0.00513383124312401
t2971aep|SPAST_XENLA,0.0712989382544301
t2948aep|EGL4_CAEEL,1.92777469124095
t2965aep|SYCP1_MOUSE,0.026032669211022
t16503aep|MABP1_XENLA,0.0147291346320653
t16535aep|POSTN_HUMAN,0.00434023077522032
t16520aep|S12A6_HUMAN,0.0413890715477481
t16529aep|FABD_DROME,0.0338065361590768
t16536aep|TTC29_XENLA,0.103929514934796
t16548aep|FUT8_XENTR,0.0288415001682684
t16525aep|LYAR_MOUSE,0.033624228002083
t16547aep|GTPB1_RAT,0.0078968501069195
t16509aep|GOGA2_MOUSE,0.0739021767085181
t16504aep|POMT2_HUMAN,0.561564239869759
t16538aep|PAG15_HUMAN,0.13659764770355
t16505aep|ESCO2_MOUSE,0.00998754367956165
t16508aep|CARM1_DANRE,0.0112264821476386
t14030aep|MP2K4_MOUSE,0.183148067031263
t14020aep|NCS1_APLCA,0.00013529655896795
t7728aep|BARD1_HUMAN,0.0199328157130063
t7721aep|EIF3J_XENLA,0.428689946536912
t7713aep|B3GNL_RAT,0.0119372629787848
t7735aep|CJ035_MOUSE,0.186566388847511
t14042aep|PEBB_HUMAN,0.280934188534397
t7723aep|TM216_BOVIN,0.0489993201597195
t14050aep|SNRPA_DROME,0.0835039386590127
t28922aep|CP072_XENTR,0.0248353073466306
t16716aep|HPPD_DAUCA,0.0191688058502962
t16679aep|WDR27_HUMAN,0.00226732687110334
t16687aep|B3GN6_MOUSE,0.0582920494155601
t16693aep|TNF10_HUMAN,0.00393837453813097
t16677aep|NEK2_HUMAN,0.219123613269504
t16699aep|ZMY12_HUMAN,0.0322768301902974
t14022aep|DEK_MOUSE,0.0300159041290112
t16715aep|DCA13_CHICK,0.122445362362112
t16717aep|GOT1B_HUMAN,0.0330538956880639
t1986aep|KPSH1_DANRE,0.0191688058502962
t1983aep|TOP2B_HUMAN,0.186315791017169
t1982aep|ATG4C_MOUSE,0.019455187647441
t24375aep|YWRD_BACSU,0.0191688058502962
t1991aep|MIB1_MOUSE,0.0618199759696102
t1987aep|XPC_MOUSE,0.0121018096707871
t2008aep|NU107_MOUSE,0.0846841457167764
t1978aep|FBLN1_HUMAN,0.0191688058502962
t2015aep|R10B1_HUMAN,0.0381942215318354
t2019aep|CHK1_HUMAN,0.0317743098619215
t1984aep|T120B_BOVIN,0.493566701025731
t14048aep|CPT2_HUMAN,0.00284714411017191
t11722aep|MMP27_TUPBE,0.0191688058502962
t28202aep|MT810_ARATH,0.00608980378799011
t11706aep|ASPD_XENTR,0.0452565047711038
t11695aep|C2D1A_RAT,0.583265621048027
t11689aep|MASP1_HUMAN,0.0367873344246804
t11712aep|UN93A_XENLA,0.0647148885910594
t11707aep|WNT4_CHICK,0.0191688058502962
t11720aep|DUS3L_XENLA,0.0256137225749209
t11724aep|GPN3_HUMAN,0.0429312016251773
t9018aep|PRI1_HUMAN,0.0784717504200016
t8986aep|HORM1_CANLF,0.0191688058502962
t9001aep|BAT1_MOUSE,0.356383793378136
t9016aep|ACS2L_MOUSE,0.0164794417574658
t6689aep|DOC2B_MOUSE,0.219921905699125
t26139aep|ASPM_ATEGE,0.720491485522285
t6717aep|CNTN4_HUMAN,0.0230900776453629
t26140aep|RAB8A_RAT,0.0842332519176623
t6725aep|BAT1_RABIT,0.0533480609630415
t11773aep|LCLT1_CHICK,0.0203681811250298
t11781aep|ORNT1_HUMAN,0.0432532728504966
t28717aep|VPS4_CANAL,0.0191688058502962
t11769aep|KGUA_MOUSE,0.312784887324985
t11772aep|ZNF84_HUMAN,0.0394975697765536
t5776aep|PKD2_BOVIN,0.622953538286042
t5777aep|PKD2_BOVIN,0.00183167145349731
t5749aep|HSP70_HYDVU,0.991223359528966
t5781aep|SCRY4_ENTDO,0.368435010577216
t5755aep|MRC2_MOUSE,0.175763574025202
t5741aep|PHKG1_HUMAN,0.0501531155552556
t5753aep|RAD54_MOUSE,0.0126994520846122
t5737aep|TUB_HUMAN,0.155882531018711
t15702aep|YM67_CAEEL,0.0428827125098649
t28720aep|RS4_XENTR,0.278774988882039
t15600aep|RLA0_RANSY,0.282260792821651
t15590aep|MYCBP_DICDI,0.0671405425426154
t15607aep|UBE3A_HUMAN,0.0111346406593785
t15698aep|CML16_ARATH,0.48178711258495
t28718aep|MCM5A_XENLA,0.172190601964705
t15595aep|ACOT9_BOVIN,0.0802433587123392
t15594aep|TPK1_MOUSE,0.00340268940570137
t15576aep|ABCB9_HUMAN,0.0128136027479225
t15587aep|MTG16_MOUSE,0.863354421623909
t15589aep|ESF2_SCHPO,0.0926521725057555
t7596aep|LTR3A_XENLA,0.0606805893542626
t15679aep|LC7L3_PONAB,0.0482504143020989
t7587aep|CTDP1_MOUSE,0.0394244217430975
t15703aep|T53I1_RAT,0.0907488119369731
t7602aep|AP5M1_MACFA,0.026703964077963
t7623aep|PCGF1_DANRE,0.0325679071073571
t4853aep|CCD61_HUMAN,0.0217623238226138
t4840aep|TBL2_MOUSE,0.292117297277728
t4836aep|SSRA_DICDI,0.0191688058502962
t4871aep|ENASE_MOUSE,0.0974956224614542
t14002aep|LPIN2_HUMAN,0.0693588730731328
t14015aep|CTIF_XENTR,0.0173488488235683
t28199aep|POSTN_HUMAN,0.0191688058502962
t14001aep|DCAF7_MOUSE,0.0449645948874964
t15707aep|PSA6_MOUSE,0.0314796308991835
t13998aep|NUF2A_XENLA,0.172849884111444
t13988aep|PK3C3_XENLA,0.0345037698219144
t14010aep|SYNC_BOVIN,0.00760452322523266
t12314aep|HOIL1_DANRE,0.0150238326981111
t12318aep|TBC30_XENTR,0.0756396121406555
t27641aep|AT5G2_HUMAN,0.0111966813265357
t12310aep|C1TC_RAT,0.13102383840266
t5694aep|RFX6_DANRE,0.140466658083591
t15700aep|PPD_STRHY,0.0545041814292768
t5693aep|GSTCD_HUMAN,0.132664029513359
t5684aep|CHIC2_HUMAN,0.16329356214373
t5667aep|GPDM_BOVIN,0.114844216847703
t5679aep|WDR63_HUMAN,0.0596517787480701
t5669aep|MEP50_PONAB,0.211750295855886
t5690aep|SAL_SILAS,0.0191688058502962
t15687aep|EVA1C_MOUSE,0.0124352348501158
t12958aep|DNAS1_RAT,0.0845757586216861
t15714aep|PIF1_BDEBA,0.0381942215318354
t15682aep|LAMP1_RAT,0.0588638734932507
t28715aep|ABL1_CAEEL,0.0492614573116696
t12961aep|Y1686_STRPN,0.0261001046189957
t12938aep|SRSF6_HUMAN,0.0555599520702722
t12955aep|TRF6B_XENLA,0.0381942215318354
t12951aep|KTNB1_STRPU,0.0582329030223459
t12948aep|FOXN4_DANRE,0.0191688058502962
t1643aep|TTBK2_HUMAN,0.0379478755182533
t1642aep|MORN5_XENTR,0.417952236565105
t1639aep|ABCF3_MOUSE,0.0574502637476715
t1616aep|MOT10_DANRE,0.0191688058502962
t1618aep|VP37A_HUMAN,0.0801456501268374
t9380aep|LCA5_MOUSE,0.00816724419501234
t9386aep|HIRA_HUMAN,0.0348857391468033
t9389aep|THADA_MOUSE,0.00633879644063628
t9390aep|THADA_MOUSE,0.0103197849129938
t16825aep|RADI_MOUSE,0.336115751191732
t9366aep|SMN_PONAB,0.0167641281136011
t9395aep|PLPL9_RAT,0.0110397364362355
t9387aep|GLYC2_DICDI,0.0191688058502962
t9375aep|ATX2_HUMAN,0.0353513266984961
t28968aep|SYQ_BOVIN,0.0504825025401746
t9148aep|LONF3_HUMAN,0.10872486870966
t9149aep|TIM23_XENTR,0.060634374461745
t9124aep|RGS22_MOUSE,0.0899506508735032
t16841aep|RSH4A_MOUSE,0.162714040414263
t9129aep|TP4A1_PONAB,0.0494201236615698
t9150aep|FUBP2_CHICK,0.0274964675232226
t9127aep|SCLT1_HUMAN,0.0413175025793101
t9120aep|BMP7_MOUSE,0.230408990238318
t9154aep|MCM3Z_XENTR,0.0545665681265373
t16822aep|ATRAP_HUMAN,0.0683354149517785
t7495aep|AGAP1_MOUSE,0.18899964464571
t7488aep|PPR27_MOUSE,0.231008052937923
t7485aep|SVOP_XENLA,0.192698256422744
t7481aep|DYH1_HUMAN,0.162377588449385
t7494aep|P2RX4_HUMAN,0.301687211975393
t7502aep|PGES2_MOUSE,0.00492022020705407
t28967aep|RRP8_HUMAN,0.116254488011302
t7482aep|B4GN3_HUMAN,0.00129130031625114
t28970aep|PSME3_CHICK,0.181392606503515
t16848aep|MPPB_BOVIN,0.0282905103587726
t7500aep|NCPR_MUSDO,0.0191688058502962
t7461aep|BSCL2_BOVIN,0.0268141499136362
t7480aep|ACATN_MOUSE,0.138148359508667
t16837aep|PSMG2_NEMVE,0.0230911011778034
t10406aep|GST_PLAFA,0.0426706563745777
t9084aep|CFA54_HUMAN,0.0252145111803457
t16826aep|EEDA_XENLA,0.0061571873101566
t28966aep|PKHB2_CHICK,0.00584244529625216
t9082aep|IMB1_MOUSE,0.0191688058502962
t9091aep|CC067_MOUSE,0.0193364446448551
t9118aep|KTU_XENLA,0.00258736409407357
t9088aep|AAAS_HUMAN,0.0686624072880135
t9085aep|SLD5_MOUSE,0.0775921822714027
t9094aep|FBXL2_PONAB,0.0402417815607211
t4256aep|TOM34_MOUSE,0.0191688058502962
t4265aep|TRPM3_HUMAN,0.011698543415308
t4247aep|CA194_DANRE,0.0104839607508066
t4273aep|CI114_MOUSE,0.0215799118484632
t4288aep|AMDB_XENLA,0.0123585341622709
t4270aep|IF2B3_DANRE,0.041912775275648
t4281aep|SIDT1_HUMAN,0.00164132270480518
t4246aep|VP9D1_MOUSE,0.000728900142771873
t4286aep|PDE2A_BOVIN,0.427459032796747
t4239aep|LMIP_RAT,0.036403767898416
t4260aep|DCE1_PIG,0.021749896887977
t4271aep|OCTB1_DROME,0.0758265167971628
t4244aep|CDKL5_MOUSE,0.0305917612956359
t11183aep|ASNS_CHICK,0.569733702683115
t11184aep|UBP47_MOUSE,0.0957408303684727
t11191aep|CLVS1_XENLA,0.0812954445527816
t11170aep|OVCA2_DANRE,0.0556331025273198
t11179aep|IFT88_MOUSE,0.0822249729538621
t11189aep|YRBE_BACSU,0.102548416297323
t11164aep|UBIQP_CRIGR,0.00215631568435562
t17519aep|SWP70_CHICK,0.0885068871825199
t17553aep|PACRL_HUMAN,0.00114324676428225
t17518aep|CPO_DROME,0.246902210640964
t17508aep|DNLZ_HUMAN,0.0353717668913948
t17520aep|DCTN1_DROME,0.0381942215318354
t17542aep|MTEF5_ARATH,0.083674088819819
t17544aep|DEAF1_RAT,0.0176613348377023
t17512aep|ALAT2_XENLA,0.258760308785251
t17513aep|ALAT2_XENLA,0.0279489558300905
t17527aep|ARHGC_MOUSE,0.074589478797682
t17507aep|PLPL9_HUMAN,0.0148256410498859
t17510aep|BAX_BOVIN,1.04835768316858
t28971aep|ANX12_HYDVU,0.00904678284013149
t5405aep|TTC13_HUMAN,0.0298926057592094
t5432aep|DJC27_HUMAN,0.0191688058502962
t16857aep|BMS1_HUMAN,0.0659818933292601
t5403aep|CASP8_MOUSE,0.00545868953461731
t5429aep|HPDL_HUMAN,0.00386387842511268
t5404aep|CNPD1_BOVIN,0.0571280776416609
t5431aep|CNPY2_MOUSE,0.30252631422054
t5395aep|UFC1_TRIAD,0.163202831032633
t5389aep|MTF1_MOUSE,0.0953644331793402
t10482aep|T170A_XENLA,0.0375347319573558
t10502aep|CC030_HUMAN,0.160096001732276
t10515aep|CDKAL_XENTR,0.123918382150809
t16832aep|WRP73_HUMAN,0.0042060433473915
t10480aep|CSN2_XENLA,0.0801869249513624
t10506aep|CHSS1_MOUSE,0.609176966057108
t10483aep|Y2525_MYCTO,0.0191688058502962
t10489aep|CC151_BOVIN,0.144746087440235
t16844aep|DDX56_HUMAN,0.0472064790138188
t16845aep|DDX56_HUMAN,0.0342997988020188
t21672aep|RH39_ARATH,0.0288926535957802
t21675aep|EFCB7_XENLA,0.00825241454731141
t21680aep|CREL2_DANRE,0.442760193311647
t21678aep|ZMYM1_HUMAN,0.0492580787222601
t21677aep|RUFY4_HUMAN,0.00523938108759063
t21669aep|OGFD3_RAT,0.0402555475598392
t21682aep|CADN_ACRMI,0.0191688058502962
t21658aep|PPAL_BOVIN,0.251240902684831
t21690aep|MFS10_BOVIN,0.0293478963281769
t21694aep|RENT2_HUMAN,0.130494837069345
t21281aep|S35D2_BOVIN,0.487642709750091
t21299aep|MARH8_HUMAN,0.0191688058502962
t13685aep|PDCD5_BOVIN,0.140530973337875
t21280aep|STX1A_PONAB,0.0103197849129938
t21293aep|POC1B_PONAB,0.0698056474746836
t2421aep|CI078_MOUSE,0.133773141929554
t13663aep|PSF3_HUMAN,0.0170410271531408
t2396aep|VIAAT_XENLA,0.0191688058502962
t326aep|NEUFC_MOUSE,0.0157653685586566
t23921aep|NDUB3_BOVIN,0.0730198741044394
t303aep|BPL1_HUMAN,0.0114146569125277
t313aep|DAAM1_MOUSE,0.0995929473935331
t294aep|YQIK_BACSU,0.0038666120032043
t300aep|GBRB3_HUMAN,0.0920012886635995
t292aep|ABHD2_MOUSE,0.0286714065365102
t315aep|EPS8_MOUSE,0.79332626375221
t296aep|CO1A2_MOUSE,0.030275463761612
t13648aep|ZFP37_MOUSE,0.00952867538360691
t23807aep|CI171_DANRE,0.221949254014877
t23810aep|NUCB2_RAT,0.797600425520336
t13678aep|ZN557_HUMAN,0.40669872210211
t23813aep|PIGL_RAT,0.238790213317877
t23816aep|LOXL2_MOUSE,0.0292770632551335
t28014aep|PRR5_MOUSE,0.00791340500295345
t13686aep|IFT56_HUMAN,0.0992911293016419
t23848aep|GSKIP_RAT,0.0189308345426943
t23849aep|RDH13_HUMAN,0.0176301548442799
t23820aep|GO45_HUMAN,0.063685767250951
t28017aep|ACM2_CAEEL,0.185569750059425
t20356aep|TARB1_HUMAN,0.0196815302924099
t20351aep|SVEP1_HUMAN,0.0128136027479225
t20344aep|HEM6_DROME,0.0106868848532755
t20368aep|CPEB1_PONAB,0.270792315098725
t20338aep|PLCL2_HUMAN,0.0400838198411489
t20345aep|NCAN_MOUSE,0.405071332107214
t20348aep|LRIG3_MOUSE,0.076716625380776
t20357aep|VIAAT_XENTR,0.0758265167971628
t20347aep|DOPP1_MOUSE,0.0841397652726646
t12163aep|NTH_MOUSE,0.127706359932177
t12158aep|BECN1_HUMAN,0.0115688685506613
t13651aep|HTF4_PAPHA,0.406848228194841
t13661aep|ZDH11_ARATH,0.0690331561236296
t12167aep|RAGP1_HUMAN,0.160593881525731
t12126aep|S35C2_HUMAN,0.00702745336250969
t12122aep|WDR31_HUMAN,0.0191688058502962
t12127aep|RBM42_XENLA,0.0212328150218242
t12132aep|CC166_HUMAN,0.09787565556885
t12139aep|TM231_DANRE,0.0115818350000288
t17302aep|SLNL1_RAT,0.0222105950184473
t17281aep|HSF24_SOLPE,0.0191688058502962
t17304aep|PGAP2_CAEBR,0.0575507893725391
t17291aep|PAPSS_URECA,0.588707404003142
t17279aep|GCSP_MOUSE,0.102360902488897
t17303aep|KLHL5_HUMAN,0.018391115365437
t15432aep|ATOH8_DANRE,0.0131052057314994
t28018aep|SMAD4_MOUSE,0.0201762561011728
t13687aep|GLC7B_CAEEL,0.00905261056039811
t15418aep|CHI2_TOBAC,0.45634751046837
t15428aep|GGT1_HUMAN,0.0191688058502962
t15415aep|TXD16_HUMAN,0.031839018429462
t23378aep|EVA1C_HUMAN,0.0124352348501158
t23414aep|RBMX2_HUMAN,0.0388183066175297
t23406aep|TGMH_TACTR,0.00197299478716788
t23385aep|IQCD_MACFA,0.0472123593452007
t23422aep|RPP38_MOUSE,0.00263012897826065
t7378aep|RBMX_DANRE,0.00257276565560049
t7373aep|GBRP_BOVIN,0.0484180035863028
t7374aep|UBE4B_MOUSE,0.00847265433466393
t6917aep|ALKB6_DANRE,0.0128881845708812
t11885aep|SMC3_XENLA,0.0560294992010041
t11859aep|GSH1_MOUSE,0.0437528167627134
t11888aep|S20A2_XENTR,0.346691367412216
t7383aep|DMAP1_MOUSE,0.0167496338861668
t11857aep|TEP1_HUMAN,0.417555539555453
t13301aep|STAC3_XENTR,0.28382781159381
t13275aep|LAMC1_XENTR,0.0191688058502962
t13274aep|GDE1_BOVIN,0.0453141425622726
t13269aep|G3ST3_MOUSE,0.0381942215318354
t13303aep|NADA_APLKU,0.0135317382937434
t22680aep|SC5D1_ARATH,0.0191688058502962
t22671aep|KCNA2_ONCMY,0.0191688058502962
t22669aep|CALM_PYTSP,0.0381942215318354
t22670aep|5NT3B_HUMAN,0.0268874387185141
t22685aep|DPH5_HUMAN,0.0902982727687915
t22675aep|MET14_DANRE,0.00588493924474536
t22694aep|ZN337_HUMAN,0.0210398956167681
t22663aep|FRRS1_DROME,0.00590594003646491
t5626aep|PDPK1_RAT,0.17308004573902
t5660aep|KCC2D_CAEBR,0.188612498099691
t5656aep|ST32C_MOUSE,0.00440060607700596
t5655aep|MPDZ_MOUSE,0.268647652144525
t5640aep|DI3L2_HUMAN,0.0103082517332993
t5638aep|CDK6_MOUSE,0.0905458681451748
t5641aep|NIP7_TETNG,0.133251953663871
t5614aep|NEK8_DANRE,0.0456685163966325
t5622aep|NU153_HUMAN,0.00859873449994536
t5635aep|GMDS_CRIGR,0.135978136532242
t5647aep|MATN2_HUMAN,0.0426961450013277
t18942aep|LMF2_XENLA,0.0678646707528469
t26338aep|GAPR1_MOUSE,0.0191688058502962
t26339aep|ANPRA_HUMAN,0.0191688058502962
t18955aep|SDSL_MOUSE,0.0513066434887967
t29518aep|SAMD9_HUMAN,0.208543845454548
t29516aep|XKR6_HUMAN,0.0191688058502962
t12780aep|GSH1_MOUSE,0.101998784104507
t12778aep|C3H63_ARATH,0.0381942215318354
t12783aep|SON_MOUSE,0.0530266104697281
t12774aep|SRC42_DROME,0.0745888603164384
t27762aep|HMCN1_HUMAN,0.0222453673545425
t12785aep|TM175_DANRE,0.0191688058502962
t7388aep|PRSS8_RAT,0.837384978609725
t12743aep|MIPO1_HUMAN,0.138412600160492
t12756aep|MTA70_HUMAN,0.0166908230180289
t18693aep|ARHGA_MOUSE,0.310352396897814
t18682aep|CSL3_ONCKE,0.0310596971693359
t29430aep|GGA2_MOUSE,0.00486980487647341
t18710aep|D19L1_HUMAN,0.00189020060846072
t29432aep|XXLT1_MOUSE,0.0191688058502962
t18716aep|PROP_MOUSE,0.0191688058502962
t6098aep|RCOR3_HUMAN,0.136837017874035
t6140aep|GALT1_MOUSE,0.293562592984629
t6103aep|DHRS4_PIG,0.0433812729703856
t6130aep|KNTC1_HUMAN,0.00213812762323411
t6142aep|GWL_DANRE,0.00533384699720432
t6106aep|TRIPB_HUMAN,0.0114662853918268
t6115aep|MET23_XENLA,0.0017487847189925
t14153aep|FBXL6_MOUSE,0.0093689837819616
t14154aep|ALKB8_XENTR,0.0849471181499741
t14125aep|HAUS6_HUMAN,0.0384681080919867
t14117aep|MMTA2_MOUSE,0.255215118190262
t14115aep|ENPP1_HUMAN,0.00670548210912123
t14136aep|VWA3A_HUMAN,0.00154966106941617
t14148aep|IFT56_XENTR,0.0191688058502962
t14133aep|SC5A7_CAEEL,0.0172659311159914
t14127aep|VWDE_HUMAN,0.0602744474821865
t14155aep|DPP2_RAT,0.0133719715093218
t28221aep|VATD_SUBDO,0.280026509549114
t14113aep|TBC24_HUMAN,0.0146859187616528
t5366aep|LTN1_MOUSE,0.103355127401394
t5362aep|ENPP5_MOUSE,0.0191688058502962
t5370aep|EMAL3_HUMAN,0.190785272084372
t5345aep|GLPK5_HUMAN,0.00777804168120688
t5368aep|KCNA1_HUMAN,0.301055232448917
t5373aep|NBN_MOUSE,0.0452492797768395
t17717aep|MOT10_DANRE,0.0191688058502962
t17694aep|AP4E_ARATH,0.0369221277997491
t17708aep|ERGI2_MOUSE,0.0290516517724156
t17704aep|ZN12_MICSA,0.018391115365437
t17681aep|LRC34_RAT,0.0419686333237067
t17692aep|RU17_MOUSE,0.19497339364336
t6210aep|VWDE_HUMAN,0.0191688058502962
t6235aep|OSB11_HUMAN,0.091686533039985
t26036aep|VA52_VESCR,0.0866954107996202
t6208aep|GAPR1_MOUSE,0.0191688058502962
t2098aep|PLX2_CAEBR,0.0245879333731931
t2097aep|LITAF_RAT,0.0191688058502962
t2106aep|OPN3_HUMAN,0.0191688058502962
t2096aep|WDR19_MOUSE,0.0111593348502467
t24392aep|GRM2_MOUSE,0.031870499008543
t2100aep|PDS5B_HUMAN,0.0151067898005447
t24398aep|CTRC_BOVIN,0.0132993966123314
t2086aep|CCD53_BOVIN,0.0469715081467945
t24393aep|PRS4_DROME,0.371525140088438
t10836aep|SMHD1_MOUSE,0.175944719868327
t10837aep|CSN4_DANRE,0.0138963552409931
t10849aep|SHAN1_HUMAN,0.2511382310545
t10796aep|K132L_XENLA,0.076621632854199
t10810aep|BRS3_RAT,0.0191688058502962
t10843aep|AP2B1_MOUSE,0.0537727082516972
t10793aep|TIMP3_HORSE,0.0440734300162383
t10828aep|KCNAG_CAEEL,0.0191688058502962
t10801aep|NAS6_CAEEL,0.538217021566618
t10835aep|LRGUK_HUMAN,0.0854119236885562
t5103aep|RNC_HUMAN,0.0095370125735373
t5107aep|CATA_DROME,0.00348256003748915
t5146aep|DDHD1_BOVIN,0.0413624743751234
t5124aep|DIX1A_DANRE,0.0663537659192845
t5099aep|PGM2_HUMAN,0.0271147216876461
t5121aep|PARP2_MOUSE,0.0843348092518558
t5113aep|ZCHC7_XENLA,0.092229747276693
t5108aep|ATP23_HUMAN,0.00591362978322317
t5135aep|RBM34_MOUSE,0.0815152705020713
t5118aep|FP_ACRMI,0.0713319098173015
t5143aep|CALM_SCHPO,0.0191688058502962
t8825aep|H3_URECA,0.037135123808092
t8862aep|TSN_CHICK,0.00350118384332294
t8846aep|ECE2_HUMAN,0.018632468851824
t8865aep|PINE_ECOLI,0.0437695055919648
t8850aep|XRCC1_MOUSE,0.0651252649194368
t8831aep|SPAT4_PANTR,0.0833482604187617
t8843aep|PGPI_RAT,0.157391857479925
t8845aep|M21D2_MOUSE,0.0344015150519775
t6581aep|RFIP3_MOUSE,0.340033069591091
t26113aep|SC61B_PONAB,1.05207706364584
t6574aep|GMPR2_HUMAN,0.0948859933292909
t6569aep|ARFP1_HUMAN,0.0436439003673137
t6553aep|ARH_HUMAN,7.23535699019813e-05
t6563aep|DYL2_RAT,0.161362881072322
t6540aep|MMS22_CHICK,0.0107857083209753
t6555aep|SO4C1_MOUSE,0.0191688058502962
t6556aep|ERGI3_DANRE,0.889330878836174
t6541aep|EDEM3_XENLA,0.20912683677335
t6570aep|TUTL_DROME,0.196608732424268
t6548aep|AGRD1_MOUSE,0.00956965759046362
t6552aep|LIP_RHIMI,0.0562605996545658
t18226aep|M2OM_BOVIN,0.20096461734527
t18238aep|NAS4_CAEEL,0.0588936520835908
t18227aep|KN5B_ARATH,0.0191688058502962
t18216aep|HOOK_BRAFL,0.0259134057977092
t18244aep|ENKD1_MOUSE,0.0348103834038103
t18233aep|NAT6_HUMAN,0.0255968189727282
t274aep|MAJIN_RAT,0.0218312762225652
t247aep|KCC4_RAT,0.084363774227575
t249aep|IP6K1_RAT,0.0250107245949725
t12220aep|STIMA_HUMAN,0.0323781588002323
t243aep|RFC3_HUMAN,0.0103959608023597
t22226aep|U119B_MOUSE,0.049547929582391
t22218aep|RX_MOUSE,0.0191688058502962
t22193aep|H10_HUMAN,0.0122351402810875
t22217aep|RRFM_BOVIN,0.0373200631049656
t22199aep|TRET1_BOMMO,0.105459581197254
t22210aep|LRC56_HUMAN,0.102467079927988
t22196aep|TT39B_XENTR,0.0803435877308117
t22201aep|SCAM2_HUMAN,0.0521162067324253
t22049aep|AREL1_HUMAN,0.0950804104149674
t22069aep|CH037_MOUSE,0.100226928359766
t22078aep|UN13B_MOUSE,0.0789521039033095
t30658aep|GMHA_HELHP,0.0381942215318354
t22047aep|KIF5_DICDI,0.010986116732438
t4187aep|PTVO1_RAT,0.0917721724485358
t25294aep|UBAD2_HUMAN,0.239987370229219
t4182aep|LBR_MOUSE,0.17970910280944
t4172aep|ZN782_HUMAN,0.0556523607006579
t22014aep|MAAT1_MOUSE,0.161073081553909
t22006aep|TM145_XENLA,0.00785940266827041
t22036aep|NRDE2_HUMAN,0.0199558877473597
t22013aep|NALD2_HUMAN,0.0520889575834947
t22039aep|ZN782_HUMAN,0.0188855416510738
t22033aep|ZUFSP_HUMAN,0.0017487847189925
t22009aep|BMT2_CHICK,0.0028008837431048
t10607aep|YNG2_ASHGO,0.0127599358218002
t10591aep|RL5_HUMAN,0.206035878193046
t10603aep|GRM7_HUMAN,0.0704172454772884
t10600aep|PAB4L_HUMAN,0.0570791773167572
t10592aep|HECD2_PONAB,0.0445171611766386
t10621aep|CD63_HUMAN,0.0191688058502962
t10593aep|SETMR_HUMAN,0.0191688058502962
t22929aep|CASR_RAT,0.0303151768831681
t22934aep|S29A1_HUMAN,0.0381942215318354
t22944aep|CGAT1_MOUSE,0.164914654751056
t22948aep|VP302_LYCMC,2.27427012058311
t22963aep|RA51C_MOUSE,0.00430234890376292
t22955aep|BAKOR_RAT,0.03178642016413
t22957aep|PTPRS_RAT,0.0105310095463845
t22928aep|BBOF1_MACFA,0.0765852097330386
t22930aep|HLTF_HUMAN,0.0697893384081219
t22973aep|Y381_RICFE,0.0245263519625586
t22968aep|CTXA_CARAL,0.0223418104632238
t22978aep|HSP31_CANAL,0.00105998961976143
t22937aep|GOLP3_RAT,0.109601354223172
t22959aep|NSF_HUMAN,0.00916805980594534
t22964aep|OPSD1_MIZYE,0.315170778837302
t3747aep|PSMD3_MOUSE,0.100200039162265
t3796aep|IFT46_DANRE,0.0327546149217818
t3759aep|FMAR_DROME,1.2015209674114
t3754aep|YTCB_BACSU,0.178123341584992
t3794aep|STAG1_HUMAN,0.0499375342422295
t3772aep|ASGL1_RAT,0.211119534754161
t3783aep|FBX6_BOVIN,0.0124788069557949
t3761aep|DAVD_PSEPK,0.00649519360710927
t3791aep|CATZ_HUMAN,0.0191688058502962
t6477aep|ARHGG_MOUSE,0.179090992103053
t6486aep|ENO4_DANRE,0.0482065626777828
t6506aep|SFSWA_HUMAN,0.0335048715935219
t6488aep|PRR5_MOUSE,0.112314317709946
t6510aep|GRM3_MACFA,0.241773654764907
t6485aep|PRP4B_BOVIN,0.0945217076309982
t6492aep|RBBP6_MOUSE,0.0155150359540594
t6467aep|F16B1_XENLA,0.0526234602746526
t6512aep|PGFS_TRYCC,0.0936865783667368
t6473aep|HVCN1_DANRE,0.0495947368447242
t6483aep|TI17B_MOUSE,0.123992098933818
t6482aep|AEDO_MOUSE,0.0161821444191236
t6499aep|CASR_MOUSE,0.0758265167971628
t26100aep|UNC89_CAEEL,0.0191688058502962
t12197aep|TT21B_HUMAN,0.0485279091514609
t12196aep|PRRT1_RAT,0.0432148933182402
t12204aep|GRDP1_ARATH,0.0191688058502962
t12193aep|NUDT8_MOUSE,0.0217658922984914
t12172aep|K0319_HUMAN,0.32356206694193
t27616aep|ZDH16_BOVIN,0.0103197849129938
t12207aep|RECQ4_HUMAN,0.0878832533617488
t12215aep|DIEXF_MOUSE,0.0404306483897897
t8942aep|SVEP1_MOUSE,0.142914999071083
t8919aep|IM23_SCHMA,0.0317853515033395
t8930aep|RNH2C_MOUSE,0.271623432814561
t8945aep|KCNQ5_MOUSE,0.0191688058502962
t26718aep|DOPR4_CAEEL,0.293918192246042
t8932aep|PYRD1_DANRE,0.0792807915396702
t8936aep|TCPE_MACFA,0.208169460478424
t8946aep|ERBB_ALV,0.00893599573653035
t8950aep|PTN21_RAT,0.0206677868311896
t8770aep|NEK8_HUMAN,0.0196898169850621
t8772aep|S22AI_MOUSE,0.0641046625279061
t8806aep|BCKD_BOVIN,0.0683153639989371
t8786aep|TM151_CAEBR,0.332688876051979
t26692aep|RL17_DICT6,0.104528393965418
t8789aep|SNR25_MOUSE,0.0579717001887057
t8767aep|MFHA1_HUMAN,0.0289253435301416
t8774aep|CEP89_MOUSE,0.0983865162223356
t8814aep|OTOGL_HUMAN,0.0191688058502962
t10905aep|MNS1_XENTR,0.442016897972119
t10444aep|KDM8_HUMAN,0.207596232159252
t10891aep|IBTK_XENLA,0.0335045629903772
t10890aep|MMP24_HUMAN,0.00454760480789322
t10911aep|DPH1_XENLA,0.0499061217084401
t10878aep|PYRG1_DANRE,0.0637936700094497
t10885aep|HHAT_HUMAN,0.0191688058502962
t27296aep|MDH1B_BRAFL,0.0398092743935476
t10924aep|ACADL_PIG,0.0191688058502962
t10910aep|LRC57_RAT,0.00106042719592805
t9960aep|MEIOC_MOUSE,0.0176536474404607
t9943aep|NDUA9_RAT,0.0368345173910949
t9969aep|KCNAW_DROME,0.0191688058502962
t9925aep|CML1_RAT,0.0191688058502962
t9966aep|TLCD2_DANRE,0.0291074233786053
t9936aep|CAC1A_APIME,0.0191688058502962
t9917aep|MBOA5_HUMAN,0.135009212989369
t829aep|HMCN1_HUMAN,0.0191688058502962
t854aep|C2CD5_HUMAN,0.135349303024493
t858aep|PCH2_MOUSE,0.0437695055919648
t10439aep|TAF1_MOUSE,0.134640852779579
t835aep|INT4_XENLA,0.0110814931948278
t865aep|GPR9_AMPAM,0.160096001732276
t857aep|CCD62_HUMAN,0.00136193149260283
t850aep|PPIH_HUMAN,0.0284972987233668
t822aep|CC173_HUMAN,0.526267260098524
t663aep|CSKP_DROME,0.0261705978037357
t635aep|PKD2_BOVIN,0.0381942215318354
t658aep|MYC_HYLLA,0.00785940266827041
t629aep|K0930_XENLA,0.0565936774835601
t668aep|B4GN4_MOUSE,0.781883567355285
t641aep|TBL3_BOVIN,0.0227811926816578
t673aep|RDHE2_MOUSE,0.00881139598557959
t637aep|CCD42_NEMVE,0.00323884809683047
t674aep|CFA52_HUMAN,0.211282945539164
t631aep|ACK1_HUMAN,0.0451603564627668
t5977aep|CSPP1_MOUSE,0.0436366436341901
t5980aep|S7A6O_DANRE,0.0146341084107382
t5974aep|NOC2L_MOUSE,0.075761572695165
t27169aep|C56D2_BOVIN,0.0352388484259631
t6013aep|SEM5B_HUMAN,0.567319524143307
t6023aep|TTC7B_HUMAN,0.0160252882451397
t6006aep|CC149_XENLA,0.117750106098422
t5971aep|RTN4_HUMAN,0.018380040501573
t5998aep|SMG5_HUMAN,0.0229224126431942
t5973aep|TASP1_HUMAN,0.00975757483348302
t6003aep|CC112_HUMAN,0.0288422168391844
t6022aep|TOR1B_MOUSE,0.642377968956642
t5992aep|GDS1B_XENLA,0.00307278275061118
t5994aep|ADRB2_FELCA,0.349557068445728
t18288aep|ULK4_MOUSE,0.0204917989943867
t18268aep|CLASR_BOVIN,0.0343022946936612
t18247aep|Y1800_NATTJ,0.02200932386213
t18277aep|HNRPK_CHICK,0.0559086179754712
t18281aep|CYP5_CAEEL,0.327391702616133
t18280aep|ELOV4_HUMAN,0.00217689483654142
t18294aep|WDR24_MOUSE,0.0194605772482996
t18282aep|KCBP_ORYSJ,0.625514774959767
t18258aep|RAB3C_HUMAN,0.392421859659941
t18261aep|CCD92_HUMAN,0.421199835944359
t18266aep|MGT5B_HUMAN,0.0127301062656368
t18257aep|NAA25_HUMAN,0.0986862190143556
t18264aep|MTNA_AEDAE,0.0035236533762861
t18246aep|DCA11_BOVIN,0.0552626618483236
t2429aep|ADRB1_XENLA,0.0191688058502962
t2457aep|SPAG1_HUMAN,0.0635271963091739
t2462aep|GAPR1_MOUSE,0.00990723994149768
t2458aep|RECK_MOUSE,0.00255601885252795
t2479aep|CAH7_MOUSE,0.0381942215318354
t2442aep|SSR2_HUMAN,0.502741840886256
t2460aep|DNA2_XENLA,0.0405599190133887
t2461aep|SPAT6_RAT,0.0426427422934239
t2432aep|QRIC2_HUMAN,0.0131162987213677
t2468aep|CA146_BOVIN,0.0213303507570386
t18485aep|RGPA1_HUMAN,0.0180179714237117
t18509aep|XRCC4_HUMAN,0.00939171804980964
t18494aep|SPAN_STRPU,0.017292251349528
t18479aep|ABI2_MOUSE,0.0356203917891208
t18480aep|VAMP3_HUMAN,0.103733279263976
t3869aep|DMTF1_DANRE,0.0702237556369108
t3878aep|LNP_MOUSE,0.1077411224877
t3902aep|MBOA5_HUMAN,0.00226732687110334
t3870aep|GGT1_HUMAN,0.0468339116150122
t3901aep|CP135_HUMAN,0.0155577333845526
t3866aep|SUREJ_STRPU,0.0191688058502962
t11156aep|CK5P2_PANTR,0.178143065026068
t11132aep|NHP6_EMENI,0.00943490353806131
t11118aep|IQCA1_MOUSE,0.245714232980986
t11119aep|IQCA1_HUMAN,0.0665894517363931
t11115aep|CDAN1_MOUSE,0.0393810799843197
t11134aep|MOS1T_DROMA,0.0191688058502962
t11117aep|PERI_HYDVU,0.194938464786031
t11139aep|FBN2_MOUSE,0.0191688058502962
t11140aep|AGRE2_CANLF,0.0191688058502962
t11160aep|SGTB_MOUSE,0.0805370813449327
t11148aep|TPP2_HUMAN,0.0456937296157068
t11106aep|RAB36_HUMAN,0.0778611071819746
t27143aep|ARAID_DANRE,0.101800119470988
t14797aep|HCE1_ORYLA,0.0208562476615019
t14802aep|CTR2_HUMAN,0.00187345490061836
t14807aep|BGAL_CANLF,0.0191688058502962
t14776aep|ADAT3_DANRE,0.0191688058502962
t14804aep|CX056_DANRE,0.0965657454068544
t14827aep|PANK4_MACFA,0.0247950368699259
t14823aep|FAT1_HUMAN,0.0191688058502962
t14793aep|PDE5_CAEEL,0.00642541412509498
t14792aep|SELS_RAT,0.210314784366279
t14785aep|ANTA_HYDVU,4.44668921907576
t23154aep|RIAD1_BOVIN,0.181681914514856
t23173aep|AGRG4_HUMAN,0.028207407466548
t23876aep|FKRP_MOUSE,0.0529132436136103
t23188aep|PCSK5_HUMAN,0.0317361371172089
t23160aep|CAH9_MOUSE,0.213817817475489
t23172aep|SOX14_MOUSE,0.00751655814894384
t23147aep|MBD2_HUMAN,0.00224961056783123
t23176aep|LAMC_DROME,0.0350091942530774
t23187aep|RL6_CHILA,0.163530361726823
t23135aep|CHSTB_MOUSE,0.0758265167971628
t23163aep|GGP4_ARATH,0.0253192993109894
t10962aep|KCMA1_PIG,0.0481142286081133
t10948aep|FDXA1_HUMAN,0.0202838355187662
t10967aep|MFD6B_DANRE,0.0191688058502962
t10930aep|MYPH_ECHGR,1.92377999370981
t10952aep|BETS_RHIML,0.0944390002681869
t75aep|SC31A_DANRE,0.323073905512666
t15292aep|G2E3_CHICK,0.0163529784277229
t15274aep|RSLBB_DANRE,0.0191688058502962
t15309aep|E13C_TOBAC,2.33767582973467
t15288aep|AQP5_SHEEP,0.0191688058502962
t15271aep|ACSA_SYNFM,0.0191688058502962
t15283aep|CPNE6_MOUSE,0.0191688058502962
t15305aep|NEK1_HUMAN,0.0296836027006886
t6187aep|XFIN_XENLA,0.0851182151783054
t6149aep|RETST_DANRE,0.0449778984068753
t6183aep|PIGM_XENTR,0.0119183262458492
t6151aep|DYHC2_TRIGR,0.034438161558807
t6197aep|AP2A_SHEEP,0.109117341313933
t6150aep|CASR_RAT,0.297838042726811
t6185aep|CPXM1_MOUSE,0.0390491911474851
t6189aep|ACINU_MOUSE,0.0219890923845212
t26023aep|BIRC6_HUMAN,0.0191688058502962
t6155aep|HDAC8_MOUSE,0.0286931531778254
t21933aep|TEX11_HUMAN,0.0315042226373344
t21950aep|BUP1_HUMAN,0.603554624409598
t21959aep|CB081_RAT,0.106019575534467
t21945aep|DRC3_HUMAN,0.0497173443333675
t21953aep|CDC27_MOUSE,0.00318364121536271
t21928aep|NUBPL_HUMAN,0.0109827244359159
t21919aep|ITPR1_BOVIN,0.0316841874003954
t21932aep|PTH_MOUSE,0.00101943092782594
t21918aep|TC1DB_XENLA,0.0191688058502962
t21927aep|KPBB_RABIT,0.130703943169444
t21633aep|K0825_HUMAN,0.010829740570405
t21611aep|ALAT2_XENTR,0.0786641793055295
t21628aep|MEST_BOVIN,0.0520699911891078
t21657aep|NMNA1_HUMAN,0.0138043478198822
t21618aep|SPT17_MOUSE,0.282789606726692
t21631aep|RSPH1_MOUSE,0.00753361483039892
t21607aep|AMRP_HUMAN,0.0807327487098413
t23874aep|TRM61_RAT,0.0128251036333125
t18433aep|CARD9_HUMAN,0.00119927388702241
t18420aep|TBC19_HUMAN,0.0189191850570231
t18391aep|GLT13_RAT,0.0365151106292017
t18390aep|PEPM_MYTED,0.0686894690319525
t18383aep|ARMC5_MOUSE,0.0529967320963441
t18414aep|PIHD2_HUMAN,0.194778004124503
t18398aep|DVR1_STRPU,0.0129995159985903
t18417aep|MDM2_HORSE,0.0352439202512585
t18428aep|ANC2_HUMAN,0.0637561894216893
t18394aep|VPS53_CHICK,0.0770024434203587
t18381aep|GALT6_HUMAN,0.14633950344152
t18438aep|HARB1_RAT,0.0516955506884609
t18407aep|MYLK_RABIT,0.0138829024423365
t18437aep|DHX8_HUMAN,0.0248366237405541
t18399aep|WDR49_HUMAN,0.0297498889505209
t18402aep|LYSM4_MOUSE,0.0179319261556768
t13542aep|DING_BACSU,1.37017930097688
t13520aep|DGKQ_MOUSE,0.00483517488103673
t13529aep|AGRE1_MOUSE,0.0112008316325451
t13546aep|ARF_CANAL,0.0381942215318354
t13519aep|S14L2_RAT,0.0381942215318354
t13505aep|NRBP_DROPS,0.287070527412473
t13521aep|LACB2_BOVIN,0.0539737617842861
t13527aep|BASS4_ARATH,0.0230964102609977
t13555aep|POXA_DICDI,0.0503626039886017
t13516aep|CDK2_HUMAN,0.0146548724211401
t13517aep|ADRB2_TSCTR,0.207406221485467
t13559aep|ATHL1_DANRE,0.0191688058502962
t13554aep|SCND3_HUMAN,0.0570791773167572
t13543aep|AGRD1_BOVIN,0.00483517488103673
t13532aep|KCNAS_DROME,0.0191688058502962
t13511aep|ANK3_MOUSE,0.459760231547921
t16942aep|INP5E_PANTR,0.0629682095297293
t16922aep|DDX4_PELLE,1.1774520474818
t16902aep|PLBL2_MOUSE,0.0179372382718471
t16930aep|DDX20_DANRE,0.0474193854824436
t16940aep|FUZZY_XENTR,0.0338416920101376
t16899aep|MCM10_XENLA,0.072475592008639
t16890aep|ZN143_XENTR,0.00572788831895597
t23454aep|PGLT1_RAT,0.0793057318527132
t23508aep|TDRD1_HUMAN,0.0593398465605258
t23474aep|OTP_LYTVA,0.0191688058502962
t23470aep|BAG6_XENTR,0.0169232322487389
t23457aep|CBPD_HUMAN,0.268929010414879
t23469aep|MCM7_BOVIN,0.0324542243626601
t23468aep|BTBD9_HUMAN,0.0115991557573748
t23506aep|DSK1_CYLFU,0.109128508456512
t23503aep|INT6A_XENLA,0.0855893481949174
t23495aep|EHMT2_HUMAN,0.0233233028913555
t23491aep|STPG2_DANRE,0.0807310694329081
t23509aep|EFHC1_MOUSE,0.145874070113637
t23488aep|ZFY27_HUMAN,0.0871815044102291
t10404aep|GFI1B_MOUSE,0.0191688058502962
t22986aep|VAT1_DANRE,0.0258379808377878
t23037aep|RIT1_MOUSE,0.199783403693126
t22999aep|TYRO_STRLN,0.0191688058502962
t22995aep|MIPT3_DANRE,0.0836152845665149
t23052aep|IDD_MOUSE,0.0926123614879873
t23049aep|S22AD_HUMAN,0.066728739487158
t23040aep|CASP3_SAIBB,0.231667543148323
t23023aep|SWAHA_MOUSE,0.0465612276206067
t22998aep|PDE4D_MOUSE,1.03052586424329
t23009aep|MPND_MOUSE,0.0360534596206425
t22997aep|GFI1_DROME,0.0191688058502962
t21045aep|ACM1_DROME,0.0381942215318354
t21002aep|S22FL_XENLA,0.0947030363455409
t21044aep|G3ST1_MOUSE,1.27937781702042
t12915aep|TBC23_PONAB,0.112075397642223
t27799aep|RL23_DROME,0.0389365222554242
t21021aep|URB2_HUMAN,0.0345467339829831
t21038aep|CFAD_DICDI,0.0381942215318354
t21013aep|MATN2_HUMAN,0.549119721039011
t21006aep|CWC27_MOUSE,0.0341212358305663
t20993aep|PHRF1_MOUSE,0.0800576530549583
t6980aep|PSD12_HUMAN,0.076726500488365
t6999aep|TRAF7_MOUSE,0.0279772356327678
t6971aep|B3GTK_ARATH,0.869647164565784
t6963aep|RNZ1_HUMAN,0.066913096056605
t12921aep|ODO1_HUMAN,0.00903374811407564
t7001aep|VINEX_HUMAN,0.194407152563735
t6977aep|PLCL2_MOUSE,0.614068418441349
t6992aep|EMC1_CHICK,0.0353402544292542
t7003aep|NT5D1_HUMAN,0.0115991557573748
t6401aep|TEKT1_CANLF,0.129245231240269
t6394aep|LSM11_HUMAN,0.0442475297588953
t6412aep|BMPR2_HUMAN,0.078616489695983
t6393aep|MTF2_PONAB,0.104783008528176
t6355aep|TYW3_DANRE,0.0256083865782998
t6403aep|SL9B2_MOUSE,0.00148463440293539
t6368aep|RAD18_MOUSE,0.0211292953615108
t6397aep|ZMYM1_HUMAN,0.0191688058502962
t6387aep|RSAD2_DANRE,0.0255739525604642
t6362aep|CE022_DANRE,0.0444562633867164
t6400aep|COASY_PIG,0.0282180794334577
t6356aep|RFX7_HUMAN,0.0725839825422939
t16045aep|ADCY5_CANLF,0.0468153453873736
t16059aep|INT2_CHICK,0.0050089853002731
t16081aep|FLCN_RAT,0.0574520929394635
t16047aep|B3GN4_HUMAN,0.232201498120705
t16069aep|SE1BA_DANRE,0.0224447566249666
t16068aep|KI67_HUMAN,0.119943715200172
t16039aep|ROA1_XENLA,0.0637116877962274
t16090aep|CH082_HUMAN,0.00136252207332972
t17449aep|KLH20_XENLA,0.00887421030905963
t17459aep|DAAF5_MOUSE,0.0188406112494217
t17448aep|IDLC_STRPU,0.05354755164099
t17495aep|TMTC4_MOUSE,0.0191688058502962
t17450aep|MARH4_HUMAN,0.293043721688447
t29170aep|Y165_RICPR,0.00993174078952621
t17475aep|UNC47_CAEEL,0.0499373907673747
t29169aep|RL44_CANTR,0.422402157243571
t17447aep|EFCB5_MOUSE,0.0483385268936183
t17453aep|ZC21C_RAT,0.293067382053771
t17437aep|TTLL3_DANRE,0.0454009361986283
t17493aep|BUB1B_HUMAN,0.0634801261207716
t12919aep|MIRO2_BOVIN,0.0191688058502962
t17477aep|CAH13_MOUSE,0.0114168588034787
t17478aep|CAH1_MOUSE,0.0310571304919986
t12442aep|SLAP2_MOUSE,0.040286301660357
t12432aep|ODR4_XENLA,0.0460766765427464
t12457aep|SSRP1_MOUSE,0.00814092447833779
t12464aep|MTG1_HUMAN,0.0499361300618996
t12428aep|CR063_HUMAN,0.077105261459737
t12447aep|PRPX_HORVU,0.0360196272637245
t12443aep|FBP1_STRPU,0.0148685783176612
t12408aep|CEP78_MOUSE,0.0355684384113178
t12471aep|CFA61_HUMAN,0.0972884441423848
t27701aep|RSLBB_DANRE,0.0381942215318354
t12452aep|ADRB2_BOVIN,0.100595670248139
t7995aep|PP1G_HUMAN,0.160992806626101
t7997aep|GRM3_HUMAN,0.00285573306212133
t26498aep|MSH3_HUMAN,0.0191688058502962
t26493aep|LRC59_MOUSE,0.539490775336607
t8015aep|HERC2_MOUSE,0.00445216203702603
t26495aep|CENPF_HUMAN,0.0356447909236593
t8001aep|VW5B2_MOUSE,0.0114168588034787
t8019aep|GRM_DROME,0.0191688058502962
t7979aep|HDHD1_HUMAN,0.0160079494700146
t8002aep|ARL15_MOUSE,0.00397552038165052
t8013aep|BORA_HUMAN,0.0193364446448551
t8020aep|PAK4_MOUSE,0.0256662617895901
t9730aep|CBPA6_MOUSE,0.000168462974438516
t9772aep|OS9_MOUSE,0.103645646572331
t26891aep|PWP1_BOVIN,0.0980549855996292
t9753aep|RAB20_HUMAN,0.00533746261877433
t9735aep|CCD77_XENLA,0.0315703365269247
t9768aep|BIRC6_HUMAN,0.0100122410961057
t9766aep|CCD51_BOVIN,0.0121423845514386
t9777aep|PIGC_HUMAN,2.5226917843188e-05
t9754aep|ZBT49_HUMAN,0.0637804624087659
t26889aep|GRM1_RAT,0.0191688058502962
t15665aep|CNTP5_CANLF,0.440355888936968
t15646aep|GAB1_BOVIN,0.031358471536005
t15617aep|CR3L3_BOVIN,0.000179150992177322
t15620aep|CAN7_MOUSE,0.0162303307727453
t28707aep|EIF3K_DANRE,0.240733463814945
t17034aep|EYA4_MOUSE,0.0293689165357286
t17087aep|TCB2_CAEBR,0.0191688058502962
t29040aep|SYEC_ARATH,0.0191688058502962
t17069aep|DNM3A_CHICK,0.0618706549321884
t17068aep|BICR1_DANRE,0.0246276135126895
t17048aep|Y1199_DICDI,0.0132993966123314
t17047aep|OXIR_STRAT,0.20289485967228
t17055aep|KRBA2_HUMAN,0.114923191872004
t17059aep|YRD6_CAEEL,0.0191688058502962
t17093aep|TTLL9_RAT,0.0211895867314481
t17102aep|ATS6_HUMAN,0.0317077937443212
t29046aep|PGTA_PIG,0.0155794624289094
t17051aep|MCCB_DROME,0.0546401552550264
t17089aep|ABCA3_HUMAN,0.0191688058502962
t8265aep|CP17A_RANDY,0.0191688058502962
t8249aep|SPTCB_DROME,0.0395327755045104
t8244aep|RET_RAT,0.0191688058502962
t26539aep|CPNS1_BOVIN,0.0191688058502962
t8267aep|CAD96_DROME,0.0284838187810206
t8218aep|M3K1_HUMAN,0.0563163393466159
t8231aep|ZN425_MACFA,0.0114807724240321
t26541aep|UFM1_RAT,0.66125137230918
t8272aep|GSTM5_MOUSE,0.213420827003821
t8273aep|GSTM5_MOUSE,0.0718295405594997
t8235aep|GAPR1_HUMAN,1.47316405704793
t8253aep|NDOR1_DANRE,0.00699086429920768
t8225aep|PACRG_MOUSE,0.0191688058502962
t8241aep|ALS2_PANTR,0.0429408490203389
t8240aep|XRCC6_CHICK,0.0141921475776768
t8256aep|MPP10_MOUSE,0.105003421959052
t8243aep|AMX_DROME,0.0253160449956909
t8264aep|PROD_MOUSE,0.123578006731601
t8219aep|UBP37_DANRE,0.0531562981735377
t26217aep|SEP15_PIG,0.1475693488641
t7059aep|MUC2_RAT,3.01711079439401
t7050aep|TCB1_CAEBR,0.0191688058502962
t7071aep|P52K_HUMAN,0.0570791773167572
t7077aep|ARMC3_HUMAN,0.130953410031929
t7060aep|TM222_HUMAN,0.202154445107799
t7065aep|FLVC2_HUMAN,0.00607453496029552
t7052aep|FMO2_MOUSE,0.000332602048789205
t7099aep|KLH20_XENLA,0.0389201017308873
t11497aep|EMAL6_HUMAN,0.0191688058502962
t11531aep|MORN3_BOVIN,0.744634987507252
t11526aep|ADA2A_DANRE,0.0381942215318354
t11507aep|B3GLT_MOUSE,0.0530097480687293
t11509aep|LECH_CHICK,0.0381942215318354
t27469aep|DYH7_HUMAN,0.0191688058502962
t11518aep|ANK1_HUMAN,0.0381942215318354
t2307aep|DJC22_XENTR,0.0125589280219008
t2288aep|CCD18_HUMAN,0.0190630738900367
t2278aep|TTL10_RAT,0.0529490025644813
t2309aep|MKS1_HUMAN,0.0685849643130414
t2317aep|CAYP2_MACFA,0.0453181476881806
t2277aep|PLD2_BOVIN,0.0870978194758611
t12256aep|HELQ_MOUSE,0.0266895564820397
t12268aep|HD_MOUSE,0.017280091843007
t12237aep|DDC_RAT,0.0327737186809473
t12272aep|BAT1_MOUSE,0.175001066784743
t12247aep|ZZZ3_HUMAN,0.0121716228548459
t12249aep|TMM94_HUMAN,0.0241680986516228
t12284aep|SYT7_HUMAN,0.0128499414603369
t12266aep|KI13A_MOUSE,0.0147007463378227
t12282aep|TPC11_BOVIN,8.67761589783137e-05
t27633aep|KCNA2_HUMAN,0.0191688058502962
t12273aep|CE350_HUMAN,0.0392126958164373
t12276aep|ESPN_MOUSE,0.0144445916924232
t7200aep|S22AL_MOUSE,0.1312700430412
t7153aep|MICA2_MOUSE,0.119017666710724
t7202aep|VIGLN_HUMAN,0.465655253762491
t7195aep|P63_HUMAN,0.0254372680248337
t7211aep|AR13B_HUMAN,0.0735862064739427
t18104aep|CL049_CHICK,0.0188079740023089
t18154aep|AGRG4_HUMAN,0.0191688058502962
t18128aep|CARTF_BOVIN,0.0688197266953872
t29291aep|SP4_MOUSE,0.143341413563336
t18124aep|NALCN_MOUSE,0.179568294577404
t18151aep|PKHH1_HUMAN,0.0804197020268756
t29300aep|PDI22_ORYSJ,0.0381942215318354
t18145aep|GRM8_HUMAN,0.0567909237090004
t18163aep|DYH8_HUMAN,0.0381942215318354
t18142aep|ACNB_SALTY,0.0191688058502962
t18114aep|S36A1_MOUSE,0.164711631599749
t3143aep|KCP4_PINMG,0.0191688058502962
t3166aep|VIPA_SALTI,0.0105603289310187
t3120aep|SETD6_DANRE,0.0627643557728957
t3135aep|SCAPE_HUMAN,0.0682236454310312
t24782aep|CF136_MACMU,0.0172089242732101
t3175aep|PTPRB_MOUSE,0.346971379277261
t17188aep|DYH3_HUMAN,0.00993174078952621
t17220aep|ROR1_DROME,0.0186184044844944
t17178aep|TRAF2_HUMAN,0.00366250515815508
t17142aep|SSU72_DANRE,0.175862622921274
t17172aep|SPT2_CHICK,0.0908568999164381
t17158aep|GTDC1_DROME,0.0651256914557853
t17204aep|IF122_XENTR,0.0191688058502962
t17174aep|CENPJ_MOUSE,0.00562544340268771
t17182aep|PP4R4_HUMAN,0.122520349120566
t17213aep|CCD39_XENTR,0.0255580707078491
t17168aep|RHG19_CHICK,0.0179456928489897
t17179aep|MCRS1_MOUSE,0.00213309454485381
t5212aep|ASIC1_RAT,0.0328100964580454
t5232aep|SCUB2_DANRE,0.0363782678006127
t5205aep|G3ST3_MOUSE,0.946170418794846
t5186aep|ZMYM1_HUMAN,0.0191688058502962
t5230aep|CFA44_HUMAN,0.172693516415595
t5229aep|ROCK2_HUMAN,0.0449775911340731
t5231aep|PASK_MOUSE,0.121816992799924
t5236aep|SG196_MACFA,0.00698899808483603
t5184aep|LRCC1_XENLA,0.0102363266098932
t524aep|DBF4A_CRIGR,0.0336260366674419
t481aep|FA5_PIG,0.00839359387639748
t479aep|CASD1_MOUSE,0.00231582283051051
t472aep|PRP8_HUMAN,0.00800573173034049
t536aep|GRM8_RAT,0.0537212524621017
t474aep|COMP_BOVIN,0.0503677681871248
t526aep|SCN60_DROME,0.00742184283763049
t527aep|SCNA_ELEEL,0.0118702178688595
t523aep|MTMR3_MOUSE,0.0251951848611378
t478aep|MOCS1_DROME,0.0270075318130522
t9843aep|DRC7_XENTR,0.279282258042396
t9804aep|MSH5_RAT,0.0238363831311649
t9805aep|CA2D4_MOUSE,0.0347637020003569
t9842aep|OAS1_HUMAN,0.0329280724149855
t9809aep|FAN1_DANRE,0.036987032744684
t26906aep|DPOLZ_HUMAN,0.0221824654167361
t9799aep|ARMC2_BOVIN,0.0251441425059546
t9794aep|CFA70_MACFA,0.254688787898813
t9808aep|CATO_HUMAN,0.0500511346618686
t26904aep|HERC1_HUMAN,0.0233178417868611
t9800aep|DOM_DROME,0.254390292035605
t95aep|HPS3_MOUSE,0.00590594003646491
t101aep|TPP1_MACFA,0.0191688058502962
t144aep|ANXA5_CHICK,0.0241353730294596
t96aep|ASI1C_DANRE,0.0191688058502962
t166aep|PCFT_BOVIN,0.0105200239641463
t174aep|NOTCH_DROME,0.0365273308391378
t170aep|CADN_ACRMI,0.0390402816368238
t160aep|ATE1_HUMAN,0.0591621610320435
t173aep|S18B1_MOUSE,0.0916275526512973
t135aep|ANO7_RAT,0.0291029961620564
t161aep|WDR78_HUMAN,0.0476035771448525
t22614aep|COMDA_HUMAN,0.0092167331895813
t22603aep|CP17A_ICTPU,0.097064330144579
t22592aep|GAPR1_HUMAN,0.0568453124640049
t22655aep|S39AC_HUMAN,0.0245940168754317
t364aep|BOK_CHICK,0.0264730245738136
t22604aep|SGMC_DICDI,0.0143857816438506
t22633aep|COB21_ORYSJ,0.0191688058502962
t22637aep|YK66_SCHPO,0.474441792559153
t22599aep|TRPA1_RAT,0.0191688058502962
t23653aep|SDK_CAEBR,0.0295454396456857
t23665aep|MARCO_HUMAN,0.0191688058502962
t23651aep|GGT1_MOUSE,0.0229575715959455
t23649aep|HSP12_CAEEL,1.1962362004486
t23647aep|CRYAB_BOVIN,0.311883662363858
t23648aep|CRYAB_BOVIN,0.751851960537322
t23636aep|LR74B_HUMAN,0.00570803698079208
t23663aep|HMCN1_HUMAN,0.0158108809956405
t23627aep|MFSD7_DANRE,0.0221612701319143
t23637aep|EGLN3_HUMAN,0.0178296131973441
t23686aep|PGBM_MOUSE,0.0374749086533294
t18337aep|CEL3B_MOUSE,0.0187729402595278
t18306aep|KIF14_MOUSE,0.0156545771398794
t18307aep|DRKB_DICDI,0.721708417512644
t18343aep|PHF8_HUMAN,0.0570791773167572
t18339aep|AHI1_MOUSE,0.0939150335694242
t18370aep|ANKR7_MOUSE,0.252403900954296
t18353aep|C2D2A_HUMAN,0.0019754992937596
t18342aep|PABP8_ARATH,0.0238951928395611
t18373aep|AA2AR_CANLF,0.0200179987372839
t18366aep|PTPRF_DANRE,0.327292686602518
t18367aep|PTPRF_DANRE,0.400228333600592
t18320aep|RTBS_DROME,0.0191688058502962
t18321aep|GPTC2_MOUSE,0.00674534235719838
t30517aep|SNX12_HUMAN,0.233959304604212
t19782aep|HKE42_CAEEL,0.541115997129516
t21740aep|CCD84_HUMAN,0.00691076470957634
t21763aep|ADAM9_MOUSE,0.0646509881952378
t21756aep|ZMYM5_BOVIN,0.0381942215318354
t21765aep|SPG16_HUMAN,0.326511039070163
t21805aep|PROD2_XENLA,0.0530157544928006
t21789aep|ADD_ENTFA,0.0338720126566907
t21769aep|COEA1_CHICK,1.90148530657215
t21777aep|CELR1_HUMAN,0.0317555219471761
t21783aep|SGSM3_DANRE,0.00215606914658343
t9295aep|VWDE_MOUSE,0.0701846585612854
t9291aep|DPO3_OCEIH,0.0706338997410911
t9273aep|KCNA7_MOUSE,0.0381942215318354
t9289aep|TOB1A_XENLA,0.00525041724453783
t9279aep|CSKI1_RAT,0.0213284176837808
t9266aep|GTD2A_HUMAN,0.0191688058502962
t17737aep|UBE3B_MOUSE,0.00136425665098924
t17795aep|MUS81_XENTR,0.0508682096665347
t17801aep|CN159_MOUSE,0.00791340500295345
t17780aep|LRRK2_MOUSE,0.00308154983021245
t17781aep|LRRK2_HUMAN,0.0520748815834999
t17753aep|AGRL2_HUMAN,0.00369286075276304
t17796aep|CACP_COLLI,0.0981310447118659
t17782aep|ACM1_DROME,0.0381942215318354
t17749aep|H2AL_STRPU,0.0671677166042316
t17748aep|YC006_HUMAN,0.0375033602694161
t17747aep|AGRE1_RAT,0.0381942215318354
t17728aep|HYDIN_HUMAN,0.0512606457625686
t17794aep|RM02_DEBHA,0.14812953660062
t1248aep|F227B_MOUSE,0.0373036697045779
t1263aep|CATL1_BOVIN,0.00934472298742423
t24180aep|DYH5_MOUSE,0.0191688058502962
t1316aep|CA228_BOVIN,0.00453338152242855
t1269aep|GLCTK_DANRE,0.0120786671150733
t1231aep|GALT_HUMAN,0.0704839559607806
t24181aep|STING_NEMVE,0.124555711798696
t1298aep|VP13B_HUMAN,0.0381942215318354
t1299aep|VP13B_HUMAN,0.0268026960721336
t20007aep|YR818_MIMIV,0.0252694823939473
t20050aep|PPAL_RAT,0.00570803698079208
t20036aep|TC3A_CAEEL,0.0191688058502962
t20025aep|PDE6_DROMO,0.0973601750153755
t19991aep|SCC4_NEMVE,0.0302799145506606
t20049aep|AB22G_ARATH,0.00927372095228867
t20069aep|AGRG4_HUMAN,0.0418178597891671
t20000aep|RAB26_MOUSE,0.139514466793424
t20019aep|HCN4_RABIT,0.160096001732276
t20059aep|B4GN4_MOUSE,0.0160163625199512
t19990aep|K1468_MOUSE,0.0533690884651927
t20012aep|M21D2_MOUSE,0.0131162987213677
t20009aep|RH11_ARATH,0.175590209805254
t940aep|H90A1_DANRE,0.107276956170986
t903aep|AP4B1_HUMAN,0.0251727536055005
t972aep|KCNH1_RAT,0.0206337405039142
t19797aep|NDUF7_HUMAN,0.00600331369291063
t889aep|TTLL5_CHLAE,0.00794448928772738
t958aep|ACH10_CHICK,0.0191688058502962
t24111aep|DHB8_CANLF,0.00558370497181981
t1396aep|LRMP_DANRE,0.275459902993054
t1456aep|DHX37_HUMAN,0.00767470709268219
t1451aep|OGFD2_XENTR,0.0190485158392608
t1383aep|NU188_HUMAN,0.0368731401983056
t1446aep|NUP88_RAT,0.0974909665483004
t1453aep|OTOF_RAT,0.00668534426564649
t2717aep|ANO7_MOUSE,0.0540360989948051
t2635aep|NUDT9_HUMAN,0.00856542879852292
t2619aep|PIP1_DROME,0.0274338730469562
t2672aep|TOR1B_MOUSE,0.0693388911605942
t2673aep|TOR1A_MACFA,0.0424332035188908
t2674aep|TOR2A_HUMAN,0.00543867737771456
t2654aep|FBN1_BOVIN,0.0273556851146112
t2650aep|NMDZ1_HUMAN,0.0765825148196196
t2641aep|STK36_PONAB,0.0173891921244451
t2697aep|TCB2_CAEBR,0.0191688058502962
t2624aep|YTX2_XENLA,0.0191688058502962
t13837aep|TAA7A_MOUSE,0.149493734663221
t13853aep|PKD2_BOVIN,0.0381942215318354
t13854aep|PK1L2_HUMAN,0.0095639626276316
t13859aep|KIFA3_STRPU,0.20759197385681
t13902aep|P52K_HUMAN,0.0191688058502962
t13873aep|ARMC8_MOUSE,0.0366281158326362
t13877aep|TC3A_CAEEL,0.0678585425794118
t13922aep|SCND3_HUMAN,0.0381942215318354
t20893aep|RTBS_DROME,0.0191688058502962
t20885aep|FOLC_BOVIN,0.0410370290536882
t20903aep|FUCTA_DROME,0.00224108212858936
t20865aep|ZC11A_MOUSE,0.0784100019748815
t20866aep|UTP20_HUMAN,0.0230050180743611
t20812aep|STIL_XENLA,0.0347948337008741
t15042aep|LTBP1_RAT,0.00499278830514925
t15065aep|SVEP1_HUMAN,0.235398825408731
t15093aep|PGBD4_HUMAN,0.0191688058502962
t15089aep|GIN1_MACFA,0.0381942215318354
t15046aep|CROCC_MOUSE,0.811601922252344
t15028aep|CAC1A_APIME,0.085256095962126
t15776aep|PGBD2_HUMAN,0.00397552038165052
t15777aep|TMLH_BOVIN,0.0446339588299049
t15775aep|SYT11_HUMAN,1.24613872745803
t15825aep|Y023_RICCN,0.0294498411587502
t15816aep|SNED1_HUMAN,0.00112991017036244
t15765aep|TERB1_HUMAN,0.0290034652753236
t15844aep|STAC3_XENTR,0.406452910570662
t11282aep|AKA14_RAT,0.409738546790145
t15826aep|FA8A1_HUMAN,0.0368975251394174
t15849aep|S2611_BOVIN,0.262312551588107
t15769aep|NBAS_HUMAN,0.0379272365871265
t15841aep|V162_FOWPN,0.0454009361986283
t27417aep|PRKDC_XENLA,0.00556860119389214
t15764aep|S41A2_XENLA,0.0123896310934132
t15770aep|DNLI4_PONAB,0.0953045892212466
t15804aep|SAM9L_MOUSE,0.0137738374747092
t15785aep|PTN13_HUMAN,0.0766457665269796
t16220aep|GPR98_HUMAN,0.0601634881002638
t16145aep|RTBS_DROME,0.0276180069956768
t16179aep|R213A_DANRE,0.00695486285904252
t14946aep|CSN3_PONAB,0.0247853957479835
t14947aep|CFA58_MOUSE,0.29742773956094
t14936aep|GDPP1_DANRE,0.0172085884675711
t14927aep|TRI67_MOUSE,0.0234545644287125
t14915aep|IF4G1_MOUSE,0.0904320423462696
t14934aep|ARMT1_XENTR,0.0191688058502962
t14853aep|TERF2_MOUSE,0.0545320872658444
t14910aep|MGT5A_HUMAN,2.21691234502512
t14856aep|TCB2_CAEBR,0.0121043638249594
t1017aep|JERKL_HUMAN,0.0191688058502962
t988aep|TC3A_CAEEL,0.0191688058502962
t1079aep|POGZ_MOUSE,0.0109453035881088
t1083aep|OFUT1_CRIGR,0.0721147983469913
t1048aep|DMBT1_MOUSE,0.0381942215318354
t1060aep|THA11_DANRE,0.0105648853738284
t7895aep|MK07_MOUSE,0.0381136918408758
t7883aep|FGFR2_DANRE,0.324836740161537
t7884aep|RET_HUMAN,0.0565574243637647
t7861aep|QRFPR_HUMAN,0.0191688058502962
t7942aep|LTBP1_MOUSE,0.0998481500426626
t7889aep|SAMD3_MOUSE,0.0192251413310692
t7909aep|TC1A_CAEEL,0.0191688058502962
t11286aep|MYCBP_HUMAN,0.255386507747573
t3107aep|ANO10_HUMAN,0.0435491898327347
t3040aep|PGBD4_HUMAN,0.0465315081410642
t3039aep|PGBD4_HUMAN,0.0191688058502962
t3009aep|ANS1B_HUMAN,0.00480710758672024
t3105aep|SQSTM_RAT,0.315480174906185
t3011aep|CUL1_PONAB,0.0357583514757187
t14630aep|TCB2_CAEBR,0.0381942215318354
t14735aep|ZNFX1_MOUSE,0.354389360921801
t28533aep|APC11_MOUSE,0.452900881661218
t14671aep|ADGB_MOUSE,0.0908560406603755
t14623aep|U553_NEMVE,0.0547969278875865
t14650aep|TTC28_HUMAN,0.0442491679070974
t14641aep|ZMYM1_HUMAN,0.0322768301902974
t14664aep|CADN_ACRMI,0.0503891784222564
t14685aep|AZIN2_XENLA,0.0290034652753236
t14686aep|MORN1_HUMAN,0.016879118705485
t14754aep|APLP_LOCMI,0.0717886546610008
t14651aep|EST1A_PONAB,0.0306081779110472
t14753aep|RTJK_DROME,0.0103197849129938
t14679aep|MIIP_HUMAN,0.0502984456087742
t14705aep|POGK_MOUSE,0.00993174078952621
t14691aep|POL_MLVFF,0.0191688058502962
t14633aep|KMT5A_DROME,0.107163705837691
t8542aep|ZN862_HUMAN,0.00616750066321752
t8518aep|ZMYM1_HUMAN,0.0191688058502962
t8559aep|SUSD2_MOUSE,0.0191688058502962
t8573aep|LAC4_THACU,0.0125784868791975
t8582aep|DICER_XENTR,0.106865597257705
t8536aep|ECT_ACRMI,0.0509048673311011
t8562aep|GIN1_HUMAN,0.026052869044049
t8575aep|CP4B1_MOUSE,0.0506631470542141
t5860aep|KIF1A_DROPS,0.504630371302207
t5923aep|TCB1_CAEBR,0.0191688058502962
t5817aep|AL14E_BOVIN,0.0191688058502962
t5862aep|SP5K_BACSU,0.122788393804684
t5921aep|CBP_RAT,0.101127727865432
t5874aep|PGBD4_HUMAN,0.0588914773156375
t11283aep|S4A10_BOVIN,0.0592447748906735
t5848aep|TCB2_CAEBR,0.0191688058502962
t5886aep|H10A_XENLA,0.161358904857849
t5887aep|THA11_MOUSE,0.00582354014066845
t4795aep|TCB1_CAEBR,0.0191688058502962
t4796aep|TCB2_CAEBR,0.178123341584992
t4818aep|ASTA_ASTAS,0.034631554131664
t4746aep|JERKL_MOUSE,0.0191688058502962
t4779aep|TIGD1_HUMAN,0.0124490188767659
t4702aep|PTPRS_RAT,0.0471716771399786
t4696aep|GTPB6_XENLA,0.143230653659657
t4721aep|THAP9_HUMAN,0.0570791773167572
t4813aep|ANR44_CHICK,0.181970648853783
t4745aep|UBP36_MOUSE,0.0498591801275476
t4831aep|ZMYM1_HUMAN,0.0863348895988383
t8142aep|R213A_DANRE,0.0353011261826293
t8082aep|MOS1T_DROMA,0.0191688058502962
t8062aep|RTBS_DROME,0.0944390002681869
t8167aep|POGK_MOUSE,0.0112008316325451
t22519aep|JERKL_HUMAN,0.0114168588034787
t22444aep|RTJK_DROME,0.0124788069557949
t22406aep|MFSD9_HUMAN,0.00473903552946957
t22493aep|RTJK_DROME,0.0435697424433531
t22432aep|RTBS_DROME,0.0191688058502962
t22405aep|POGK_MOUSE,0.00160684320946499
t22522aep|SET1_CAEEL,0.0154888291167224
t22426aep|RTJK_DROME,0.0624817007410305
t13384aep|RPF1_PONAB,0.0941918614196846
t22403aep|ZMYM1_HUMAN,0.00600331369291063
t11396aep|AL14E_BOVIN,0.00456147762816971
t11420aep|JERKL_HUMAN,0.00278962191550159
t11402aep|P52K_HUMAN,0.0455365287820102
t11415aep|YRD6_CAEEL,0.0191688058502962
t11430aep|PIF1_PSYWF,0.0191688058502962
t11450aep|JERKL_HUMAN,0.0156040812858002
t11434aep|HMCN1_HUMAN,0.0507603129267981
t11387aep|PTPRA_HUMAN,0.0206206604846359
t11452aep|ZMYM1_HUMAN,0.0191688058502962
t11369aep|TCTP_HYDVU,0.0476437481352176
t11361aep|UAP1_MOUSE,0.026676535687412
t11368aep|RM43_BOVIN,0.383581714073212
t11438aep|TCPD_TAKRU,0.126252420447589
t11453aep|BP10_PARLI,0.024658397235875
t8685aep|SPT4H_DANRE,0.0785356510406267
t8661aep|SSRA_PONAB,1.04536389024113
t8647aep|RIR2_HUMAN,0.014253172363465
t8659aep|UB2G1_RAT,0.0424297261040297
t27939aep|GPI8_HUMAN,0.0393121934212923
t8674aep|PRP4_HUMAN,0.029043745342932
t8652aep|NUP54_RAT,0.137375152891305
t8646aep|HAKAI_MOUSE,0.0205067635205122
t15364aep|CENPA_MILFA,0.0741518869718255
t15388aep|MANB_CALSA,0.0191688058502962
t28031aep|EPG5_DANRE,0.107925034567488
t28029aep|PDIA3_PONAB,0.946448565704371
t28027aep|RS27A_DROME,0.552873703840096
t27098aep|G6PD_HUMAN,0.276030032831902
t27101aep|ORN_BOVIN,0.0147557316255486
t20734aep|DYH7_HUMAN,0.0381942215318354
t30442aep|SPG17_HUMAN,0.0191688058502962
t30156aep|PLCB3_HUMAN,0.0429655217464973
t21476aep|JOS2_MOUSE,0.0144445916924232
t4918aep|MTCH2_PONAB,0.0117967357037118
t4917aep|PDIA6_PONAB,1.09134612300068
t4939aep|EXOS2_BOVIN,0.0349335200103981
t4940aep|GCDH_BOVIN,0.0426878086890786
t4933aep|GPX3_HYLLA,0.00737693508469961
t4926aep|TBCA_RABIT,0.0627270685495605
t4931aep|RS18_BRABE,0.258743326435891
t19279aep|YF1BA_XENLA,0.0697106151145711
t19310aep|CU059_DANRE,0.25971199578098
t19273aep|SAP3_MACFA,0.100601469134973
t19304aep|HMCN1_HUMAN,0.503639286201649
t19263aep|LSM6_MOUSE,0.10839270892951
t29595aep|ATF4_MOUSE,0.413284082467111
t19287aep|NELFB_HUMAN,0.0147180956414255
t29597aep|EIF3E_NEMVE,0.168885116959887
t19302aep|BTG1_CHICK,0.494031584449007
t19291aep|COPD_RAT,0.296689972809413
t19269aep|STRAP_MOUSE,0.160220536756082
t19288aep|MK16A_XENLA,0.458376363855965
t19260aep|TSN31_MOUSE,0.0973234472825903
t19258aep|ARP6_CHICK,0.0244108722281627
t19268aep|CALM_CHLRE,0.0191688058502962
t19271aep|IF1AY_HUMAN,0.0727320342714352
t29593aep|GXLT2_MOUSE,0.000451488859933328
t19256aep|GFP_AEQVI,0.0727029885840734
t19289aep|BRE4_CAEBR,1.01707481708166
t19267aep|RL15_NEUCR,0.226653045312012
t19313aep|ACON_CAEEL,0.135065303869047
t19305aep|GAPR1_MOUSE,0.0191688058502962
t19311aep|RL7A_TAKRU,0.504495514943865
t19306aep|ERD22_HUMAN,0.82773088771609
t9538aep|PSMD8_PONAB,0.385350297685637
t9547aep|SRP68_MOUSE,0.420834653582968
t9520aep|ATG4B_CHICK,0.0202215273991915
t9537aep|CRYL1_HUMAN,0.0858790666496327
t9542aep|CCD47_PONAB,0.0216018650343598
t9551aep|TM258_MOUSE,0.762691600342815
t9577aep|RTTN_HUMAN,0.000656114610870416
t9521aep|RS23_ICTPU,0.162203655748808
t9563aep|VIR_MOUSE,0.0636989230624486
t9527aep|KIF28_MOUSE,1.58690477125666
t9556aep|RAB2_LYMST,0.231199101798157
t9548aep|MFSD8_HUMAN,0.203426786010653
t9550aep|DNJC1_MOUSE,0.438459300217631
t9559aep|CALB2_RAT,0.0907331611973712
t9531aep|AMERL_MOUSE,0.0497811835234577
t9553aep|SYNJ1_MOUSE,0.00624407477168498
t9522aep|RPF2_HUMAN,0.121802400133304
t9555aep|NHRF1_RAT,0.238954476818767
t9514aep|UBP5_MOUSE,0.115079745085334
t9512aep|MMAD_RAT,0.105118098502367
t9539aep|TECR_HUMAN,0.054719585098555
t26841aep|ZFN2B_MOUSE,0.263874423150159
t26838aep|CE152_XENLA,0.300455939226029
t9541aep|MYPH_ECHGR,1.24432009552592
t9575aep|PDCD4_CHICK,0.184735406609524
t15009aep|METK1_MOUSE,0.19702027681583
t15012aep|ATM_MOUSE,0.0381942215318354
t14998aep|SRA1_HUMAN,0.0981713382991774
t14981aep|RAB1_DIPOM,0.234794596247675
t15010aep|NB5R3_PIG,0.0323876796788568
t14968aep|IMPA1_RAT,0.0422149492765271
t14980aep|BTG1_CHICK,0.0633304888049223
t28583aep|GRM4_RAT,0.0381942215318354
t14984aep|MED27_MOUSE,0.00250745611227296
t14979aep|VPS18_DANRE,0.00644576465545664
t15000aep|SRSF7_HUMAN,0.0757698088381881
t15003aep|HEXA_HUMAN,0.0213536233996863
t14995aep|GPT11_XENTR,0.0341449609942325
t15002aep|CKS1_MOUSE,0.0216696762696605
t14971aep|TKTL2_MOUSE,0.0761300670248041
t15011aep|DUS11_BOVIN,0.168174582693345
t30430aep|SPEF2_RAT,0.0101857509025449
t13113aep|SUZ12_XENTR,0.015902466939627
t13122aep|HTXA_PSEST,0.0191688058502962
t13142aep|ZCHC4_XENLA,0.0108958877085453
t13137aep|LRC47_HUMAN,0.0498897411444202
t13101aep|NAA30_HUMAN,0.0153803550799586
t13134aep|PSDE_DROME,0.351510330317004
t13136aep|HPSE_BOVIN,0.0278996259905991
t13106aep|MAGT1_DANRE,0.331393526306691
t27840aep|RSH4A_MOUSE,0.0844299417236166
t30431aep|PABP_MAGO7,0.0191688058502962
t12875aep|HEXDC_HUMAN,0.0757617724733704
t12895aep|DJB12_MOUSE,0.0484996721730315
t12879aep|ERO1B_HUMAN,0.0661272447097186
t12860aep|5HT1R_DROME,0.0191688058502962
t12849aep|SODM_MACFA,0.570665060727261
t12862aep|FA2H_MACFA,0.00514427594375863
t12891aep|NEC1_RAT,1.38437437000885
t12893aep|SYWC_RABIT,0.334145641798845
t12858aep|MK67I_XENTR,0.0758413185823869
t12863aep|TIMP3_SCYTO,1.15217447534108
t12884aep|HOGA1_DANRE,0.103380500762025
t12867aep|ALG5_HUMAN,0.249679473735162
t12861aep|UCRI_CHICK,0.0268407330313954
t22387aep|KTAP2_IXOSC,1.03981983725
t22373aep|AATM_RAT,0.0523194517054223
t22357aep|LSM8_PONAB,0.162651013130206
t22372aep|RT07_XENLA,0.0174113129000103
t22378aep|INSM1_XENTR,0.927179987896508
t22386aep|CNIH1_PONAB,0.0615300312724066
t22400aep|RAB28_PONAB,0.125816602632738
t22369aep|RIBC2_HUMAN,0.607094796503182
t22376aep|RMD1_HUMAN,0.435739414570279
t22361aep|SFXN2_HUMAN,0.0280515566139707
t22363aep|MGA_HUMAN,0.481539363667509
t22402aep|SE1L1_HUMAN,0.108758461423258
t22381aep|SF3B4_HUMAN,0.0905145590445769
t22391aep|TM41A_BOVIN,0.00567739989095054
t3477aep|PFD6_MOUSE,0.0336491034500114
t3473aep|CH10_SCHJA,0.165678748392172
t3472aep|DDX18_MOUSE,0.198333331637607
t3462aep|WDR36_HUMAN,0.00757028139326927
t3495aep|TBC13_HUMAN,0.0642920549446795
t14217aep|TMCO1_RAT,0.057540328554508
t14197aep|NLK_RAT,0.0227826565831532
t14222aep|BACE2_MOUSE,1.28282187824959
t14194aep|WNT3_MOUSE,0.0191688058502962
t14223aep|SSXT_MOUSE,0.0847954068770779
t14208aep|HACD3_DANRE,0.0094305012325612
t14220aep|GGT1_PIG,0.0248724352541844
t14211aep|NAS4_CAEEL,0.192671926820197
t14205aep|PLK1_BOVIN,0.103456638608531
t13361aep|RRP1_MOUSE,0.272052128366256
t13380aep|CAH6_MOUSE,0.0191688058502962
t13374aep|WDR12_SALSA,0.0179945829671492
t13357aep|CTBL1_MOUSE,0.00711060925752139
t27924aep|AGRD1_BOVIN,0.0191688058502962
t13372aep|GLGB_MOUSE,0.00882926725998352
t6808aep|T229B_CHICK,0.0484303954306075
t6836aep|EIF3H_NEMVE,0.00517990376919424
t6828aep|JAGN1_XENTR,0.253735901717397
t18976aep|CYH2_CHLAE,0.0532777414292332
t3565aep|CBPB1_PIG,0.0188098833222508
t3556aep|GAS8_HUMAN,0.230830929615883
t25020aep|CAC1S_HUMAN,0.012580090653124
t29528aep|TDRD1_HUMAN,0.0372148115608364
t3584aep|ATP9B_DANRE,0.0424808282972005
t16309aep|SNW1_PONAB,0.0298972359135664
t29368aep|GRM1_RAT,0.0758265167971628
t18439aep|DRAM1_XENTR,0.264821113463589
t18467aep|ZFPL1_XENTR,0.0928027097472061
t3520aep|LHPL2_DANRE,0.0652070999842634
t3513aep|USPAL_ARATH,0.0888356228656199
t24994aep|NAS15_CAEEL,0.02644725851917
t18538aep|QORX_HUMAN,0.098853764486987
t29376aep|U2AFB_ORYSJ,0.0381942215318354
t28039aep|MYCBP_MOUSE,0.010829740570405
t13713aep|COMD5_HUMAN,1.2983318398954e-05
t13715aep|PABP2_BOVIN,0.133783925467977
t1581aep|ARL16_HUMAN,0.00476988049947592
t1602aep|HXB1_MACNE,0.0377358039430529
t26972aep|ZIFL1_ARATH,0.0191688058502962
t24159aep|DNER_HUMAN,0.0430909847999449
t26231aep|PIGV_RAT,0.00611741969715196
t7101aep|YL662_MIMIV,0.0191688058502962
t25042aep|RETST_DANRE,0.0191688058502962
t3636aep|RM30_MACFA,0.192822445906904
t24154aep|ZDHC4_HUMAN,0.00754961997277958
t21731aep|ARL8_DICDI,0.217907112689802
t30510aep|TCTP_HYDVU,0.0191688058502962
t13021aep|LACE1_MOUSE,0.00997804959378417
t1191aep|CNRP1_MACFA,0.051440873329087
t10159aep|RAB30_MOUSE,0.0105200239641463
t10149aep|GBGE_CALVI,0.118873627944885
t26629aep|HSP83_DROPB,0.0150034253575252
t26119aep|DI3L1_BOVIN,0.0525890314905431
t6649aep|GALT2_HUMAN,0.143192621756296
t12731aep|RL4A_ARATH,0.241158596797973
t12732aep|RS13_XENLA,0.263602997938985
t12714aep|RS9_DROME,0.31623693989834
t12711aep|AK1A1_MOUSE,0.0253600726746648
t12724aep|GNAS_HOMAM,0.144178709835516
t12736aep|TSN33_MOUSE,0.140088001104605
t12725aep|FBN1_BOVIN,0.0124735157510834
t12738aep|ZC3HF_HUMAN,0.14884264386157
t12726aep|VA0D1_DROME,0.0512119562957381
t22135aep|RSGI5_CLOTH,0.0380788344409
t22155aep|RS15A_RAT,0.40527222020064
t22154aep|TLL1_DANRE,0.0148659663397111
t22125aep|SYSC_RAT,0.128915716470244
t22123aep|IN80E_RAT,0.0392944523543054
t22099aep|LKHA4_BOVIN,0.0391690356265486
t22116aep|ETV1_MOUSE,0.126770073711668
t22139aep|Y2112_CLOPS,0.0740586399898229
t22130aep|STIP1_HUMAN,0.792518262672766
t22114aep|GPAT3_DANRE,0.111404299207866
t22150aep|LGMN_BOVIN,0.0513571146085842
t22137aep|PSD13_CHICK,0.0318182521656509
t22127aep|EF1G_RABIT,0.313001887973834
t22131aep|SMD1_MOUSE,0.112790721568805
t22149aep|NAS4_CAEEL,0.0285075019389131
t22157aep|RS11_RAT,0.305773564437888
t22147aep|DJC25_DROME,0.113264337913776
t22128aep|RPAB4_MOUSE,0.0748264843907877
t22105aep|RL34_DANRE,0.413667668126484
t22115aep|HEXP_LEIMA,0.429231224320022
t22107aep|MMSA_BOVIN,0.324789128451535
t22117aep|DKK3_MOUSE,0.0300367148104917
t582aep|AQP9_HUMAN,0.00321995167300276
t609aep|COPZ1_PONAB,0.161769504940786
t581aep|RS15_ELAOL,0.134408106811604
t597aep|RL28_HUMAN,0.470918917824931
t623aep|UBE2C_HUMAN,0.257570410746048
t579aep|TMF1_HUMAN,0.0326540260684536
t589aep|ATOX1_ARATH,0.452203047650335
t570aep|RPN1_PIG,0.48051511604384
t618aep|KATL1_DANRE,0.0390359910652967
t575aep|PWP2_HUMAN,0.212915497538199
t571aep|CSCL2_ARATH,0.210266765426574
t610aep|RM34_MOUSE,0.124337670730463
t624aep|PAQR6_HUMAN,0.385638492539637
t598aep|DIM1_BOVIN,0.132849284275567
t625aep|EMC3_DANRE,0.0102223404488521
t4124aep|NOTC1_DANRE,0.0127599358218002
t4122aep|RS3_RAT,0.302902558961693
t4145aep|SRP09_CANLF,0.0299695708140674
t4146aep|VATO_MOUSE,0.00368939871907894
t4165aep|API5_MOUSE,0.14863342384892
t4121aep|THTM_HUMAN,0.0187314383628489
t4168aep|COPG2_DANRE,0.228146547782346
t4130aep|MFAP1_MOUSE,0.050283516059824
t4129aep|CANT1_RAT,0.140366982369596
t4142aep|PRS6B_MANSE,0.184213331969983
t4159aep|NOL9_MOUSE,0.0673360493643443
t4155aep|I5P1_HUMAN,0.000844864374985004
t4160aep|CAPSL_MOUSE,0.00709424059728438
t4153aep|SYT9_HUMAN,0.0251428353786916
t4166aep|SERP2_MOUSE,0.724862949975318
t4162aep|KLF8_HUMAN,0.125721961843606
t5251aep|SP4_MOUSE,0.0715512443974363
t5247aep|SC5A7_CAEEL,0.279202860349827
t5248aep|NMRL1_CHICK,0.26865195622541
t5255aep|MGT4A_XENLA,1.46355968271446
t5285aep|PLOD1_CHICK,0.0344791777763517
t5256aep|PDIA5_RAT,0.579390917454745
t5264aep|WDR18_MOUSE,0.126754498057497
t5254aep|RSPH3_HUMAN,0.858996804055818
t5261aep|ACSL4_MOUSE,0.119449975762463
t5273aep|CALU_HUMAN,0.783578271366972
t5260aep|OTUD4_MOUSE,0.0719695509854186
t14589aep|EFHC2_DANRE,0.295361922329379
t14592aep|TAR1_YEAST,0.00355324486841468
t14599aep|ADDH_SCHPO,0.178345680227492
t14604aep|LFG4_MOUSE,0.110141427971628
t14615aep|HMGB2_RAT,0.0337503360225171
t14603aep|TM38B_DANRE,0.0706288717283999
t14613aep|CI085_HUMAN,0.0572797754676117
t14608aep|RCBT1_MOUSE,0.00530665637755938
t17985aep|YHKF_SCHPO,0.0658434255805588
t17988aep|HEMH_XENLA,0.0869564337268708
t17979aep|WDR26_DANRE,0.00197129187658016
t17966aep|PHF5_DROME,0.0131563946010762
t17970aep|ACAP2_CHICK,0.182154918547054
t17990aep|RRAGA_RAT,0.0190038222667553
t17969aep|T214B_XENLA,0.32152318732457
t23121aep|WWOX_MOUSE,0.00810519124352257
t23110aep|SRP19_MOUSE,0.286401646019508
t21196aep|NPRL3_MOUSE,0.356850233252362
t23113aep|TOP3B_HUMAN,0.0325174014209193
t23089aep|TMC7_MOUSE,0.0427770071797739
t23123aep|NDK5_HUMAN,0.0494651136341128
t23111aep|NAGK_MOUSE,0.0348511712076888
t11961aep|HINT2_MOUSE,0.198045689323905
t11983aep|I2BLA_XENLA,0.0189208335751604
t11980aep|PAO_MAIZE,0.0191688058502962
t11975aep|AGRB3_HUMAN,0.0191688058502962
t9887aep|LIMS2_HUMAN,0.0147683860005294
t9890aep|F199X_MOUSE,0.492756161597269
t9865aep|FZR_MOUSE,0.00999486666090406
t8759aep|NCBP2_IXOSC,0.0445569443141163
t30353aep|FBW1B_HUMAN,0.181082285478271
t8744aep|OSTC_XENTR,0.630913131164948
t390aep|PEPD_HUMAN,0.062965586136402
t384aep|S2536_CHICK,0.0218495400697805
t386aep|MTMR6_MOUSE,0.0214066692111872
t410aep|GPV_MOUSE,0.0191688058502962
t408aep|S30LA_XENLA,0.137950269935029
t387aep|SNUT2_HUMAN,0.169550808776162
t17625aep|ACTPC_ACTTE,0.000722982566151144
t17615aep|CPNE8_MOUSE,0.0706852172563473
t17628aep|CG062_MOUSE,0.115450534804471
t16267aep|KAT6A_MOUSE,0.0683586859547703
t16254aep|ITPK1_CHICK,0.0540127174269283
t16262aep|TENX_HUMAN,0.0191688058502962
t16570aep|RPP29_MOUSE,0.0768398117789714
t12498aep|PTPRR_HUMAN,0.00980920807747784
t20157aep|XRCC3_HUMAN,0.0379279499626006
t20169aep|ES1_MOUSE,0.130983788341319
t20148aep|TM181_HUMAN,0.225836171353873
t21188aep|MIC1_MOUSE,0.0124047341985669
t20144aep|VGLU3_DANRE,0.195834483996562
t9621aep|DAND5_XENTR,0.0758265167971628
t9622aep|BTG1_CHICK,0.261766652420533
t10853aep|ASL1B_DANRE,0.184010596558678
t11932aep|PLCA_HUMAN,0.0511464850554923
t4375aep|PTCD3_DROME,0.0439566043292351
t19559aep|A13CA_XENLA,0.0699181306917056
t28933aep|RM18_MOUSE,0.116141293427187
t16730aep|PSMD9_BOVIN,0.242903355913948
t414aep|TDH_BOVIN,0.0243507978503093
t9210aep|RENT3_ARATH,0.015376042274178
t16734aep|RM14_DANRE,0.0303296135437156
t28931aep|MYB_CHICK,0.0137100493728498
t28734aep|CP4V2_MOUSE,0.00400605504124674
t15864aep|ZNHI2_BOVIN,0.0126305250123743
t15858aep|KISHA_MOUSE,0.0431259844156169
t12590aep|THYN1_DANRE,0.573338312326815
t12587aep|S39A6_RAT,0.00907960615882659
t12616aep|NOA1_BOVIN,0.0298575387001784
t12617aep|PCCA_HUMAN,0.0269558149167917
t12596aep|TSP2_MOUSE,5.73162718806746
t12621aep|GYS1_RABIT,0.0941632149337376
t12602aep|A4_CAEEL,0.15623003103132
t12629aep|XPOT_PONAB,0.00641596152842532
t12586aep|SRP14_BOVIN,0.0913225704658343
t12594aep|KPYM_XENLA,0.228807439900427
t12622aep|S61A2_MOUSE,0.499683479031657
t12599aep|RM11_BOVIN,0.00828112807272135
t12600aep|STT3A_BOVIN,0.341240504512847
t12631aep|RB27A_RAT,0.0854340516384429
t12637aep|NGBR_MOUSE,0.205474891867291
t22776aep|TSN9_DANRE,0.302087455464184
t22787aep|CALX_RAT,0.279292583213625
t22783aep|MANF_BOVIN,0.654368101923049
t22779aep|RT18A_HUMAN,0.157880901944819
t15860aep|ZRAB2_CHICK,0.0192604041624224
t22758aep|TMEDA_MESAU,0.804371452584209
t22765aep|ADA10_BOVIN,0.189341404719035
t22738aep|RLA1_DROME,0.342064921235183
t22753aep|RS19_RAT,0.197171811828457
t22763aep|CATL_SARPE,0.0437564364626087
t22751aep|RSSA_HYDVD,0.449791352715871
t22760aep|GAPR1_MOUSE,0.00527275861824564
t22739aep|SND1_BOVIN,0.186404916959711
t22734aep|TCPH_BOVIN,0.0115286547454955
t22769aep|PLCX1_ARTBC,0.0381942215318354
t22752aep|B2CL2_MOUSE,0.0634774682662498
t22785aep|CT024_MOUSE,0.0019213188498176
t22735aep|ABCE1_MOUSE,0.122540007987641
t22780aep|BHMT1_XENLA,1.71573686287347
t22747aep|EGCSE_HYDVU,0.0128136027479225
t22733aep|PRS10_MOUSE,0.0139046071134006
t22750aep|CY1_HUMAN,0.217799198347952
t22773aep|THUM1_BOVIN,0.0375149228742063
t6752aep|SYVC_TAKRU,0.0191688058502962
t6755aep|MESH1_XENTR,0.0460329301735234
t6788aep|NLRP1_HUMAN,0.0191688058502962
t6783aep|PSMD7_MOUSE,0.100658185677089
t6753aep|DAP1_RAT,1.14735279457749
t6790aep|ECE1_BOVIN,0.0239799296509563
t6801aep|NCBP1_XENTR,0.232308523621827
t6796aep|RENR_RAT,0.0488004938163691
t6782aep|AP3M1_PONAB,0.0623360860629024
t6793aep|DCP1B_BOVIN,0.0293478963281769
t6762aep|TOP1_HUMAN,0.25603627250676
t6792aep|LIPG_RAT,0.0204406064638498
t6787aep|SYTC_MOUSE,0.0223790261718722
t6798aep|PDE9A_PANTR,0.0186519337145801
t6772aep|DNJB9_HUMAN,0.103426205270394
t6771aep|CD027_BOVIN,0.0869284473529717
t6797aep|RL32_RAT,0.236237547663898
t20540aep|IFT27_HUMAN,0.0157124390748277
t20534aep|ATS6_HUMAN,2.86799014480531
t20536aep|ZN367_MOUSE,0.060583617018838
t20523aep|IVD_MOUSE,0.0551173505339136
t20542aep|HS90A_CHICK,0.435827213103446
t20530aep|EMC10_XENTR,0.0926190026692507
t20522aep|ARF4_XENLA,0.290535461836166
t20553aep|CMC2_HUMAN,0.047195471073985
t20520aep|NUP50_HUMAN,0.0454195695364978
t20518aep|SC5A9_HUMAN,0.166569407183568
t20504aep|COG7_BOVIN,0.0244313526755045
t20533aep|LSG1_DANRE,0.0230403362948071
t20508aep|SC23A_XENTR,0.203638024955395
t20505aep|GLIS2_HUMAN,0.0423671781421521
t20502aep|DERL1_MOUSE,0.140414913771597
t20510aep|CCHL_CHICK,0.0129086329042423
t20544aep|COMD7_MOUSE,0.0102723883463052
t20513aep|RL18A_DANRE,0.435308454086986
t19171aep|NDUA4_DANRE,0.166747010713749
t19193aep|TF3A_LITPI,0.0555364113494717
t19159aep|U587_NEMVE,0.102629020745019
t19190aep|IF5_HUMAN,0.106365664440456
t19153aep|HERP2_DANRE,0.128631720062973
t19179aep|SIM14_HUMAN,0.185742603003949
t19158aep|RS25_BRABE,0.343829903143047
t19167aep|RL37_EMENI,0.507521618202949
t19180aep|RIR1_HUMAN,0.68556637846803
t19173aep|GUF1_TRIAD,0.0228916026960191
t19165aep|HM13_MOUSE,0.482290057717152
t19175aep|P4HTM_MOUSE,1.23000045555795
t14106aep|APT_YARLI,0.155971229294215
t14091aep|TPPC1_RAT,0.00591768537550002
t14094aep|SOCS2_HUMAN,0.0229182871684093
t14079aep|TAF11_PONAB,0.0401857463521553
t14099aep|BARD1_MOUSE,0.0158108809956405
t14095aep|APX1_HYDVD,0.0771240146875226
t14071aep|PXN1_XENLA,0.0191688058502962
t14109aep|RLGM2_TRYB2,0.185704490619558
t14090aep|RFA2_PONAB,0.0525690845077091
t1931aep|MBB1A_DANRE,0.0441756104270375
t1919aep|FAD1_MOUSE,0.0040251317672065
t1935aep|NFYA_RAT,0.0320405288921538
t2886aep|VASH1_MOUSE,0.0387341118804419
t2900aep|LRC51_BOVIN,0.196958120994355
t2923aep|EIF3F_PANTR,0.0682969038148856
t2901aep|SPRY7_HUMAN,0.00658655572526299
t2906aep|FACR2_MOUSE,0.0497433647319935
t2897aep|ABCD2_HUMAN,0.0165385505759837
t2892aep|UBE2A_MOUSE,0.0258885314343044
t2921aep|DJB11_BOVIN,0.259967387051057
t2890aep|TPPP2_BOVIN,1.1542461976304
t2905aep|COX10_HUMAN,0.0795467682978341
t16349aep|NPFF2_HUMAN,0.1312700430412
t16350aep|CNDP2_MOUSE,0.0923111758525051
t16345aep|CFA36_XENTR,0.36213464690512
t16366aep|S35B1_DROME,0.0191688058502962
t11661aep|AN32B_XENTR,0.0369943054151832
t11646aep|ADPRH_HUMAN,0.158524255852816
t11658aep|MSHR_PAPAN,0.149493734663221
t11670aep|LRGUK_MOUSE,0.050114510827221
t11640aep|ARSB_RAT,0.0316055063346635
t11050aep|TLR4_RAT,0.12416638237848
t11045aep|NSA2_BOVIN,0.166791336766915
t11639aep|TGBR3_PIG,0.00584244529625216
t11657aep|EIF3G_DANRE,0.387158022294826
t6325aep|UBXN7_PONAB,0.145674335588587
t6312aep|U669_NEMVE,0.0639395510862001
t6317aep|TM129_CHICK,0.013604550930927
t11046aep|ASZ1_ATEAB,0.00352582787532001
t6314aep|KCNA2_ONCMY,0.0191688058502962
t6322aep|MBOA7_XENLA,0.0953953402252761
t6305aep|RFC4_MOUSE,0.0111763543270339
t6328aep|ZMY10_DANRE,0.3898514451989
t21366aep|CLP1L_CHICK,0.0240540863273466
t21333aep|GNPAT_RAT,0.0127098414419813
t21351aep|ABHD4_HUMAN,0.0193327300268475
t21348aep|LTOR2_HUMAN,0.0527085158978931
t21367aep|BGLR_MOUSE,0.201100166798433
t20291aep|TBL1R_MOUSE,0.0869577751885101
t20288aep|LSM2_MOUSE,0.0488412663317312
t12994aep|NEPR1_XENLA,0.136508556146767
t12973aep|FLTOP_NEMVE,0.0714551686913966
t12987aep|FA49B_MOUSE,0.0249752253827745
t5612aep|GLYG_MOUSE,0.0290460348814521
t20938aep|ISY1_HUMAN,0.0463973284032402
t2984aep|PORCN_MOUSE,0.0104037019456049
t20920aep|8ODP_HUMAN,0.03338929106811
t684aep|RPA43_HUMAN,0.0180875793549482
t695aep|TREC_BACSU,0.0880140170226971
t24758aep|MAP11_DANRE,0.118143329762824
t731aep|PA2_APIDO,0.0191688058502962
t24766aep|HEAT3_HUMAN,0.00195067464478114
t22169aep|FGF6_MOUSE,0.0191688058502962
t24759aep|KCND3_RAT,0.0191688058502962
t20437aep|PTRD1_BOVIN,0.0569948959130888
t4641aep|HECD3_HUMAN,0.060386317964201
t25478aep|WDR91_HUMAN,0.00506516405481715
t4648aep|PDXD1_XENLA,0.0330496546979515
t2351aep|CC134_XENTR,0.105241558074711
t25473aep|CQ105_MOUSE,0.0271746563905265
t4651aep|RS3A_NEMVE,0.386176641510006
t16479aep|MPPA_PONAB,0.0520119132684942
t16469aep|PICK1_RAT,0.167070790080958
t16470aep|DCTD_RAT,0.0440604050248622
t5503aep|TM9S3_HUMAN,0.119130453874947
t5479aep|RL27A_XENLA,0.184480336055478
t5485aep|KCTD5_BOVIN,0.0277886953487839
t5483aep|GBLP_HYDVU,0.345141162500934
t5505aep|RS20_XENLA,0.243154789302564
t5494aep|EF1B_XENLA,0.027518666135881
t5492aep|CCNC_CHICK,0.0183465592035728
t12045aep|DOHH_DROME,0.0312192027781539
t12060aep|FGF1_CYNPY,0.0060976479453818
t12073aep|INO1A_XENLA,0.31106218000075
t12082aep|SVEP1_MOUSE,0.0081492407089869
t12043aep|RS12_CHICK,0.244534680272734
t12089aep|RL39_SPOFR,0.330900731470819
t12048aep|PPIB_BOVIN,0.668517921847077
t12041aep|MDHC_HUMAN,0.0918821146145415
t12086aep|TM9S2_RAT,0.138651194602801
t12037aep|PLS1_RAT,0.0488660233499146
t16476aep|AATF_CHICK,0.0875374371196881
t12063aep|RL9_ICTPU,0.201663421379136
t12090aep|RS24_PONAB,0.316862113127555
t12051aep|ARI1_DANRE,0.0157145943184231
t12031aep|GNAI_PATPE,0.138497533477246
t12065aep|NOP56_HUMAN,0.0439834851538503
t12058aep|STA5B_BOVIN,0.0539569872172838
t12053aep|EIF2A_HUMAN,0.0204604097692414
t12069aep|GALE_DICDI,0.23308210368985
t782aep|CPT1A_HUMAN,0.0287555304559415
t761aep|RS14_PODCA,0.234032741192122
t776aep|FACE1_HUMAN,0.252376290896135
t758aep|COPB_MOUSE,0.234851389215731
t771aep|FXL18_HUMAN,0.00565937097689201
t752aep|KAP1_HUMAN,0.309570371171192
t774aep|SENP8_HUMAN,0.00967896379035221
t766aep|MGRN1_DANRE,0.0132334208503411
t779aep|CDYL2_MOUSE,0.106254086595633
t768aep|FRMD3_XENTR,0.0335835521928417
t787aep|BCCIP_DANRE,0.0912287443613682
t750aep|CFA20_HUMAN,0.0377356880230736
t15252aep|MEMO1_RAT,0.0758206358837189
t25245aep|KAT5_PONAB,0.0104358947057096
t15250aep|GRM3_HUMAN,0.0148465969751512
t15218aep|MLEC_RAT,0.284088547960237
t15265aep|ZN363_HUMAN,0.0145438546063129
t15243aep|DAPP1_HUMAN,0.0312366644939062
t15261aep|HYI_DANRE,0.00422220580039923
t15236aep|DDX41_MOUSE,0.181926782240743
t15262aep|DPOE3_PONAB,0.102904511805884
t15256aep|ERP44_MOUSE,0.658274167162161
t15237aep|SLB_PROJR,0.00630816340224234
t15257aep|AUP1_DANRE,0.221280697677698
t15229aep|DNAJ1_CHLAE,0.059077799716228
t15253aep|PPR3B_BOVIN,0.280230572925358
t15238aep|DCLK3_HUMAN,0.421414772117402
t15251aep|PYG_DROME,0.0245445287850419
t2352aep|AGRIN_CHICK,0.399150783819829
t20173aep|KPRB_PONAB,0.122202004815153
t20181aep|SIR6_HUMAN,0.0305812823850556
t20195aep|FUT3_BOVIN,0.00476358130265085
t20192aep|ANK1_HUMAN,0.0191688058502962
t20179aep|CDD_DICDI,0.113984848846986
t20186aep|YXIE_BACSU,0.0368868364642309
t20198aep|CTRB_BOVIN,0.00989417320473237
t20203aep|ELL_HUMAN,0.532601292407103
t20185aep|KAD2_DANRE,0.000316596039826523
t20205aep|PSA3_BOVIN,0.062901408664739
t20199aep|PIRL_SOLLC,0.0406521861621751
t20207aep|GAR1_HUMAN,0.00929907614705679
t20174aep|DNJC7_MOUSE,0.0334249187404416
t20217aep|EIF3M_NEMVE,0.0623207950369034
t20172aep|TPM1_HYDVU,0.00260491610213958
t15939aep|CASR_RAT,0.0191688058502962
t15947aep|TATD1_BOVIN,0.0869712765260749
t15968aep|GPT11_XENTR,0.0381942215318354
t15957aep|CINP_BOVIN,0.000408046170684168
t15948aep|PCTL_MOUSE,0.137828529324875
t15963aep|2A5D_RABIT,0.0427503126526706
t3987aep|TRPM3_HUMAN,0.126149462110705
t15975aep|ZBED4_HUMAN,0.0191688058502962
t15959aep|GP107_MOUSE,0.00954186090259864
t15977aep|HNRPQ_HUMAN,0.0443546915123303
t15952aep|TGFI1_BOVIN,0.66357230436089
t20646aep|NDUS6_MOUSE,0.0194630983364998
t20660aep|LMAN1_MOUSE,0.401349627147263
t20671aep|MFSD5_MOUSE,0.035642986443151
t20663aep|LA_RAT,0.000417710394138879
t20655aep|NH2L1_XENTR,0.0357124041178451
t20659aep|NUDT3_HUMAN,0.0275444217839407
t6609aep|D39U1_BOVIN,0.040908318793613
t6632aep|AP2A2_RAT,0.0545671641669979
t6629aep|EDEM1_MOUSE,0.0414688830119676
t6620aep|MEPCE_HUMAN,0.0162458081057387
t6614aep|LS12B_DANRE,0.182327004875297
t6621aep|TRPM3_HUMAN,0.0191688058502962
t3979aep|TMED9_HUMAN,0.41983385941179
t6612aep|IF4E_RAT,0.615745633168597
t3994aep|MIC10_MOUSE,0.0549763355483165
t16643aep|PRSS8_MOUSE,1.09447418321011
t4002aep|ATLA2_MOUSE,0.135706797719192
t16668aep|SC61G_BRABE,1.17378962830558
t16645aep|1433_FUCVE,0.0381942215318354
t16648aep|ZC3HE_DANRE,0.0380581485686201
t16671aep|BUD13_RAT,0.148081677054231
t2032aep|HDAC6_MOUSE,0.0562657407777727
t2047aep|BL1S6_RAT,0.0151453040533811
t3988aep|PINX1_MOUSE,0.0145940264959957
t2045aep|DDX18_MOUSE,0.0191688058502962
t2053aep|WIPI4_DANRE,0.00879697353634614
t2059aep|PRFA_POLPE,0.0873745582428501
t12798aep|ZN593_XENTR,0.0338721623161819
t12802aep|ZNT7_MOUSE,0.61053970003627
t12805aep|TMED_NEMVE,0.587055249174367
t12821aep|ARL1_RAT,0.0248506525501643
t7830aep|FSIP1_MACFA,0.386672404170643
t7837aep|PFD2_HUMAN,0.154113501574287
t11313aep|SC22B_CHICK,0.213473836163622
t28641aep|DAG1_BOVIN,0.0253642121221756
t4343aep|UBL5_DROME,0.127964237545645
t4338aep|COMA_CONMA,0.39783217415121
t7435aep|CIB1_SHEEP,0.0339918152601456
t4339aep|CHAC1_MOUSE,0.0933713048277824
t4336aep|PARL_DANRE,0.0533690884651927
t14269aep|ACHA9_HUMAN,0.0191688058502962
t3734aep|VPS25_DANRE,0.0229791883232791
t3720aep|NAS4_CAEEL,0.244753835839711
t6867aep|SPCS2_XENTR,0.423434255352838
t6865aep|CNRP1_MOUSE,0.0105603289310187
t26368aep|YL093_MIMIV,0.0381942215318354
t7431aep|DUPD1_ANOCA,0.00746765687784802
t4887aep|PLEC_MOUSE,0.0335692702878525
t7432aep|BOULE_DROME,0.0191688058502962
t6036aep|BAF_DANRE,0.535306421899418
t26373aep|UGPA_HUMAN,0.145894905250049
t24497aep|BRA_PATPE,0.0191688058502962
t7422aep|MOS_PATPE,0.0728701538143253
t10728aep|ZMY12_HUMAN,0.0191688058502962
t7433aep|PB1_CHICK,0.106306575533496
t13323aep|FABG_THEMA,0.00749059754336047
t27902aep|SVIL_BOVIN,0.13195378820993
t20221aep|YBEY_HUMAN,0.0254760330418573
t19249aep|BINR_STAAU,0.0191688058502962
t27912aep|XKR6_HUMAN,0.0406838678301296
t29735aep|RAI1_MOUSE,0.00632848489079792
t25948aep|LOXH1_MOUSE,0.0651356340870511
t13155aep|OPN4B_XENLA,0.112919307947577
t19719aep|CDPF1_CHICK,0.0289010987290365
t29741aep|NAA20_DANRE,0.0401419924304962
t19450aep|RL10_DROME,0.312121822789687
t19441aep|SAR1B_MOUSE,0.231161052305006
t19449aep|TMOD1_BOVIN,0.141880777967178
t19457aep|CLCA_MOUSE,0.121918978251692
t15519aep|RL35_RAT,0.231876909515279
t15543aep|EIF3D_DANRE,0.333005468737551
t15518aep|FBLN2_MOUSE,0.799684346315121
t15530aep|CALR_MACFU,1.07322358027051
t19702aep|NIM1_HUMAN,0.0569368298029108
t15532aep|RL7_CAEEL,0.210595455186146
t15524aep|SAHHB_XENLA,0.0187781974996275
t15558aep|YIPF5_XENTR,0.395773688038298
t15501aep|HIPK2_HUMAN,0.171997776980226
t15525aep|NECB_HYDVU,0.138616550315064
t15520aep|HEXI2_BOVIN,0.382646974311495
t15556aep|AMPN_CHICK,0.221360595499377
t15540aep|COPA_HUMAN,0.210934279290606
t15515aep|COPB2_MOUSE,0.102751833850476
t15513aep|CHIP_CHICK,0.0423384341569338
t15503aep|STAR7_MOUSE,0.00791860368305923
t15549aep|AMID_ECOLI,3.18963905937995
t15534aep|ADPGK_MOUSE,0.196421181640999
t15527aep|ROBO3_HUMAN,0.0178398260795759
t15555aep|RPB3_BOVIN,0.0342179863376443
t1680aep|DIC_HUMAN,0.0417512023045642
t1702aep|ADDA_HUMAN,0.0482850054039567
t1701aep|TADBP_XENTR,0.0401797032695499
t1666aep|C1GLT_DROME,0.00866632939854734
t1667aep|KPB2_MOUSE,0.0690113924755672
t1688aep|CTNB_URECA,0.440930155641645
t1678aep|RDH11_MOUSE,0.0362046377236134
t1674aep|SYK_MOUSE,0.222505469064885
t1676aep|DNJC3_BOVIN,0.284291854858031
t1655aep|NDUA7_MOUSE,0.097621890698026
t19387aep|ERF1_POLMI,0.181264114826904
t19395aep|PG12A_MOUSE,0.101137195899763
t19404aep|CEBPZ_MOUSE,0.0335403116568693
t19394aep|RL14_PIG,0.234193300786215
t19424aep|DEOC_BOVIN,0.01836638708859
t19425aep|S38AA_MOUSE,0.061429996668872
t19416aep|ISOC2_XENLA,0.0877731613935647
t19414aep|SURF4_CHICK,0.491825682004114
t19410aep|CBPA4_HUMAN,0.134375595158951
t19419aep|ACDSB_RAT,0.0307542440574321
t10573aep|CALM_PNECA,0.0338939939992008
t10554aep|SRCH_RABIT,0.0353876605998052
t10532aep|DCW1_CANAL,0.0191688058502962
t10543aep|KCD16_MOUSE,0.0191688058502962
t10534aep|RS29_IXOSC,0.148231795092148
t10558aep|ARFRP_BOVIN,0.144212531377818
t10544aep|CYBP_RAT,0.137745795720031
t10563aep|KAT3_DANRE,0.175069600333657
t10530aep|SSRD_MOUSE,0.869646449290898
t10538aep|RG1BA_DANRE,0.085044780292143
t15727aep|ODB2_MOUSE,0.057343764677359
t15752aep|MED18_DANRE,0.0216226987785539
t15723aep|CMS1_MOUSE,0.0453880733144818
t15740aep|DEGS1_XENTR,0.388769834380484
t15721aep|CTXA_CARAL,0.00313585445037476
t10355aep|PCNA_MACFA,0.263258340895583
t10364aep|F173B_HUMAN,0.0141270274242197
t10377aep|OSGEP_XENLA,0.080598813937703
t10359aep|IFRD1_RAT,0.136404147954234
t10371aep|XYLK_DANRE,0.0064089552449212
t10350aep|ITPK1_BOVIN,0.0271676608177355
t16015aep|OSTF1_BOVIN,0.0140609959055883
t16019aep|DERL2_PONAB,0.265388930036345
t16000aep|NSUN2_XENTR,0.0495718358691157
t16005aep|NUD14_BOVIN,0.284608355848996
t15999aep|KAD7_HUMAN,0.139784167825377
t16002aep|NAT_MYCTU,0.0191688058502962
t15996aep|OTUD5_XENTR,0.128415061969348
t9589aep|BL1S4_MOUSE,0.162949803888501
t9585aep|MYL6B_HUMAN,0.112313183639229
t9610aep|ZFYV1_HUMAN,0.0399270624185133
t9601aep|TEAD4_CHICK,0.0494521586529394
t9580aep|ABCF1_HUMAN,0.0156891386889907
t4035aep|SUCB1_MOUSE,0.0937024008361684
t16755aep|B9D1_HUMAN,0.0366930323293953
t4028aep|GALT7_DROME,0.251810489620182
t4031aep|TMX1_MOUSE,0.1885944639615
t4044aep|DAW1_XENTR,0.106013215138416
t4026aep|TMM43_PONAB,0.0544196700497557
t4034aep|FA2H_RAT,0.0725474385575505
t4049aep|PP4R2_DROME,0.0145376841364265
t1847aep|EFCB1_XENLA,0.448803989548646
t1860aep|PSA2_HUMAN,0.138267063127508
t1850aep|RT16_BOVIN,0.0345114712007447
t1845aep|ATP5J_DROME,0.168762741757344
t21994aep|PRY1_YEAST,0.0191688058502962
t21966aep|GLPK3_HUMAN,0.102425369312429
t21981aep|CAB32_DROME,2.07647261036737
t7528aep|TMM59_PIG,0.172828737460995
t21373aep|HSBP1_BOVIN,0.12860697718147
t21397aep|MARH5_CHICK,0.0463368390876522
t21379aep|RPB9_PIG,0.0252284224908476
t8195aep|IPO9_MOUSE,0.0115977568089847
t8213aep|CLCN7_MOUSE,0.00570803698079208
t16797aep|RN170_HUMAN,0.00359447098281843
t16801aep|IF43A_SALSA,0.200616044538331
t8198aep|ARMC4_MOUSE,0.0409458209888665
t14166aep|FBXL7_HUMAN,0.0396157892862817
t14159aep|TM175_DANRE,0.0191688058502962
t14176aep|TAF10_MOUSE,0.0179654480634161
t26527aep|TXD16_MOUSE,0.0557549579251503
t12478aep|B3GN4_HUMAN,0.649971003659463
t12489aep|ZCHC9_HUMAN,0.0564457834226187
t19113aep|SHC1_RAT,0.0928341866243954
t7651aep|TM41B_XENTR,0.0347566049941688
t26521aep|BOLA4_ARATH,0.0191688058502962
t22583aep|ORCT_DROME,0.0636649644763493
t9493aep|PNPH_BOVIN,0.142249291183307
t26832aep|VKGC_SHEEP,0.210712607937825
t9507aep|T23O_AEDAE,1.56867519205382
t26837aep|CALM_PLAFA,1.34897728773961
t9497aep|TSNAX_PONAB,0.0280442179050483
t5721aep|PACE1_HUMAN,0.0157523458562328
t4500aep|GCH1_MOUSE,0.00668534426564649
t4497aep|SMG9_XENTR,0.0518637250194285
t4491aep|EAF6_DANRE,0.064093489393074
t4504aep|OBRG_DANRE,0.0709832663773143
t4501aep|ZSWM4_HUMAN,0.329046911217624
t11580aep|TPC_BOVIN,0.023222981322242
t11590aep|CHCH7_BOVIN,0.0623750212853355
t11567aep|FRMD5_MOUSE,0.0191688058502962
t11565aep|SF3B3_HUMAN,0.0646511504177816
t11562aep|PSMD6_DROME,0.17377988087176
t27472aep|CSN5_XENTR,0.0556407331799689
t11587aep|DPH6_SCHPO,0.0858613960036263
t11600aep|R4RL2_RAT,0.419862032367102
t11582aep|RL26_LITLI,0.394553205811401
t11593aep|FA46A_HUMAN,0.225460223562013
t7223aep|RRP36_NEMVE,0.0165401987388899
t7234aep|S35B2_HUMAN,0.0079042335166828
t26252aep|MANBA_HUMAN,0.126543321091651
t7221aep|S26A5_RAT,0.0127448336822215
t7214aep|CCNB3_DROME,0.0065286126997356
t5718aep|PELO_DROME,0.261974556946932
t10634aep|OTUB1_RAT,0.0306888323205413
t21492aep|RPAB3_MOUSE,0.27353003929633
t30446aep|DBR1A_XENLA,0.060209971997612
t21524aep|KBL_BOVIN,0.0368561511317113
t30444aep|AXP83_CIOIN,0.259348632591322
t21523aep|LAMA5_MOUSE,0.042745546347498
t21520aep|BRX1_MOUSE,0.140825578667753
t21500aep|ODBA_MACFA,0.0354742228268105
t21518aep|MTRR_MOUSE,0.0149377188256185
t21498aep|MBTP2_CRIGR,0.0984721704904627
t4956aep|WDR86_HUMAN,1.26089671297663
t4959aep|PABP2_ARATH,0.376169096926229
t25594aep|TMM26_HUMAN,0.157887531565797
t4960aep|CTL4_XENLA,0.119013173983243
t4973aep|MED22_DANRE,0.159972492733579
t25595aep|DYH6_HUMAN,0.0105200239641463
t19968aep|CALUA_SALSA,0.818947505662287
t19961aep|NCBP2_SINCH,0.000341807983776987
t19973aep|PEP7_YEAST,0.000260295665444173
t29888aep|TC1D2_HUMAN,0.19305862848318
t8337aep|CHP1_RAT,0.19960897982995
t29016aep|KI13A_HUMAN,0.431000144861763
t27430aep|PXDN_XENTR,0.0198325649936416
t11335aep|BRN3_CHICK,0.00421023211553981
t27436aep|CETN3_HUMAN,0.00582354014066845
t29011aep|THEGL_MOUSE,0.13315654718755
t27330aep|DAAF1_HUMAN,0.158974684284965
t11015aep|GSTT1_ARATH,0.0192667397615702
t29960aep|IKBL1_PANTR,0.0156545771398794
t20461aep|SLU7_CHICK,0.0191688058502962
t19587aep|LRC28_BOVIN,0.126128506332271
t19593aep|SPAN_STRPU,0.0602155706704253
t29675aep|RL22_RAT,0.130918329436632
t16300aep|S29A1_RAT,0.0039194992585678
t23706aep|RRS1_MOUSE,0.44056727220319
t31126aep|SLBP_MOUSE,0.0788428231767262
t31129aep|CCD40_HUMAN,0.0962645810343624
t23694aep|SPD2B_HUMAN,0.0104926320947941
t15327aep|NKRF_MOUSE,0.0311087325146662
t24303aep|RL35A_PONAB,0.475142310173439
t24301aep|RM52_DROME,0.0502081341483034
t24298aep|FANCI_HUMAN,0.000656114610870416
t24304aep|GAPR1_HUMAN,0.0191688058502962
t30765aep|IYD1_PONAB,0.535034103013424
t12348aep|DJB13_HUMAN,0.121917601118655
t30766aep|ALG8_BOVIN,0.309452459554444
t27870aep|SEN54_MOUSE,0.0469692008225869
t27856aep|ADRB2_BOVIN,0.0303151768831681
t11261aep|WDR82_DANRE,0.0444685011712309
t25255aep|PDE6D_MOUSE,0.324302230136159
t4069aep|ACL4_SCHPO,0.148963918418021
t15344aep|B4GT5_MOUSE,0.00118400109067256
t2172aep|CTF18_XENLA,0.0114385134248442
t27655aep|CNGA3_HUMAN,0.00565937097689201
t2168aep|ASL1A_DANRE,0.0191688058502962
t2169aep|SV2B_MOUSE,0.0459994517418362
t27662aep|ASF1B_XENTR,0.0434783007133109
t2157aep|RPAC1_HUMAN,0.0539419259246205
t2174aep|PSA5_MOUSE,0.214771692444267
t2163aep|COMA_CONMA,3.86987524513322
t2177aep|SAD1_CAEEL,0.417369637676041
t13436aep|RPA49_HUMAN,0.0126530561870907
t13421aep|RUND1_HUMAN,0.0689627948137824
t16435aep|ING4_CHICK,0.0070463242944814
t16432aep|MCAF1_HUMAN,0.156041574736576
t16440aep|AT1A_HYDVU,0.0150485476523297
t16456aep|RX_RAT,0.0191688058502962
t16426aep|SYT11_RAT,0.00668534426564649
t16423aep|ECE1_RAT,0.00624406671240803
t16441aep|XYLT1_HUMAN,0.0182883461715209
t14474aep|LYAG_RAT,0.00494165368089152
t28487aep|MND1_XENLA,0.00101814408944016
t27657aep|GFRP_DANRE,0.0131348889254692
t14469aep|TRIB2_HUMAN,0.592863448409391
t14460aep|SP16H_MOUSE,0.0188921402589652
t14467aep|STB5L_HUMAN,0.0249343413649548
t14481aep|FGRL1_CHICK,0.00997128187952521
t14490aep|IMDH2_DANRE,0.00520591476706363
t14440aep|TBA1C_HUMAN,0.0436013072180193
t14468aep|PLC_STAAE,4.39743077502316
t14455aep|EIF3L_NEMVE,0.162355351407105
t14485aep|SUV92_XENTR,0.0146971879834841
t14475aep|CAR11_MOUSE,0.0107857083209753
t14451aep|WDR7_HUMAN,0.0146033209492617
t14461aep|GIPC1_RAT,0.0429655217464973
t14473aep|FAF1_HUMAN,0.079200575157955
t14458aep|MFN2_MOUSE,0.0137175760243407
t14459aep|RL37A_CRYST,0.365046901598534
t14443aep|CAPA_BACSU,0.0191688058502962
t14477aep|CO1A2_ONCMY,0.0057815700183148
t3449aep|TSN11_MOUSE,2.02575834555804
t3416aep|BP10_PARLI,0.426911585198572
t3427aep|FKB2B_RHIO9,0.582054350185762
t24967aep|CND3_HUMAN,0.0318324009926615
t3447aep|CYC_PECGU,0.172318137795777
t3414aep|SGK3_PONAB,0.0629868945448427
t3436aep|GNL3_CAEEL,0.0500135243300471
t24978aep|USPAL_ARATH,0.0570791773167572
t3440aep|GSC1L_HUMAN,0.023962047013436
t3452aep|FUCT1_NEMVE,0.137603168343905
t3446aep|IP6K3_MOUSE,0.112305386496105
t3448aep|EAA2_MOUSE,0.00533746261877433
t26652aep|GBG7_HUMAN,0.109732274761816
t8475aep|TM9S4_HUMAN,0.12269620552812
t8490aep|IF4G3_MOUSE,0.178507061062157
t8498aep|SDK1_CHICK,0.0570960663819667
t8494aep|RNF26_MOUSE,0.132506386273058
t8461aep|TRM13_HUMAN,0.0572198965443953
t8474aep|NFRKB_HUMAN,0.0219415343225246
t8470aep|FMO2_PONAB,0.0162529085184069
t8491aep|IFT80_RAT,0.122417880368349
t8471aep|KLKB1_RAT,0.0191688058502962
t8484aep|AGRL3_MOUSE,0.0431831300847068
t8458aep|DCAM_XENLA,0.019958044416828
t8479aep|INX3_DROME,0.0191688058502962
t8473aep|NECX_APLCA,0.0317555219471761
t15337aep|SCRB2_HUMAN,0.122304831992974
t8420aep|PP1R8_MOUSE,0.0382520274266658
t8429aep|TAB1_MOUSE,0.0188745811998538
t8445aep|SRP72_HUMAN,0.0701552577237192
t8434aep|IDH3A_DROME,0.246193913853841
t26638aep|CHSTB_MOUSE,0.0191688058502962
t26643aep|TBC25_HUMAN,0.274263027376727
t8430aep|TTC33_XENLA,0.0911322094661653
t25983aep|SSRG_HUMAN,1.00595576629668
t25992aep|LRC71_MOUSE,0.342343032342372
t5954aep|CALM_STYLE,0.0623709591202759
t25985aep|TM208_BOVIN,0.220385330527726
t25988aep|CALM_HALOK,0.0191688058502962
t5947aep|CSR1_YEAST,0.0718713609143369
t15331aep|FZD8_RAT,0.00698899808483603
t24209aep|MED26_BOVIN,0.117796520804623
t1479aep|HAP28_RAT,0.239268499639674
t24206aep|NFAT5_HUMAN,0.0202144601492967
t28681aep|MBTP1_HUMAN,0.0100589230654862
t28680aep|RECQ5_HUMAN,0.0867554281431396
t15451aep|COMA_CONMA,0.0191688058502962
t28673aep|CHI3_CANAL,0.0257908488944065
t28684aep|YJCS_ECOLI,0.222158038421725
t21413aep|OPN4_PHOSU,0.584403512934507
t21419aep|SYN2_MOUSE,0.0191688058502962
t30423aep|GOGA4_HUMAN,0.180836340868977
t21448aep|AT2C1_HUMAN,0.115112744539338
t21447aep|FKB14_PONAB,4.14695068609919
t21443aep|CNOT4_HUMAN,0.204244843166582
t30422aep|KRP95_STRPU,0.0716368132870363
t21430aep|RAP2A_PONAB,0.100783640920299
t30420aep|MO4L1_RAT,0.0414054574050204
t30421aep|RL13A_MACFA,0.210181538033749
t30424aep|GRM8_RAT,0.0381942215318354
t26679aep|BFAR_HUMAN,0.03809362975992
t8716aep|MED31_BOVIN,0.0292478253272454
t8726aep|RPC6_MOUSE,0.0077308229973153
t8717aep|S39A9_MOUSE,0.0139745780349063
t15328aep|ERF3B_MOUSE,0.211181994231166
t21057aep|RAD17_CHLAE,0.0387153892523633
t30301aep|BLC_VIBCH,0.030902963694989
t30299aep|MGT5A_HUMAN,0.359009708484967
t21074aep|TNKS_DROME,0.0381942215318354
t30304aep|MMAC_CHICK,0.0282405355740209
t21052aep|COG2_MOUSE,0.0319224862888071
t21077aep|SYT4_HUMAN,0.0879421472912876
t21058aep|S35F3_HUMAN,0.0105441609249308
t24927aep|VAPB_BOVIN,0.340348143355405
t3370aep|RL38_MOUSE,0.0469313738709137
t3365aep|PHOCN_CHICK,0.0579534712980403
t19201aep|CPSF5_XENLA,0.153930151228049
t19204aep|UB2J2_HUMAN,0.046923852338237
t29555aep|LOX5_HUMAN,1.8348718550746
t29558aep|ROA2_PONAB,0.0197381366233739
t29552aep|DIRA2_MACFA,0.0153760993704378
t37643aep,0.0381942215318354
t31632aep,0.0934229675667949
t36338aep,0.0510151760733563
t35916aep,0.0191688058502962
t35911aep,0.433683519602958
t35918aep,0.0186797199344029
t31840aep,0.316586855503145
t38106aep,0.685794742685665
t33736aep,0.00272448120643748
t35856aep,0.0191688058502962
t33690aep,0.0398301722290913
t37365aep,0.136108515655068
t32298aep,0.0191688058502962
t33467aep,0.0191688058502962
t33475aep,0.0314121101333497
t33083aep,0.129065871051218
t38016aep,0.0299174396103259
t33587aep,0.0191688058502962
t33581aep,0.0905654525522984
t33579aep,0.0520150656836067
t33582aep,0.0191688058502962
t32813aep,0.0381942215318354
t32814aep,0.233360060782971
t32815aep,0.163059144528868
t37009aep,0.0269484064524398
t31648aep,0.00919183549724029
t38634aep,0.0570791773167572
t38632aep,0.196029851674853
t38644aep,0.0798384911357748
t34433aep,0.00149954260173305
t34432aep,0.906534249418101
t34795aep,0.0663851585261427
t32482aep,0.13647897816301
t31232aep,0.0232032586838894
t36651aep,0.0173706130728565
t36654aep,0.0191688058502962
t32260aep,0.0381942215318354
t32264aep,0.109968988580719
t35080aep,0.0293039426738497
t35089aep,0.00136193149260283
t35076aep,0.051854838098198
t35547aep,0.0381942215318354
t35405aep,0.0381942215318354
t33699aep,0.0191688058502962
t33697aep,0.0640706981819119
t33705aep,0.0191688058502962
t35854aep,0.3191608190258
t32630aep,0.0686999129124792
t32631aep,0.0308716873318426
t33661aep,0.0264730245738136
t33653aep,0.0191688058502962
t33643aep,0.0191688058502962
t32429aep,0.0191688058502962
t35072aep,0.0381942215318354
t33902aep,0.00286392030989383
t33899aep,0.0191688058502962
t33903aep,0.0381942215318354
t33895aep,0.0253335790837818
t33623aep,0.198349852312075
t31716aep,0.0570791773167572
t33186aep,0.0191688058502962
t33184aep,0.0191688058502962
t37638aep,0.0191688058502962
t36588aep,0.0191688058502962
t36589aep,0.0250470806816301
t34749aep,0.0191688058502962
t34766aep,0.177325176761377
t34763aep,0.0953129049307909
t34580aep,0.0657241040747839
t34567aep,0.0309705816435198
t32853aep,0.0191688058502962
t32844aep,0.0191688058502962
t36485aep,0.0381942215318354
t36501aep,0.0381942215318354
t36493aep,0.157389512276451
t34606aep,0.0187894912588051
t34598aep,0.0112638173574411
t36461aep,0.0243340570806978
t36472aep,0.0590436235245092
t38656aep,0.0391171051282188
t38659aep,0.0381942215318354
t35896aep,0.110601674520383
t36966aep,0.0191688058502962
t35303aep,0.0529928041615964
t35309aep,0.123669364895224
t35298aep,0.00946349679694085
t35305aep,0.0445804122983859
t37104aep,0.0191688058502962
t36374aep,0.157936169343989
t34995aep,0.649231684333128
t34988aep,0.926713637712847
t31901aep,0.451536159024595
t31911aep,0.0191688058502962
t38184aep,0.0191688058502962
t38181aep,0.0578456526162451
t32718aep,0.0191688058502962
t34182aep,0.0191688058502962
t32774aep,0.0191688058502962
t32764aep,0.0346231092889037
t32765aep,0.149230969302445
t32758aep,0.0434119153566481
t32179aep,0.0463433967651332
t34086aep,0.396498101323822
t32168aep,0.0191688058502962
t36924aep,0.0101882278018162
t36925aep,0.0559922918032536
t36931aep,0.045967549110654
t35831aep,0.0191688058502962
t35016aep,0.0099256872844504
t32095aep,0.0191688058502962
t32320aep,0.0191688058502962
t32314aep,0.847753267458009
t32318aep,0.0191688058502962
t36037aep,0.138989857117225
t36033aep,0.0748703479644426
t36034aep,0.0414636163348758
t35689aep,0.0191688058502962
t32149aep,0.0133405229726836
t32141aep,0.0191688058502962
t32142aep,0.0161387764802917
t37175aep,0.101487199103073
t37185aep,0.0113750401605314
t38438aep,0.0191688058502962
t38436aep,0.0248678609777918
t38441aep,0.0191688058502962
t38448aep,0.0282296787723459
t38434aep,0.00229602861711856
t38444aep,0.046958161862276
t36743aep,0.180727465928749
t36742aep,0.00183167145349731
t34478aep,0.0105200239641463
t34471aep,0.0269229508799872
t34683aep,0.105091934501507
t34675aep,0.0191688058502962
t34681aep,0.0191688058502962
t37715aep,0.00470789727735338
t32510aep,0.0191688058502962
t36973aep,0.108070488887835
t36978aep,0.0191688058502962
t37003aep,0.0193663523604703
t37008aep,0.0184680430120753
t35143aep,0.0341927467542179
t37976aep,0.0191688058502962
t33504aep,0.0191688058502962
t38569aep,0.0191688058502962
t38568aep,0.120544190639004
t31275aep,0.04650459004238
t31279aep,0.0381942215318354
t31281aep,0.110812336055555
t33772aep,0.157526422386565
t33782aep,0.91370619768045
t31943aep,0.0127301062656368
t31948aep,0.0191688058502962
t31928aep,0.00859259131413723
t32756aep,0.0381942215318354
t32748aep,0.0191688058502962
t33598aep,0.0266018153073986
t32364aep,0.0191688058502962
t32374aep,0.140394148709799
t38576aep,0.0191688058502962
t38412aep,0.0191688058502962
t38508aep,0.0191688058502962
t38496aep,0.042815263786604
t31726aep,1.66092703654078
t31722aep,0.0717565634680455
t31737aep,0.0191688058502962
t33105aep,0.00852518378602152
t33107aep,0.0191688058502962
t33115aep,0.0549605982502395
t33112aep,0.0191688058502962
t37458aep,0.681585489286297
t37446aep,0.0191688058502962
t36595aep,0.0191688058502962
t36597aep,0.0191688058502962
t34696aep,0.0191688058502962
t34709aep,0.185845140043217
t32294aep,0.0191688058502962
t32276aep,0.400888306211535
t32288aep,0.0152103899550452
t32279aep,0.0140379328456612
t32274aep,0.0191688058502962
t32924aep,0.0422564048247983
t32914aep,0.0191688058502962
t32904aep,0.0191688058502962
t32342aep,0.0251230636269211
t32338aep,0.0191688058502962
t32335aep,0.0191688058502962
t32874aep,0.0283835059093659
t32883aep,0.0936199480806219
t32878aep,0.170656120212289
t32891aep,0.0191688058502962
t32892aep,0.0275270161219514
t37682aep,0.0521235510170601
t37697aep,0.398241514001771
t37686aep,0.0954204483517209
t37678aep,0.0191688058502962
t37701aep,0.0248137022224687
t37677aep,0.0570791773167572
t33234aep,0.00555744785971533
t33226aep,0.333676962373095
t33227aep,0.27886738333835
t33851aep,0.0120786671150733
t33866aep,0.0310159361415804
t33863aep,0.053166896713612
t35777aep,0.0191688058502962
t35768aep,0.0191688058502962
t37424aep,0.0381942215318354
t32209aep,0.0221520732687665
t32194aep,0.0680621943608487
t32185aep,0.0191688058502962
t38734aep,0.031839018429462
t38719aep,0.0381942215318354
t38732aep,0.0394098292981466
t38738aep,0.0381942215318354
t38715aep,0.0191688058502962
t38170aep,0.0758265167971628
t38151aep,0.0191688058502962
t38143aep,0.0381942215318354
t37758aep,0.00349787097243498
t33058aep,0.0191688058502962
t33036aep,0.0508175325417961
t33064aep,0.00773496628226315
t33068aep,0.0191688058502962
t33053aep,0.0191688058502962
t33051aep,0.00668534426564649
t33038aep,0.0191688058502962
t32596aep,0.00791340500295345
t32606aep,0.0191688058502962
t32605aep,0.104493313079206
t35671aep,0.0191688058502962
t35656aep,0.0191688058502962
t35658aep,0.00332425722256446
t31418aep,0.0191688058502962
t31397aep,0.0758265167971628
t31413aep,0.0191688058502962
t31415aep,0.0381942215318354
t31420aep,0.99981235646709
t31402aep,0.00694052220160123
t31427aep,0.0379338083143069
t37794aep,0.0286425306184051
t37783aep,0.00121314154298883
t37780aep,0.0191688058502962
t34491aep,0.0191688058502962
t34515aep,0.0191688058502962
t36067aep,0.0122342911607179
t37165aep,0.0570791773167572
t36778aep,0.0381942215318354
t36792aep,0.149493734663221
t36803aep,0.0191688058502962
t36796aep,0.0319968540222299
t36800aep,0.0191688058502962
t36776aep,0.0191688058502962
t31805aep,0.0191688058502962
t31239aep,0.0191688058502962
t31814aep,0.0191688058502962
t31797aep,0.993990545036231
t31813aep,0.0174903571935628
t31806aep,0.0101417292706654
t36125aep,0.0191688058502962
t36108aep,0.139485168534564
t36107aep,0.0112008316325451
t36134aep,0.0290034652753236
t36119aep,0.00907325637241588
t36132aep,0.000708672856304826
t31307aep,0.0381942215318354
t31310aep,0.0444055650735708
t31355aep,0.133468870022752
t31308aep,0.0191688058502962
t31351aep,0.0095639626276316
t31337aep,0.00847056474276831
t37298aep,0.0299606488004401
t37306aep,0.0191688058502962
t37299aep,0.0191688058502962
t37300aep,0.0191688058502962
t37254aep,0.0191688058502962
t37287aep,0.00248494838706264
t37284aep,0.0131354903925334
t37265aep,0.0381942215318354
t37274aep,0.0191688058502962
t37286aep,0.0191688058502962
t31542aep,0.0191688058502962
t31508aep,0.00672343079337826
t31489aep,0.0191688058502962
t31526aep,0.0041778430023501
t31487aep,0.0660036288017545
t31530aep,0.011032726881424
t31537aep,0.0191688058502962
t31520aep,0.0225232866539747
t31500aep,0.0191688058502962
t31543aep,0.0191688058502962
t31505aep,0.0218566238870624
t34388aep,0.0191688058502962
t34417aep,0.0191688058502962
t34371aep,0.0191688058502962
t34423aep,1.15436851617145
t34368aep,0.00902100240445258
t34382aep,0.0191688058502962
t34380aep,0.270084427732695
t34412aep,0.0191688058502962
t34383aep,0.0191688058502962
t32568aep,0.276646182557367
t32561aep,0.025507682388618
t31243aep,0.0191688058502962
t32525aep,0.113140197248106
t32546aep,0.0247042506298124
t32538aep,0.0017049402064813
t32540aep,0.0191688058502962
t32554aep,0.0348857376052179
t32577aep,0.0191688058502962
t38291aep,0.0191688058502962
t38254aep,0.00125609582386908
t38271aep,0.00773669700579217
t38266aep,0.021881148743661
t38276aep,0.0191688058502962
t38299aep,0.0381942215318354
t38283aep,0.0191688058502962
t32049aep,0.0121043638249594
t32003aep,0.0157946556667951
t32036aep,0.0304004558420708
t31998aep,0.0191688058502962
t31994aep,0.0381942215318354
t32034aep,0.0191688058502962
t32041aep,0.363041860197231
t31996aep,0.0107244732689813
t31992aep,0.0191688058502962
t32008aep,0.053951124616192
t31989aep,0.0595134440089882
t35475aep,0.0381942215318354
t35443aep,0.0191688058502962
t35457aep,0.0191688058502962
t35459aep,0.0124788069557949
t35500aep,0.0191688058502962
t35467aep,0.0142029951967078
t35468aep,0.015796475222108
t35473aep,0.00391902478586837
t35504aep,0.080450806563066
t35502aep,0.0381942215318354
t35480aep,0.0336138430061049
t35464aep,0.0246166977761764
t35450aep,0.0191688058502962
t35499aep,0.00353033887592063
t37517aep,0.0126785403836461
t37519aep,0.00326567218898607
t37529aep,0.0539220361418969
t37524aep,0.0365151106292017
t37566aep,0.522540135532604
t37579aep,0.0119677496353649
t37580aep,0.0172659311159914
t37567aep,0.0191688058502962
t37540aep,0.0122598265489919
t37558aep,0.0381942215318354
t33012aep,0.0133405229726836
t33019aep,0.546667597381865
t33016aep,0.0381942215318354
t32979aep,0.0148256410498859
t32985aep,0.0191688058502962
t33025aep,0.0123592060920024
t32977aep,0.0381942215318354
t33017aep,0.0191688058502962
t33021aep,0.027183000828616
t35578aep,0.0191688058502962
t35583aep,0.0191688058502962
t35585aep,0.00637258747010715
t35584aep,0.00887421030905963
t35600aep,0.00997804959378417
t35591aep,0.0781207219662221
t35613aep,0.00629388362945016
t34208aep,0.0846963682952667
t34274aep,0.0258137510969868
t34251aep,0.0191688058502962
t34273aep,0.0367188082978372
t34241aep,0.0169401001405515
t34242aep,0.00780043723796201
t34275aep,0.0447675016038988
t34237aep,0.0191688058502962
t34236aep,0.0191688058502962
t34269aep,0.0436344873447787
t34211aep,0.00525897000830643
t34266aep,0.0695476452820034
t34198aep,0.0191688058502962
t34272aep,0.0501500964030452
t34235aep,0.0133422557089805
t34229aep,0.0145438546063129
t34207aep,0.000760244968385468
t34239aep,0.011990520460041
t34278aep,0.0191688058502962
t37888aep,0.0191688058502962
t37883aep,0.0345376467194763
t37899aep,0.0105200239641463
t37849aep,0.0191688058502962
t37851aep,0.00327858448503614
t37863aep,0.0191688058502962
t37907aep,0.0288798224458257
t37920aep,0.0191688058502962
t37921aep,0.0161500498462276
t37895aep,0.0191688058502962
t37858aep,0.00773669700579217
t37852aep,0.0191688058502962
t37904aep,0.0224532558688625
t37872aep,0.0313702058321615
t37873aep,0.0381942215318354
t37879aep,0.0665249775296905
t37867aep,0.0381942215318354
t37868aep,0.01238669445181
t37864aep,0.00283120820552297
t37896aep,0.028046418085992
t37865aep,0.0381942215318354
t37919aep,0.0191688058502962
t37887aep,0.0758265167971628
t37913aep,0.00600331369291063
t37338aep,0.0191688058502962
t37358aep,0.0256682702173181
t37353aep,0.00494165368089152
t37363aep,0.0191688058502962
t37364aep,0.0126719528733969
t37354aep,0.00635155775790749
t32830aep,0.0191688058502962
t37594aep,0.0191688058502962
t37593aep,0.0381942215318354
t36622aep,0.0894341337568147
t36620aep,0.420045365752997
t36617aep,0.0191688058502962
t36704aep,0.0381942215318354
t37071aep,0.0191688058502962
t37065aep,0.0278520448710415
t32455aep,1.70944897420619
t31601aep,0.0615215480501885
t36712aep,0.00750036010150182
t36710aep,0.116046624298325
t37077aep,0.0191688058502962
t34342aep,0.0079244883889754
t37991aep,0.0191688058502962
t33376aep,0.0381942215318354
t33426aep,0.0191688058502962
t34330aep,0.0431831300847068
t34136aep,0.0191688058502962
t38326aep,0.012869592326997
t36427aep,0.0191688058502962
t38324aep,0.051364594001825
t34129aep,0.0191688058502962
t36764aep,0.0191688058502962
t34908aep,0.0130160733084524
t33744aep,0.0570791773167572
t34959aep,0.00570803698079208
t34984aep,0.0191688058502962
t36178aep,0.00961355038484038
t36181aep,0.0191688058502962
t36185aep,0.0191688058502962
t35736aep,0.0303151768831681
t31762aep,0.0191688058502962
t31754aep,0.136537816710071
t34112aep,0.0191688058502962
t34115aep,0.0100589230654862
t34079aep,0.110898993848805
t34084aep,0.0570791773167572
t34065aep,0.0191688058502962
t32707aep,0.0401550818990559
t36434aep,0.0191688058502962
t36639aep,0.0191688058502962
t33170aep,0.623627768490966
t32059aep,0.0191688058502962
t38740aep,0.0758265167971628
t37613aep,0.0381942215318354
t37620aep,0.0448320978501472
t38599aep,0.0105199373655683
t33488aep,0.0191688058502962
t33487aep,0.0191688058502962
t35024aep,0.0525453799494242
t33640aep,0.0191688058502962
t34632aep,0.00738556921818899
t33091aep,0.0191688058502962
t36836aep,0.0191688058502962
t34630aep,0.269445807454769
t35112aep,0.118023859991442
t38479aep,0.0191688058502962
t32493aep,0.0381942215318354
t34319aep,0.0191688058502962
t34614aep,0.087427313134015
t34312aep,0.534825803888838
t31463aep,0.0644593713229241
t31474aep,0.0172850335286701
t36848aep,0.0191688058502962
t36886aep,0.0270825933257321
t36894aep,0.215221384495673
t32587aep,0.0191688058502962
t34806aep,0.0381942215318354
t35962aep,0.00892138135025798
t34745aep,0.0381942215318354
t35526aep,0.0191688058502962
t35255aep,0.0432148933182402
t33490aep,0.0191688058502962
t35258aep,0.0105742674124556
t34945aep,0.0391127877744528
t31963aep,0.0191688058502962
t31960aep,0.0191688058502962
t36525aep,0.00286392030989383
t36524aep,0.0191688058502962
t33130aep,0.0944390002681869
t31434aep,0.0191688058502962
t31366aep,0.0191688058502962
t37515aep,0.0191688058502962
t31697aep,0.178123341584992
t37443aep,0.0758265167971628
t37826aep,0.0995387886382099
t36198aep,0.0112017296046359
t34882aep,0.0191688058502962
t31577aep,0.0191688058502962
t31575aep,0.121203910233943
t34878aep,0.0356805549666009
t33948aep,0.0191688058502962
t33949aep,0.0381942215318354
t32936aep,0.0480446698503002
t34897aep,0.0191688058502962
t35643aep,0.0191688058502962
t34542aep,0.0191688058502962
t37777aep,0.000332602048789205
t34152aep,0.0191688058502962
t34159aep,0.0381942215318354
t34151aep,0.408241909508249
t35762aep,0.0559656320688575
t35764aep,0.0191688058502962
t35418aep,0.0191688058502962
t32443aep,0.0191688058502962
t36877aep,0.0381942215318354
t33536aep,0.0191688058502962
t34836aep,0.0191688058502962
t33821aep,0.329856164328129
t38548aep,0.0137851792219994
t35535aep,0.150135966383306
t37497aep,0.0191688058502962
t36544aep,0.0191688058502962
t33450aep,0.0191688058502962
t38235aep,0.0191688058502962
t32673aep,0.00682446498799293
t33144aep,0.0191688058502962
t33142aep,0.0533762603983014
t33146aep,0.0191688058502962
t36756aep,0.0191688058502962
t34304aep,0.0232989449825869
t36668aep,0.0191688058502962
t35178aep,0.0381942215318354
t34731aep,0.00805717764419256
t37053aep,0.0191688058502962
t37050aep,0.0944390002681869
t37713aep,0.118029661275451
t35039aep,0.0191688058502962
t36206aep,0.0293380561755508
t36210aep,0.0191688058502962
t34785aep,0.156485013869732
t31976aep,0.0103197849129938
t34784aep,0.0194188632769714
t36352aep,0.0344118613138255
t31972aep,0.0629965073875029
t33269aep,0.0191688058502962
t33555aep,0.232040981446072
t33563aep,0.0191688058502962
t33562aep,0.034320673815947
t36242aep,0.0570791773167572
t36245aep,0.00938863705181807
t36480aep,0.00830030292093572
t33871aep,0.0191688058502962
t34892aep,0.0381942215318354
t37652aep,0.10526516350823
t38704aep,0.0354231198691683
t31777aep,0.0191688058502962
t38385aep,0.0300553904882327
t35137aep,0.0436799926548475
t38372aep,0.00747700662279561
t38389aep,0.0760497908838751
t34868aep,0.583631287610201
t34866aep,2.2532771790259
t31892aep,0.0191688058502962
t32394aep,0.0322085934332778
t32388aep,0.149493734663221
t33295aep,0.0191688058502962
t33301aep,0.0469313738709137
t31708aep,0.0191688058502962
t36149aep,0.0191688058502962
t38024aep,0.405071332107214
t38028aep,0.0303151768831681
t36063aep,0.0492580787222601
t32358aep,0.00326567218898607
t6422aep,0.0191688058502962
t6425aep,0.0351210698936728
t20405aep,0.108625255811121
t29955aep,0.0191688058502962
t29956aep,0.0758265167971628
t20404aep,1.3493755436447
t1160aep,0.0191688058502962
t15184aep,0.0161440605214048
t15204aep,0.0507137760481594
t28627aep,0.0195425499303023
t26981aep,0.0154794319099003
t26982aep,0.0490634015768895
t26977aep,0.0191688058502962
t28858aep,0.0182437742439935
t5710aep,0.00978486354592837
t28509aep,0.0191688058502962
t28514aep,0.0378578134049892
t14516aep,0.0191688058502962
t28508aep,0.0459299980296555
t25926aep,0.00802814022057808
t4088aep,0.0191688058502962
t1830aep,0.1312700430412
t1825aep,0.00290419902931779
t30492aep,0.0193580177303286
t21706aep,0.363149840354277
t26429aep,0.0191688058502962
t26430aep,0.0191688058502962
t26439aep,0.0158603219236783
t12897aep,0.0191688058502962
t26433aep,0.0489200680540012
t25302aep,1.1291855277791
t25308aep,0.031403151188426
t27781aep,0.027419009557937
t28470aep,0.0191688058502962
t28476aep,1.25103827657067
t14433aep,0.32476937753512
t29438aep,0.0191688058502962
t27786aep,0.170389852499489
t13235aep,0.238790213317877
t13231aep,0.0570791773167572
t13228aep,0.0381942215318354
t26383aep,0.0191688058502962
t26385aep,0.0191688058502962
t7541aep,0.0812167050483004
t26384aep,0.0100216339974407
t7552aep,0.0914286325375501
t19699aep,0.0381942215318354
t29716aep,0.646407496246972
t19694aep,0.0414511771976652
t29713aep,0.0191688058502962
t3259aep,0.0302892330389806
t3266aep,0.0327518437075429
t24863aep,0.263276517603063
t24860aep,0.0426159322953715
t3254aep,0.0307934742136623
t6882aep,0.0160830108089253
t6898aep,0.0191688058502962
t5078aep,0.0381942215318354
t25720aep,0.0944390002681869
t29237aep,0.0191688058502962
t29234aep,0.0381942215318354
t29238aep,0.0257360741104872
t17910aep,0.0191688058502962
t17908aep,0.0191688058502962
t7304aep,0.0191688058502962
t26280aep,0.0191688058502962
t7288aep,0.0115991557573748
t26275aep,0.0381942215318354
t26279aep,0.0639780393132919
t26281aep,0.0508227724609941
t7301aep,0.607308888683885
t4518aep,0.0617069912584753
t25426aep,0.026032669211022
t4545aep,0.0191688058502962
t4544aep,0.511506188302437
t25431aep,0.0215213305730903
t4543aep,0.0944390002681869
t25417aep,0.0191688058502962
t28192aep,0.0277402535998437
t28178aep,0.0191688058502962
t14959aep,0.0381942215318354
t28566aep,0.0829635655130596
t28559aep,0.0608262602581699
t28575aep,0.0191688058502962
t1210aep,0.0144445916924232
t31073aep,0.107766231233914
t23515aep,1.75997172524097
t23535aep,0.000632522370564803
t26968aep,0.0191688058502962
t26964aep,0.206449390840997
t10079aep,0.0191688058502962
t26967aep,0.112919307947577
t24352aep,0.0121043638249594
t1885aep,0.0381942215318354
t11082aep,0.817074078863125
t27346aep,0.00609465526527335
t11059aep,0.0310196455888675
t11060aep,0.0023822487742677
t11052aep,0.164885882385062
t3651aep,0.00457331886762869
t3661aep,0.768050815645309
t3649aep,8.89701299249477e-05
t25053aep,0.0191688058502962
t12640aep,1.83553390568025
t28aep,0.0191688058502962
t11aep,0.0576337208895877
t23856aep,0.0191688058502962
t23863aep,0.0334076550329292
t17609aep,0.0191688058502962
t29179aep,0.00247251395590951
t29184aep,0.0191688058502962
t17593aep,0.0733411309810002
t17586aep,0.0381942215318354
t20807aep,0.0381942215318354
t30273aep,0.0191688058502962
t24797aep,0.00401494779101931
t3221aep,0.0191688058502962
t24794aep,0.00578828654092912
t3220aep,0.0381942215318354
t24790aep,0.0191688058502962
t27590aep,0.0191688058502962
t12102aep,0.0381942215318354
t12119aep,0.0191688058502962
t27597aep,0.0459072371501873
t12105aep,0.0191688058502962
t27584aep,0.350117436539356
t27982aep,0.16337402528617
t13595aep,0.0297146963553269
t27983aep,0.0191688058502962
t13588aep,0.0248489558222081
t13593aep,0.0381942215318354
t27981aep,0.0381942215318354
t12664aep,0.0191688058502962
t16614aep,0.431190889999596
t16626aep,0.0191688058502962
t27915aep,0.0179358760409246
t27914aep,0.0144445916924232
t27918aep,0.0191688058502962
t27913aep,0.0598587189270922
t13330aep,0.0191688058502962
t27724aep,0.0119451659619805
t28456aep,0.0502695775584637
t12701aep,0.00839359387639748
t12688aep,0.0191688058502962
t19639aep,0.0191688058502962
t29697aep,0.115239060783361
t29692aep,0.0191688058502962
t3967aep,0.0191688058502962
t25230aep,0.0176007752988097
t7409aep,0.0381942215318354
t26350aep,0.0191688058502962
t26355aep,0.0134300697798769
t7411aep,0.315918486929152
t30342aep,2.2167275772963
t21181aep,0.0191688058502962
t27568aep,0.0191688058502962
t24317aep,0.0191688058502962
t24324aep,0.0376268551485953
t29424aep,0.0180625661240284
t29425aep,0.0650010158519777
t29414aep,0.357628619550328
t29412aep,0.774022765275085
t26604aep,0.0309280838339091
t26618aep,0.0191688058502962
t8373aep,0.278633000689576
t26595aep,0.0191688058502962
t26597aep,0.0191688058502962
t8383aep,0.0172762022478581
t8390aep,1.42944571823543
t18731aep,0.0191688058502962
t24228aep,0.0191688058502962
t24219aep,0.230121291752893
t5458aep,0.61733059199875
t25834aep,0.00539275505310426
t25838aep,0.0172289902675889
t5467aep,0.1121396975472
t5449aep,0.0601964481577872
t29947aep,0.0245466582600759
t20395aep,0.0445427532861763
t29943aep,0.00390748832270589
t29931aep,0.11613453734139
t29937aep,0.0191688058502962
t29118aep,0.0381942215318354
t2515aep,0.00416854931130316
t27315aep,0.0570791773167572
t27311aep,0.536839167520884
t10984aep,0.0381942215318354
t10977aep,0.0303151768831681
t27128aep,0.0191688058502962
t27130aep,0.0065518706384423
t27124aep,0.0191688058502962
t18748aep,0.00103621648527826
t31106aep,0.0191688058502962
t23608aep,0.0191688058502962
t31108aep,0.279998777733104
t31095aep,0.0258705838323975
t23596aep,0.0285354073186552
t25463aep,0.00672343079337826
t4630aep,0.0191688058502962
t4632aep,0.149950110359623
t17021aep,0.0191688058502962
t29035aep,0.102578055517399
t29020aep,0.0377309663489712
t17008aep,0.0191688058502962
t2537aep,0.0797488649884346
t29037aep,0.0191688058502962
t27160aep,0.018218286285482
t27150aep,0.0191688058502962
t22524aep,0.0381942215318354
t30733aep,0.0631020729630698
t22535aep,0.0191688058502962
t22537aep,0.110383924167958
t30746aep,0.0191688058502962
t22545aep,0.0120518616975795
t30747aep,0.0469701645133045
t25391aep,0.0360077923758441
t4453aep,0.196029851674853
t28779aep,0.0191688058502962
t16116aep,0.0191688058502962
t16107aep,0.0191688058502962
t18868aep,0.0361618641359827
t28785aep,0.0191688058502962
t29659aep,0.0381942215318354
t16971aep,0.0191688058502962
t31090aep,0.0951622103642809
t31091aep,0.0191688058502962
t23548aep,0.0944390002681869
t23551aep,0.0191688058502962
t31082aep,0.0717793801846358
t28502aep,0.0481162560161341
t28492aep,0.11647878427899
t28497aep,0.0191688058502962
t18861aep,0.0191688058502962
t22835aep,0.288050380311997
t30861aep,0.0141046942171455
t30849aep,0.450861205561831
t24437aep,0.0297498889505209
t24443aep,0.00565937097689201
t2220aep,0.0381942215318354
t27113aep,0.0552177532486478
t27116aep,0.0191688058502962
t27829aep,0.0311838019399554
t13094aep,0.00566682016379514
t29567aep,0.0570791773167572
t29583aep,0.0489403462731546
t29570aep,0.112311981554152
t29584aep,0.186428737375862
t27529aep,0.00881696714328122
t11799aep,0.060331007717793
t11820aep,0.0731448694117391
t24419aep,0.0789986791265283
t24426aep,0.0381942215318354
t2192aep,0.531116613073885
t24436aep,0.0314921731626272
t2208aep,0.0191688058502962
t24412aep,0.303972006391665
t24414aep,0.0240355099786922
t30611aep,0.00481096744962537
t30619aep,0.0381942215318354
t30627aep,0.0570791773167572
t21851aep,0.0191688058502962
t30610aep,0.187305809276475
t30623aep,0.0191688058502962
t21855aep,0.0326094697089329
t16594aep,0.219104935528051
t25317aep,0.249429788509851
t25325aep,0.00800573173034049
t25332aep,0.0191688058502962
t4310aep,0.0191688058502962
t28890aep,0.0191688058502962
t13260aep,0.0097083342928893
t29443aep,0.0191688058502962
t9681aep,0.0191688058502962
t26876aep,0.0191688058502962
t26875aep,0.0191688058502962
t26856aep,0.00642541412509498
t25385aep,0.112919307947577
t4416aep,0.0191688058502962
t4411aep,0.0381942215318354
t25788aep,0.0780598163333924
t5304aep,0.0191688058502962
t25787aep,0.00791774028721169
t24654aep,2.35040462026659
t24659aep,0.0191688058502962
t18619aep,0.250909083574647
t9174aep,0.0191688058502962
t18609aep,0.0508682096665347
t29402aep,0.0191688058502962
t29392aep,0.0510488172837778
t18597aep,0.339713478556182
t28439aep,0.012869592326997
t9178aep,0.0381942215318354
t14342aep,0.0570791773167572
t11850aep,0.00218459086337697
t27535aep,0.0132993966123314
t9185aep,0.0191688058502962
t11830aep,0.00280230772690786
t26776aep,0.850820602442172
t2567aep,2.49949092376485
t24591aep,0.167525812503431
t2546aep,0.00533746261877433
t2579aep,0.0191688058502962
t2583aep,0.148344154576477
t26767aep,0.119390851744166
t3275aep,0.698926619890605
t3296aep,3.61083612172055
t24882aep,0.0570791773167572
t3313aep,0.0191688058502962
t28597aep,0.0191688058502962
t26777aep,0.0756347754040651
t28599aep,0.0105742674124556
t28608aep,0.00226906251096339
t13814aep,0.0381942215318354
t13834aep,0.665650846699321
t28154aep,0.0270918700238988
t28160aep,0.0597935653972417
t28137aep,0.0191688058502962
t13819aep,3.6277024164372
t13812aep,0.0191688058502962
t28148aep,0.128267930397181
t2743aep,0.0191688058502962
t2741aep,0.0243628783003139
t2745aep,0.333666419229298
t26057aep,0.0191688058502962
t24630aep,0.00937771423596762
t24619aep,0.0191688058502962
t2758aep,0.0132993966123314
t29623aep,0.0381942215318354
t19469aep,0.0416762363095964
t22811aep,0.445089601595676
t22797aep,0.0191688058502962
t30827aep,0.00902100240445258
t30846aep,0.0191688058502962
t22808aep,0.00994775135222912
t17345aep,0.0534676118732803
t17334aep,0.0191688058502962
t17348aep,0.0191688058502962
t29094aep,0.0125864835925645
t17337aep,0.00525897000830643
t17329aep,0.00685680903548475
t29259aep,0.00990723994149768
t17944aep,0.0253642121221756
t29247aep,0.0297682266634652
t29251aep,0.0258498806695324
t29266aep,0.105865344239996
t26045aep,0.0191688058502962
t23424aep,0.11708673702534
t23432aep,0.137150507932654
t31048aep,0.0298508547924236
t31042aep,0.00709424059728438
t10190aep,0.00684516815085803
t10221aep,0.0264973252125795
t10689aep,0.492085154978508
t30050aep,0.0494240273303388
t20590aep,0.0110096965875398
t3824aep,0.0683972264958898
t25095aep,0.0451571485239242
t6341aep,0.0191688058502962
t6345aep,0.0191688058502962
t3806aep,0.000599051908839079
t3827aep,0.07995561937536
t29452aep,0.0381942215318354
t18788aep,0.0191688058502962
t29472aep,0.0680621943608487
t29450aep,1.33686390329989
t29462aep,0.0164754769670518
t29487aep,0.332463381069827
t29496aep,0.0758265167971628
t27682aep,0.0191688058502962
t27691aep,0.0191688058502962
t27675aep,0.33327526546051
t27683aep,0.0191688058502962
t12391aep,0.0191688058502962
t30359aep,0.0191688058502962
t16956aep,0.943895367782423
t30374aep,0.154731209581986
t7030aep,0.020869729736003
t7033aep,0.0132993966123314
t7023aep,2.61829625418701
t26203aep,0.12264146664165
t26206aep,0.0463039653428589
t30977aep,0.0804080687433577
t23330aep,0.0191688058502962
t30967aep,0.0570791773167572
t23897aep,0.0381942215318354
t23893aep,0.0755527972170455
t196aep,0.0381942215318354
t23909aep,0.0191688058502962
t26479aep,0.0191688058502962
t26457aep,0.0114168588034787
t7805aep,0.0863556748147804
t26474aep,0.0124490188767659
t26469aep,0.024658397235875
t24459aep,0.0128499414603369
t24461aep,0.0263457440479645
t24465aep,0.0570791773167572
t2233aep,0.0944390002681869
t25354aep,0.0166036170112465
t7314aep,0.0191688058502962
t26314aep,0.0206337405039142
t26308aep,0.0394482087986129
t7336aep,0.0362462200358356
t26315aep,5.53585717637985e-05
t7328aep,0.123669364895224
t24944aep,0.0268848183498099
t24958aep,0.322696062202702
t3384aep,0.0455657307756301
t24952aep,0.923369925784714
t24949aep,0.0977215082103271
t24950aep,0.0191688058502962
t24955aep,0.0191688058502962
t24964aep,0.00859259131413723
t23345aep,1.00240063337868
t12576aep,0.083270471883269
t31019aep,0.0303151768831681
t31016aep,0.0375368817642383
t30809aep,0.0191688058502962
t30913aep,0.0119023755358987
t23059aep,0.0191688058502962
t30919aep,0.00560569879506781
t23071aep,0.0191688058502962
t30918aep,0.0278739996642291
t30905aep,0.123669364895224
t24253aep,0.104100437837257
t24247aep,0.0442443700877368
t24232aep,0.0191688058502962
t24245aep,0.0119703657837057
t24250aep,0.0191688058502962
t25757aep,0.0570791773167572
t25765aep,0.00788979164070231
t25772aep,0.0191688058502962
t25767aep,0.0305948393901215
t25775aep,0.0191688058502962
t25748aep,0.0381942215318354
t29839aep,0.0509645534884429
t29835aep,0.0112008316325451
t17390aep,0.0191688058502962
t29142aep,0.287861778746036
t29153aep,0.0191688058502962
t17384aep,0.0191688058502962
t10750aep,0.0381942215318354
t27248aep,0.00681738983284748
t27241aep,0.293918192246042
t27249aep,0.0191688058502962
t27244aep,0.0825255236537037
t12569aep,0.918583376038653
t24846aep,0.00153616640685855
t24844aep,0.014726887450383
t3224aep,0.0680621943608487
t24842aep,0.0191688058502962
t24845aep,0.00700725352948241
t24832aep,0.00397552038165052
t24833aep,0.0191688058502962
t24822aep,0.0758265167971628
t24843aep,0.0315739072748995
t2613aep,0.0191688058502962
t25542aep,0.320637833992172
t25550aep,0.011990520460041
t25530aep,0.0191688058502962
t25544aep,0.0191688058502962
t25532aep,0.241396561707705
t24910aep,0.0191688058502962
t24911aep,0.0191688058502962
t24890aep,0.00978486354592837
t24909aep,0.0307239590968475
t25505aep,0.00418926049228634
t25486aep,0.115668796297151
t25491aep,8.31810784810563e-05
t25521aep,0.0133405229726836
t4674aep,0.294367006160722
t25509aep,0.053277210683113
t25497aep,0.0191688058502962
t25504aep,0.0191688058502962
t25490aep,0.0209234896132507
t20563aep,0.367559952234004
t20559aep,0.00705173901762498
t2594aep,0.00304782911611786
t20562aep,0.0329280724149855
t29985aep,0.0901568349710466
t30022aep,0.0381942215318354
t24608aep,0.00565937097689201
t20555aep,0.0191688058502962
t30031aep,0.030679714149954
t30024aep,0.0191688058502962
t25880aep,0.0290935125981388
t25890aep,0.0127301062656368
t25884aep,0.0670745193067565
t25903aep,0.0191688058502962
t25856aep,0.383138228367762
t25857aep,0.228265951321006
t25882aep,0.00430525594230294
t25889aep,0.0110182901824606
t25859aep,0.0191688058502962
t25870aep,0.0191688058502962
t24596aep,4.17210117241925
t5564aep,0.0191688058502962
t25866aep,0.0191688058502962
t24599aep,0.0188196930503075
t26563aep,0.00571350111742427
t26556aep,0.0013988797338444
t26566aep,0.0310159361415804
t26586aep,0.0641555134592342
t26550aep,0.0191688058502962
t14244aep,0.096386298717763
t28242aep,0.0191688058502962
t28281aep,0.0191688058502962
t28282aep,0.0645552461453144
t28255aep,0.0191688058502962
t28285aep,0.0195184104163262
t28262aep,0.0191688058502962
t14231aep,0.0376948391071725
t28289aep,0.0191688058502962
t29791aep,0.0318753571418763
t29780aep,0.0191688058502962
t29772aep,0.00353794204510368
t29765aep,0.0202212839735426
t29788aep,0.0139026567334461
t29774aep,0.0387175207785634
t29793aep,0.0417443904583823
t19747aep,0.441841109583566
t19730aep,0.0191688058502962
t19721aep,0.0758265167971628
t29747aep,0.0148465969751512
t24695aep,0.0191688058502962
t24704aep,0.0303151768831681
t24686aep,0.0191688058502962
t2861aep,0.454751915014217
t24690aep,0.00616305854977706
t24737aep,0.0191688058502962
t24681aep,0.0381942215318354
t24680aep,0.0191688058502962
t24700aep,0.0115762504850288
t2849aep,0.0381942215318354
t31185aep,0.0149790030059358
t19917aep,0.014973921813303
t23795aep,0.0191688058502962
t31143aep,0.0196452007533073
t31213aep,0.0153760993704378
t31161aep,0.0191688058502962
t31147aep,0.0041778430023501
t31197aep,0.0267621126873315
t31141aep,0.354972839871623
t30576aep,1.58209182146951e-05
t30557aep,0.042920465763614
t30577aep,0.0191688058502962
t30552aep,0.0191688058502962
t30554aep,0.0137483029994077
t30547aep,0.0321638614988563
t30545aep,0.0466726508508524
t30596aep,0.0101857509025449
t30598aep,0.0191688058502962
t30581aep,0.0111586436737318
t19916aep,0.586733248156102
t30583aep,0.00289156181278898
t30578aep,0.0243237181264126
t30563aep,0.0228257104444423
t30594aep,0.00304782911611786
t21824aep,0.0128136027479225
t21817aep,0.0191688058502962
t30538aep,0.0191688058502962
t20693aep,0.345840169786735
t30079aep,0.0191688058502962
t30145aep,0.0191688058502962
t30078aep,0.0191688058502962
t30091aep,0.0594162571697283
t19927aep,0.0191688058502962
t20700aep,0.0191688058502962
t30073aep,0.00682446498799293
t30142aep,0.00483517488103673
t30144aep,0.0191688058502962
t30103aep,0.000143126068381201
t30121aep,0.0570791773167572
t30085aep,0.0052983024448732
t30092aep,0.215844581363698
t30070aep,0.0634526410383345
t30131aep,0.00224108212858936
t30093aep,0.0264990737265839
t30094aep,0.0289326556230369
t20690aep,0.0348200713483345
t30072aep,0.057801820268886
t30128aep,0.0191688058502962
t30129aep,0.0191688058502962
t20721aep,0.0348582734939602
t30112aep,0.350959871410712
t30088aep,0.0381942215318354
t30089aep,0.0191688058502962
t5073aep,0.0140890204962121
t25649aep,0.012580090653124
t25703aep,0.00499278830514925
t25673aep,0.0226417320673424
t25647aep,0.0631529045539761
t25641aep,0.0191688058502962
t25658aep,0.0191688058502962
t25663aep,0.0987605963944336
t25644aep,0.00686791289155695
t25655aep,0.0110096965875398
t25674aep,0.00686791289155695
t25664aep,0.0191688058502962
t25216aep,0.011431106311562
t25160aep,0.0191688058502962
t25175aep,0.0191688058502962
t25131aep,0.0191688058502962
t25219aep,0.0688370432376846
t25217aep,0.00633879644063628
t25136aep,0.0060976479453818
t25164aep,0.00946349679694085
t25142aep,0.0191688058502962
t3947aep,0.627043523883536
t25200aep,0.0191688058502962
t25153aep,0.00942561559962952
t25195aep,0.0191688058502962
t25176aep,0.0319001147013466
t25212aep,0.0348857376052179
t25209aep,0.0191688058502962
t13747aep,0.0571535447231696
t28056aep,0.00416854931130316
t28083aep,0.0113361001011941
t28108aep,0.0191688058502962
t28109aep,0.0144425863181725
t28078aep,0.0307072014481644
t28082aep,0.0334700073739625
t28086aep,0.000332602048789205
t28101aep,0.0176720759082275
t28090aep,0.0191688058502962
t28067aep,0.0944390002681869
t28100aep,0.012518195403504
t28052aep,0.0381942215318354
t28121aep,0.0191688058502962
t24009aep,0.0336870453137512
t24010aep,0.0232448483512779
t24023aep,0.0191688058502962
t23968aep,0.0479039838763603
t23969aep,0.00112991017036244
t23979aep,0.0597935653972417
t23995aep,0.02439778554163
t433aep,0.0191688058502962
t23940aep,0.094459174953586
t449aep,0.0978189318999292
t23985aep,0.0191688058502962
t24005aep,0.0758265167971628
t453aep,0.0191688058502962
t23953aep,0.0253335790837818
t23977aep,0.0191688058502962
t24011aep,0.0161440605214048
t24032aep,0.460238934318145
t23994aep,0.00546087501501723
t23978aep,0.0191688058502962
t24026aep,0.0191688058502962
t23958aep,0.0197387272784181
t30254aep,0.0101417292706654
t20781aep,0.0191688058502962
t30223aep,0.0599567170572412
t30169aep,0.0271147216876461
t30230aep,0.0314744345583054
t30229aep,0.0594473328623683
t30196aep,0.0191688058502962
t30249aep,0.0191688058502962
t30175aep,0.0191688058502962
t30239aep,0.0321063276750546
t30185aep,0.0457697741347316
t30198aep,0.00160684320946499
t30200aep,0.0191688058502962
t30262aep,0.0371619785177265
t30261aep,0.0213699041719844
t30263aep,0.0191688058502962
t20769aep,0.0381942215318354
t30189aep,0.0202184440183263
t30190aep,0.0297498889505209
t30242aep,0.0145438546063129
t30193aep,0.033541108590677
t18020aep,0.395182351710528
t14303aep,0.0191688058502962
t28375aep,0.00248494838706264
t28307aep,0.00582373500898219
t28418aep,0.011698543415308
t28395aep,0.00937771423596762
t28305aep,0.0229329040042453
t28379aep,0.0381942215318354
t28348aep,0.00887421030905963
t28422aep,0.0292915004053364
t28421aep,0.0145448968942853
t28303aep,0.0250373650728305
t28329aep,0.0191688058502962
t28399aep,0.0570791773167572
t28400aep,0.0113750401605314
t28401aep,0.0191688058502962
t28340aep,0.00707191525260982
t28407aep,0.0321417144029071
t28409aep,0.0197340885378443
t28415aep,0.0191688058502962
t28325aep,0.0300553904882327
t28423aep,0.0090402653636471
t10248aep,0.181972770500725
t27049aep,0.0189191850570231
t27021aep,0.0191688058502962
t27032aep,0.00291469477673348
t27065aep,0.0381942215318354
t27040aep,0.0724555159258894
t27093aep,0.00744760889227415
t27054aep,0.0191688058502962
t27055aep,0.0191688058502962
t27042aep,0.0191688058502962
t27063aep,0.0559072140131704
t10266aep,0.0122931264320662
t27036aep,0.446068253448346
t27016aep,0.0394639667188246
t10245aep,0.539769713147888
t10226aep,0.0570791773167572
t27060aep,0.014726887450383
t27046aep,0.00635155775790749
t10256aep,0.0978810166025815
t27068aep,0.0191688058502962
t27074aep,0.0191688058502962
t27070aep,0.0191688058502962
t27022aep,0.0191688058502962
t10271aep,0.0426228609413373
t10244aep,0.0860014030721487
t10265aep,0.0191688058502962
t19360aep,0.0570791773167572
t19356aep,0.0191688058502962
t19366aep,0.0191688058502962
t19364aep,0.144984325195398
t19361aep,0.0201762561011728
t29612aep,0.0191688058502962
t18094aep,0.0107244732689813
t18096aep,0.000143126068381201
t46aep,0.00893424719012802
t18082aep,0.239070668991613
t18092aep,0.00576962118838654
t29280aep,0.0191688058502962
t18075aep,0.0191688058502962
t1768aep,0.0131226546884576
t1764aep,0.00565937097689201
t1776aep,0.619301513901499
t1787aep,0.00239166978047839
t1771aep,0.0306942444145034
t1766aep,0.0129172957637019
t1773aep,0.0191688058502962
t49aep,0.483415365816712
t15397aep,0.239714764737386
t28653aep,0.00602749004423362
t28656aep,0.0191688058502962
t329aep,0.0191688058502962
t351aep,0.00285573306212133
t29690aep,0.301055232448917
t19619aep,0.293918192246042
t29689aep,0.0191688058502962
t19630aep,0.00603851826082599
t19628aep,0.0399949392591243
t29684aep,0.0191688058502962
t19632aep,0.0191688058502962
t10057aep,0.0191688058502962
t25119aep,0.0191688058502962
t2376aep,0.123669364895224
t2380aep,0.0944390002681869
t2391aep,0.14767752570724
t2386aep,0.163945823735086
t2364aep,0.0291081953638524
t13482aep,0.469116864790989
t13497aep,0.0191688058502962
t13492aep,0.0570791773167572
t20122aep,0.0381942215318354
t20137aep,0.0191688058502962
t29909aep,0.0381942215318354
t25610aep,0.0775702657281166
t5000aep,0.050614408402022
t1723aep,0.0191688058502962
t13643aep,0.01238669445181
t13613aep,0.0191688058502962
t27991aep,0.0191688058502962
t13629aep,0.527597156353132
t9709aep,0.360498985227095
t9721aep,0.0191688058502962
t9710aep,0.0191688058502962
t9707aep,0.421578352047489
t9714aep,0.0191688058502962
t9704aep,0.0191688058502962
t29270aep,0.0191688058502962
t30316aep,0.0836953175359072
t21089aep,0.10526516350823
t30311aep,0.00338317181186444
t21099aep,0.0191688058502962
t21083aep,0.0191688058502962
t21100aep,0.0299707192696482
t29710aep,0.0041778430023501
t19664aep,1.19179329794266
t24557aep,0.0191688058502962
t24549aep,0.0191688058502962
t24548aep,0.0191688058502962
t30687aep,0.00578828654092912
t22242aep,0.0191688058502962
t18023aep,0.547459952960175
t26727aep,0.0191688058502962
t8962aep,0.0191688058502962
t8977aep,0.0639944871770163
t4595aep,0.0119451659619805
t4597aep,0.0148465969751512
t25453aep,0.0191688058502962
t25442aep,0.0462072879143611
t28820aep,0.228423019899017
t15903aep,0.129199787448291
t15922aep,0.0835728445611445
t15926aep,0.0191688058502962
t15927aep,0.0191688058502962
t16238aep,0.0191688058502962
t1097aep,0.0190433153754451
t1123aep,0.0100680969165993
t1090aep,0.373918852631829
t1092aep,0.0191688058502962
t20276aep,0.0769559681333775
t20266aep,0.737864703519919
t19906aep,0.0191688058502962
t19867aep,0.0191688058502962
t18193aep,0.04752646847006
t17423aep,0.0381942215318354
t17402aep,0.0191688058502962
t17409aep,0.0191688058502962
t19517aep,0.0191688058502962
t19514aep,0.257698844442104
t19526aep,0.252508234828209
t19521aep,0.275334526668165
t17831aep,0.0191688058502962
t17826aep,0.0191688058502962
t29210aep,0.0381942215318354
t17823aep,0.0110324838254043
t17820aep,0.0191688058502962
t29540aep,0.0191688058502962
t29538aep,0.0191688058502962
t3609aep,0.281880137640145
t3611aep,0.0404305683034301
t3603aep,0.0191688058502962
t565aep,0.0269803600924108
t542aep,0.0191688058502962
t24048aep,5.20656498082242
t554aep,0.356220538841832
t27390aep,0.284362936780586
t567aep,0.0191688058502962
t27848aep,0.0191688058502962
t11243aep,0.1312700430412
t13189aep,0.0191688058502962
t19849aep,0.0502266146824226
t19859aep,0.0381942215318354
t29853aep,0.0191688058502962
t27396aep,0.0191688058502962
t19840aep,0.275922823100955
t29222aep,0.0191688058502962
t17882aep,0.349110635795392
t17878aep,0.0191688058502962
t19049aep,0.00787829598895367
t29543aep,0.0368228356880557
t10031aep,0.0381942215318354
t10041aep,0.0191688058502962
t10022aep,0.0196244688232252
t10025aep,0.0222920552085648
t21251aep,0.0191688058502962
t22327aep,0.0381942215318354
t21255aep,0.00887934274873596
t21269aep,0.00286154706240741
t21258aep,0.097248373069716
t30942aep,0.167592840619152
t23206aep,0.0191688058502962
t22353aep,0.0381942215318354
t23219aep,0.0477691789418854
t23192aep,0.0191688058502962
t23193aep,0.0191688058502962
t8624aep,0.022578660549954
t8639aep,0.0191688058502962
t8637aep,0.127022880678642
t26662aep,0.0510789788592865
t6252aep,0.0191688058502962
t22345aep,0.106882003921006
t6462aep,0.0191688058502962
t11675aep,0.00905250075629738
t9988aep,0.00990723994149768
t9976aep,0.0141046942171455
t9438aep,0.0145438546063129
t26820aep,0.0795520328752079
t9469aep,0.0117900431120698
t23299aep,0.053166896713612
t23308aep,0.0191688058502962
t23286aep,0.114503705406524
t18565aep,0.0893359847700891
t18591aep,0.0158108809956405
t21130aep,0.68372232602348
t21156aep,0.0475547127963124
t21129aep,0.102397009121527
t30326aep,0.0191688058502962
t25851aep,0.0191688058502962
t5545aep,0.182322094441073
t5516aep,0.0160452776372065
t17118aep,0.0400119968321527
t17110aep,0.140663357991692
t17128aep,0.0337105968348078
t29059aep,0.0520292429609275
t29053aep,0.0191688058502962
t8895aep,0.0191688058502962
t8910aep,0.00613013474118684
t8896aep,0.0191688058502962
t8888aep,0.112919307947577
t30701aep,0.0191688058502962
t22291aep,0.0164693222493614
t22316aep,0.0191688058502962
t6067aep,0.00328875026731879
t6087aep,0.0932617212240645
t6090aep,0.0191688058502962
t6074aep,0.0303151768831681
t6081aep,0.0191688058502962
t6088aep,0.0865538987593414
t26012aep,0.0191688058502962
t6091aep,0.00907960615882659
t6064aep,0.0381942215318354
t18031aep,0.0191688058502962
t7270aep,0.0191688058502962
t7254aep,0.000935575415252715
t11466aep,0.0191688058502962
t11465aep,0.0191688058502962
t11469aep,0.0191688058502962
t11487aep,0.0110096965875398
t14546aep,0.000168462974438516
t12561aep,0.00680298247443708
t28209aep,0.0179002743169046
t12535aep,0.0381942215318354
t12547aep,0.0191688058502962
t12552aep,0.168863084641024
t21549aep,0.0191688058502962
t30470aep,0.0191688058502962
t2952aep,0.0191688058502962
t24748aep,0.206448824487849
t2939aep,0.0299707192696482
t2967aep,0.0191688058502962
t2964aep,0.0220128029913645
t14049aep,0.0191688058502962
t28883aep,0.0191688058502962
t16534aep,0.0191688058502962
t16500aep,0.0191688058502962
t28884aep,0.0191688058502962
t14034aep,0.10926882695686
t14046aep,0.0141046942171455
t7749aep,0.0191688058502962
t7708aep,0.203964165474699
t26448aep,0.0191688058502962
t7729aep,0.053277210683113
t28919aep,0.0191688058502962
t28924aep,0.0148256410498859
t16702aep,0.0381942215318354
t16689aep,1.70867571544841
t14032aep,0.0863888499390513
t24372aep,0.0191688058502962
t14021aep,0.0191688058502962
t2001aep,0.0191688058502962
t11714aep,0.959036187342465
t27500aep,0.0191688058502962
t11711aep,0.0191688058502962
t11732aep,0.0191688058502962
t9010aep,0.357741107197243
t6714aep,0.919296555138475
t6722aep,0.0381942215318354
t6723aep,0.0191688058502962
t26142aep,0.0381942215318354
t11788aep,0.118294815997018
t11757aep,0.00496004257336471
t25959aep,0.0944390002681869
t5750aep,0.0119232216440039
t15713aep,0.00616305854977706
t28688aep,0.0191688058502962
t28686aep,0.0271710842513349
t15579aep,0.140479470452714
t15585aep,0.155795774199641
t15586aep,0.0191688058502962
t15568aep,0.0191688058502962
t7631aep,0.0128136027479225
t7613aep,0.0191688058502962
t7609aep,0.0191688058502962
t7621aep,0.0381942215318354
t7625aep,0.0191688058502962
t25583aep,0.0191688058502962
t15708aep,0.0191688058502962
t4858aep,0.146320289628591
t14004aep,0.0944390002681869
t14005aep,0.0131384458173167
t14017aep,0.0191688058502962
t14014aep,0.0191688058502962
t27649aep,0.0191688058502962
t12300aep,0.0672591315416805
t12316aep,2.11643534822714
t12317aep,0.0191688058502962
t5695aep,0.0191688058502962
t5685aep,0.170596216737742
t28714aep,0.220543176765492
t25914aep,0.0191688058502962
t12952aep,0.0300351122690795
t1628aep,0.182080673833532
t24277aep,0.0223496729041039
t1653aep,0.123669364895224
t9364aep,0.0710546846434451
t9352aep,0.0191688058502962
t9354aep,0.0191688058502962
t9350aep,0.0219242248056041
t9376aep,0.0396039342826486
t16843aep,0.0381942215318354
t9151aep,0.0107943736886045
t9138aep,0.0948251248310356
t16833aep,1.1847160543513
t28964aep,0.113957551512251
t7490aep,0.0371611881245737
t7476aep,0.0191688058502962
t7463aep,0.161411407238309
t9104aep,0.0570791773167572
t4248aep,0.0437528167627134
t4285aep,0.140759943724147
t25311aep,0.0191688058502962
t25312aep,0.196029851674853
t29173aep,0.0191688058502962
t17529aep,0.0191688058502962
t17535aep,0.0381942215318354
t5409aep,0.226191664036242
t5408aep,0.0390311749991718
t5419aep,0.0942160924013818
t16861aep,0.0760259027340361
t10521aep,0.0191688058502962
t10495aep,0.00119782546008457
t10479aep,0.00729160939278955
t28965aep,0.0172429773245157
t10494aep,0.0191688058502962
t10514aep,0.0191688058502962
t30481aep,0.100402630140797
t21663aep,0.0191688058502962
t21674aep,0.0191688058502962
t21686aep,0.0191688058502962
t21282aep,0.244531384625675
t2426aep,0.536955077971788
t2400aep,0.0191688058502962
t13684aep,0.281187159636678
t2423aep,0.016050589144098
t2401aep,0.0851104996474867
t2409aep,0.124773190064301
t307aep,0.0191688058502962
t308aep,0.344140650512878
t320aep,0.0191688058502962
t321aep,0.0191688058502962
t295aep,0.0191688058502962
t317aep,0.0191688058502962
t10400aep,0.0191688058502962
t23844aep,0.0191688058502962
t31217aep,0.0191688058502962
t23812aep,0.0972884441423848
t23809aep,0.0299707192696482
t20360aep,0.122035552066247
t20366aep,0.0191688058502962
t20350aep,0.501206906451326
t12159aep,0.025643883627336
t12144aep,0.00191980076263019
t12121aep,0.0191688058502962
t12140aep,0.035070693318746
t12161aep,0.0305736195599095
t28008aep,0.0381942215318354
t12155aep,0.0115072693953469
t27603aep,0.0156040812858002
t12138aep,0.241773654764907
t17271aep,0.0381942215318354
t28011aep,0.0381942215318354
t17287aep,0.0191688058502962
t17273aep,0.0305887000845521
t17289aep,0.00961355038484038
t15422aep,0.0191688058502962
t15430aep,0.0328747714571218
t15424aep,0.00785940266827041
t23407aep,0.113517260879796
t23408aep,0.0158903920696736
t31023aep,0.0381942215318354
t23413aep,0.0191688058502962
t23399aep,0.0381942215318354
t31028aep,0.0381942215318354
t6946aep,0.0492580787222601
t11860aep,0.025643883627336
t11889aep,0.00302540236849512
t26343aep,0.0191688058502962
t11897aep,0.0191688058502962
t26334aep,0.157346810407115
t11871aep,0.0993475106979631
t26341aep,1.00753074220872
t13272aep,0.0685509571361386
t27896aep,0.0201762561011728
t13282aep,0.391297085578487
t26345aep,0.0380133209637118
t13293aep,0.0191688058502962
t13305aep,0.0191688058502962
t13291aep,0.0191688058502962
t30787aep,0.0191688058502962
t9659aep,0.348599850068705
t9660aep,0.399008259436067
t9669aep,0.00101660328580558
t5637aep,0.00833026943307169
t5658aep,0.0191688058502962
t10408aep,0.0492580787222601
t18928aep,0.0381942215318354
t18932aep,0.0570791773167572
t18933aep,0.0191688058502962
t18944aep,0.0191688058502962
t26340aep,0.0191688058502962
t12782aep,0.0507239742143839
t12784aep,0.0477800419672553
t12758aep,0.160871376958484
t12750aep,0.00447448044577423
t12753aep,0.0348362966771801
t18730aep,0.0381942215318354
t29429aep,0.00961355038484038
t6101aep,0.0191688058502962
t6107aep,0.0130809119935152
t6141aep,0.112919307947577
t6119aep,0.0191688058502962
t14140aep,0.0303151768831681
t14121aep,0.0191688058502962
t14132aep,0.0191688058502962
t14119aep,0.0456675034686569
t14147aep,0.074421605085849
t14112aep,0.0191688058502962
t28223aep,0.0191688058502962
t5364aep,0.0191688058502962
t5371aep,0.0191688058502962
t5350aep,0.0137483029994077
t5379aep,0.0191688058502962
t10467aep,0.0680621943608487
t5351aep,0.0191688058502962
t5338aep,0.0381942215318354
t5347aep,0.0264730245738136
t25807aep,0.122549373192859
t17696aep,0.0225289006086471
t17707aep,0.0934288286913931
t17698aep,0.0348362966771801
t17695aep,0.0191688058502962
t6215aep,0.0191688058502962
t6232aep,0.000332602048789205
t6233aep,0.0191688058502962
t6228aep,0.0191688058502962
t6240aep,0.0191688058502962
t6219aep,0.0191688058502962
t2109aep,0.00698899808483603
t24399aep,0.0191688058502962
t2104aep,0.012580090653124
t2128aep,0.396651514411818
t2113aep,0.0114462915163678
t2089aep,0.0492580787222601
t10799aep,0.230886520658345
t10827aep,0.0191688058502962
t10826aep,0.0332842846254617
t5129aep,0.0103351538191024
t5110aep,0.00738702924525895
t5145aep,0.0191688058502962
t5098aep,0.0191688058502962
t10459aep,1.24580912199865
t5140aep,0.212653258312851
t8867aep,0.0191688058502962
t8827aep,0.0191688058502962
t8828aep,0.00908322405740655
t8864aep,0.123669364895224
t6577aep,0.848008514220958
t6564aep,0.509379892733544
t6571aep,0.0191688058502962
t18240aep,0.140451098295751
t29322aep,0.0191688058502962
t18215aep,0.034935068169966
t23915aep,0.0191688058502962
t275aep,0.0191688058502962
t282aep,0.0662567573815718
t273aep,0.113286508991366
t30677aep,0.0191688058502962
t22213aep,0.0381942215318354
t30676aep,0.0191688058502962
t22197aep,0.0153668392166517
t22192aep,0.0191688058502962
t22215aep,0.0191688058502962
t22186aep,0.0191688058502962
t22063aep,0.00602121720479511
t22048aep,0.0119963911762727
t22053aep,0.0191688058502962
t22075aep,0.214422712486295
t30654aep,0.0570791773167572
t22089aep,0.0570791773167572
t22090aep,0.00629388362945016
t22068aep,0.0191688058502962
t22077aep,0.591750846159827
t22096aep,0.0191688058502962
t4197aep,0.160096001732276
t4190aep,0.229416798817645
t4207aep,0.119244002419113
t22002aep,0.57744678170107
t22031aep,0.00271749601636314
t10608aep,0.0191688058502962
t10610aep,0.0381942215318354
t10599aep,0.0105603289310187
t27139aep,0.134396784141422
t22958aep,0.0184375112526011
t22939aep,0.0191688058502962
t3765aep,0.00567883494827288
t3751aep,0.0028232538512672
t3792aep,0.0248813199133554
t3784aep,0.0452306998328865
t3760aep,0.0944390002681869
t3776aep,0.0381942215318354
t27142aep,0.0191688058502962
t6479aep,0.0191688058502962
t12180aep,1.1608086923014
t27615aep,0.0381942215318354
t12192aep,1.0554367983793
t12188aep,0.0381942215318354
t27628aep,0.583960898906116
t12213aep,0.00103621648527826
t12195aep,0.0191688058502962
t27629aep,0.0191688058502962
t27176aep,0.793452982263282
t8951aep,0.33076744748832
t8783aep,0.00576268923690751
t8818aep,0.0191688058502962
t27174aep,0.0253335790837818
t8771aep,0.0198154361204044
t8804aep,0.0191688058502962
t10886aep,0.0191688058502962
t9952aep,0.00805717764419256
t9924aep,0.112919307947577
t9921aep,0.0381942215318354
t9941aep,0.641615622645451
t9956aep,0.0191688058502962
t9947aep,0.00773669700579217
t9926aep,0.326541831366941
t846aep,0.0191688058502962
t824aep,0.0191688058502962
t842aep,0.0191688058502962
t827aep,0.00616305854977706
t848aep,0.0655826479843283
t837aep,0.0191688058502962
t853aep,0.0381942215318354
t630aep,0.123669364895224
t27166aep,0.0060976479453818
t672aep,0.170191348947237
t664aep,0.110729552166586
t655aep,0.0191688058502962
t667aep,0.0191688058502962
t24077aep,0.0191688058502962
t24068aep,0.0191688058502962
t645aep,0.0191688058502962
t24064aep,0.00794448928772738
t670aep,0.0191688058502962
t5968aep,0.0245940168754317
t25994aep,5.03499372261162
t26005aep,0.00785940266827041
t5966aep,0.00602121720479511
t6007aep,0.266492382056261
t26006aep,0.0944390002681869
t5988aep,0.0095639626276316
t6011aep,0.0278138881402011
t6000aep,0.0381942215318354
t10455aep,0.0191688058502962
t18267aep,0.0155346014482846
t18295aep,0.0469835096788655
t18276aep,0.0191688058502962
t24539aep,0.0191688058502962
t2451aep,0.00905250075629738
t2464aep,0.0430482457919283
t18518aep,0.0191688058502962
t18481aep,0.0155346014482846
t18507aep,0.0414082424388963
t18508aep,0.0191688058502962
t18489aep,0.0492854116269925
t18536aep,0.0288689639251173
t3914aep,0.0191688058502962
t3899aep,0.0191688058502962
t3908aep,0.0191688058502962
t3890aep,0.00533746261877433
t3864aep,0.0191688058502962
t11102aep,0.0378330720168871
t11103aep,0.0276465523561426
t11135aep,0.0191688058502962
t11151aep,0.0342685789060193
t11092aep,0.0191688058502962
t11128aep,0.0191688058502962
t14795aep,0.10526516350823
t14796aep,0.234480910450796
t14798aep,0.096931227066806
t14778aep,0.0047163213015349
t14826aep,0.0041778430023501
t14787aep,0.00336923239039054
t23144aep,0.290990836091645
t23141aep,0.0191688058502962
t23183aep,0.0865294192983276
t23157aep,0.0229348602163948
t23136aep,0.0365570316931495
t23181aep,0.0191688058502962
t23151aep,0.0128499414603369
t23134aep,0.0492580787222601
t10957aep,0.0451378646326366
t10968aep,0.0101417292706654
t10963aep,0.00478577353486628
t15312aep,0.0246048106151985
t15281aep,0.00664285453577866
t15306aep,0.0191688058502962
t15296aep,0.00640392189066753
t15303aep,0.0191688058502962
t15273aep,0.0191688058502962
t15295aep,0.156249271054475
t15282aep,0.0381942215318354
t26024aep,0.0191688058502962
t6157aep,0.144203380774456
t6182aep,0.0191688058502962
t6190aep,0.0256279222796512
t6201aep,1.4592425838622
t6178aep,0.0297498889505209
t6179aep,0.0152952581344075
t6154aep,0.0381942215318354
t6200aep,0.163922549212109
t30636aep,0.0454107315679632
t21952aep,0.0191688058502962
t21905aep,0.00283120820552297
t21645aep,0.0191688058502962
t21605aep,0.0191688058502962
t18419aep,0.0191688058502962
t18434aep,0.0129995159985903
t78aep,0.044275572917717
t18411aep,0.0191688058502962
t13512aep,0.0108254391108843
t13518aep,0.0129172957637019
t13528aep,0.0381942215318354
t13540aep,0.00532377850658283
t13545aep,0.0315795478932014
t13558aep,0.0191688058502962
t13551aep,0.030490013209942
t13537aep,0.0381942215318354
t16927aep,0.49845289965998
t16928aep,0.171442186380775
t16923aep,0.101257230612198
t16932aep,0.0381942215318354
t12930aep,0.0381942215318354
t23455aep,0.0191688058502962
t23512aep,0.0150813001488683
t23494aep,0.0191688058502962
t23053aep,0.0191688058502962
t23033aep,0.0191688058502962
t23038aep,0.00773669700579217
t23001aep,0.0348052702644257
t23018aep,1.20432381036056
t23006aep,0.0191688058502962
t23010aep,0.0684731666380361
t23050aep,0.0381942215318354
t22991aep,0.0191688058502962
t21025aep,0.0574262625870591
t21048aep,0.00416854931130316
t12914aep,0.0191688058502962
t6959aep,0.0381942215318354
t6967aep,0.10879093425287
t6965aep,0.0191688058502962
t6976aep,0.0476187057593504
t7000aep,0.0492580787222601
t6370aep,0.0270704931027602
t6398aep,0.024952469684985
t6385aep,0.0191688058502962
t6406aep,0.0189308345426943
t6407aep,0.430098129338863
t16084aep,0.0191688058502962
t16048aep,0.0191688058502962
t16070aep,0.0756239943557386
t16083aep,0.573428690944819
t29167aep,2.68891821444185
t17439aep,0.0191688058502962
t17442aep,0.0191688058502962
t17486aep,0.0191688058502962
t17487aep,0.112919307947577
t17457aep,0.0191688058502962
t17497aep,0.0395774182671912
t17499aep,0.0234636607819407
t17483aep,0.0106214432566869
t12431aep,0.633515354155796
t12436aep,0.0758265167971628
t12412aep,0.0191688058502962
t12931aep,0.029480866279383
t8021aep,0.0191688058502962
t7975aep,0.0570791773167572
t8009aep,0.0191688058502962
t8004aep,0.0191688058502962
t11622aep,0.663033277847537
t7973aep,0.0884155738292233
t7989aep,0.00830265014325373
t26890aep,0.0191688058502962
t26896aep,0.278985156655474
t9764aep,8.31810784810563e-05
t9789aep,0.0872071276898003
t9781aep,0.044119119069656
t9728aep,0.0207579768624961
t15674aep,0.0191688058502962
t15660aep,0.0191688058502962
t15667aep,0.0570791773167572
t15627aep,0.0191688058502962
t15670aep,0.0191688058502962
t15671aep,0.0191688058502962
t15636aep,0.1312700430412
t15641aep,0.0192795322615457
t15635aep,0.175794111055979
t15610aep,0.0724685919425075
t15616aep,0.0153610122823282
t15675aep,0.0381942215318354
t15631aep,0.0284889124784805
t15647aep,0.101101725541374
t17095aep,0.134618849357949
t17075aep,0.0191688058502962
t17086aep,0.0114985156263662
t17050aep,0.290990836091645
t17070aep,0.0376727880394858
t17079aep,0.0257772738914906
t17088aep,0.00789707074875616
t29051aep,0.0191688058502962
t11632aep,0.0614686783964924
t17073aep,0.15571044561319
t17058aep,0.22220332636809
t17103aep,0.0381942215318354
t8222aep,0.0191688058502962
t8246aep,0.0191688058502962
t8224aep,0.0191688058502962
t26544aep,0.0107244732689813
t26546aep,0.00905470325100888
t8238aep,0.0221763580438502
t8234aep,0.0249594907452173
t8232aep,0.072338439230054
t8230aep,0.0191688058502962
t26530aep,0.0546697411911096
t8220aep,0.00533384699720432
t7035aep,0.0245615981859356
t7086aep,0.0191688058502962
t7070aep,0.0191688058502962
t7090aep,0.150119906737931
t7094aep,0.0191688058502962
t7053aep,0.0241632900070065
t7049aep,0.0637931313581335
t7047aep,0.0349516872769663
t7048aep,0.0191688058502962
t11513aep,0.0328105949035391
t27478aep,0.0191688058502962
t11538aep,0.0570791773167572
t11499aep,0.0381942215318354
t11558aep,0.0974928634738826
t11530aep,0.00291469477673348
t11489aep,0.0191688058502962
t2324aep,0.0191688058502962
t2272aep,0.031358471536005
t24481aep,0.0226376152382303
t24484aep,0.0191688058502962
t2302aep,0.0131384458173167
t2256aep,0.00391902478586837
t2305aep,0.28382781159381
t2306aep,0.335193770425721
t2280aep,0.0191688058502962
t2255aep,0.228866623174002
t12271aep,0.0381942215318354
t12285aep,0.0191688058502962
t12289aep,0.0191688058502962
t7176aep,0.197571739000243
t7173aep,0.0191688058502962
t7210aep,0.105252025057393
t7190aep,0.0191688058502962
t7171aep,0.0381942215318354
t7180aep,0.0191688058502962
t7204aep,0.0191688058502962
t26238aep,0.0114168588034787
t7146aep,0.00635155775790749
t18162aep,0.0191688058502962
t18156aep,0.00709478455625281
t18120aep,0.0194762571990339
t18108aep,0.0306175573492649
t18127aep,0.0413890715477481
t3179aep,0.0152952581344075
t3157aep,0.0131226546884576
t3158aep,0.0191688058502962
t3130aep,0.0614520042908209
t3119aep,0.0191688058502962
t3180aep,0.00673947777939935
t3137aep,0.0191688058502962
t3174aep,0.0570791773167572
t17219aep,0.0193619022341187
t17164aep,0.0381942215318354
t17143aep,0.00684516815085803
t17148aep,0.0191688058502962
t17200aep,0.0191688058502962
t17181aep,0.0381942215318354
t17152aep,0.0191688058502962
t17217aep,0.0191688058502962
t29066aep,0.0191688058502962
t17167aep,0.0141046942171455
t5234aep,0.0191688058502962
t5200aep,0.0725575786754612
t5238aep,0.0564629464197406
t5191aep,0.0108565481169027
t17227aep,0.0570791773167572
t486aep,0.115497690030647
t488aep,0.0381942215318354
t502aep,0.0191688058502962
t473aep,0.0090402653636471
t485aep,0.0191688058502962
t487aep,0.0191688058502962
t23935aep,0.0381942215318354
t9856aep,0.00576962118838654
t9827aep,0.0191688058502962
t9816aep,0.0381942215318354
t9802aep,0.00483517488103673
t9814aep,0.0191688058502962
t9858aep,0.0191688058502962
t366aep,0.256720888814381
t9791aep,0.0191688058502962
t9824aep,0.0191688058502962
t9810aep,0.0191688058502962
t9840aep,0.133059686477891
t142aep,0.0354649715411818
t147aep,0.0191688058502962
t111aep,0.0191688058502962
t152aep,0.00203617979649529
t177aep,0.0532005093038136
t169aep,0.000168462974438516
t131aep,0.0191688058502962
t22631aep,0.0191688058502962
t22622aep,0.0191688058502962
t30781aep,0.0570791773167572
t22656aep,0.0191688058502962
t23625aep,0.0191688058502962
t23617aep,0.0191688058502962
t31110aep,0.0157954672572214
t23615aep,0.0191688058502962
t23685aep,0.0191688058502962
t31113aep,0.0191688058502962
t23687aep,0.173393336955403
t31117aep,0.0854119236885562
t23630aep,0.0128136027479225
t23631aep,0.00978486354592837
t18308aep,0.090001544908503
t29347aep,0.37431484967997
t18360aep,0.0397285728630142
t18350aep,0.0191688058502962
t18299aep,0.0191688058502962
t18358aep,0.000868426474635365
t21806aep,0.0191688058502962
t21751aep,0.0369396453226581
t21784aep,0.0191688058502962
t21776aep,0.0191688058502962
t9300aep,0.0191688058502962
t9313aep,0.0674005219287925
t9315aep,0.0339163569159366
t9271aep,0.0105310095463845
t9268aep,0.022578660549954
t9277aep,0.0447555396173193
t9278aep,0.0191688058502962
t17733aep,0.0191688058502962
t17771aep,0.0191688058502962
t17736aep,0.0191688058502962
t17751aep,0.0918631604564329
t17778aep,0.00197129187658016
t17760aep,0.00530864139915822
t17726aep,0.0258933285730964
t1234aep,0.0191688058502962
t1301aep,0.00582373500898219
t1283aep,0.00997804959378417
t1289aep,0.0191688058502962
t1291aep,0.0191688058502962
t1261aep,0.0724690726789528
t19989aep,0.0208202795792774
t20028aep,0.0191688058502962
t20038aep,0.0330833406731673
t20039aep,0.0191688058502962
t20073aep,0.0317555219471761
t29803aep,0.73644317269761
t20062aep,0.0191688058502962
t20002aep,0.0191688058502962
t20068aep,0.0218823200495826
t19998aep,0.0191688058502962
t19995aep,0.0310196455888675
t919aep,0.0314121101333497
t910aep,0.0251727536055005
t963aep,0.0928890217016894
t906aep,0.0191688058502962
t946aep,0.0191688058502962
t895aep,0.0191688058502962
t929aep,0.0190506425993824
t975aep,0.00525041724453783
t974aep,0.0191688058502962
t954aep,0.0218670484617183
t933aep,0.0570791773167572
t1458aep,0.0311838019399554
t1459aep,0.0570791773167572
t1395aep,0.0322768301902974
t24189aep,0.1312700430412
t1409aep,0.0191688058502962
t1437aep,0.00101660328580558
t1438aep,0.0191688058502962
t1436aep,0.0191688058502962
t1386aep,0.0840884609598837
t1387aep,0.0230836775387849
t1384aep,0.0248489558222081
t1426aep,0.0456685163966325
t1389aep,0.0127301062656368
t1439aep,0.0999177296815611
t1434aep,0.0223024391919254
t2718aep,0.0381942215318354
t2719aep,0.00805717764419256
t2615aep,0.0144425863181725
t2713aep,0.0191688058502962
t2675aep,0.0191688058502962
t2704aep,0.0191688058502962
t2705aep,0.0191688058502962
t2716aep,0.0191688058502962
t2663aep,0.0191688058502962
t2664aep,0.0191688058502962
t2710aep,0.0623687778215808
t13903aep,0.139314329464606
t13900aep,0.0191688058502962
t13913aep,0.0141046942171455
t13849aep,0.0191688058502962
t13885aep,0.0187484184389594
t13864aep,0.0247950368699259
t13886aep,0.00892354014855084
t13921aep,0.00135377725362961
t13861aep,0.0191688058502962
t13842aep,0.0191688058502962
t13915aep,0.0181275241864142
t13928aep,0.0191688058502962
t13875aep,0.0191688058502962
t13876aep,0.00112991017036244
t13856aep,0.0191688058502962
t13916aep,0.531592372895217
t13896aep,0.00453338152242855
t13862aep,0.0344619149434566
t30293aep,0.0570791773167572
t20879aep,0.00828055850173529
t20858aep,0.0191688058502962
t20878aep,0.0321480703699973
t20852aep,0.0191688058502962
t20907aep,0.0389235955815782
t20820aep,0.0191688058502962
t20822aep,0.0281086397389463
t20821aep,0.0241632900070065
t20849aep,0.0112008316325451
t20883aep,0.0425129941475449
t20884aep,0.0191688058502962
t20825aep,0.197084108541563
t20840aep,0.00312665758722686
t20896aep,0.0944390002681869
t28587aep,0.102253871091859
t15034aep,0.0191688058502962
t15059aep,0.0468339116150122
t15047aep,0.0191688058502962
t15052aep,0.0239854582549042
t15061aep,0.0570791773167572
t15103aep,0.0191688058502962
t15123aep,0.0381942215318354
t15096aep,0.0130809119935152
t15099aep,0.0191688058502962
t15057aep,0.0191688058502962
t15058aep,0.0191688058502962
t15026aep,0.00671186318780619
t15020aep,0.0191688058502962
t15101aep,0.00555744785971533
t15023aep,0.000332602048789205
t15795aep,0.00217697912822033
t15798aep,0.0191688058502962
t15808aep,0.0191688058502962
t15805aep,0.54513002252136
t15806aep,0.0381942215318354
t15835aep,0.0377704974359958
t15843aep,0.0789986791265283
t15811aep,0.0101857509025449
t15760aep,0.0310159361415804
t15762aep,0.0463794925930614
t15800aep,0.0381942215318354
t15809aep,0.0191688058502962
t15839aep,0.0191688058502962
t15851aep,0.0191688058502962
t15814aep,0.024298174299785
t15766aep,0.0191688058502962
t15789aep,0.0153760993704378
t16172aep,0.0191688058502962
t16229aep,0.0191688058502962
t16169aep,0.0296215932689319
t16170aep,1.22537620891358
t16214aep,0.00862113667460302
t16146aep,0.0106813523755752
t16196aep,0.0231939649928427
t16197aep,0.00582354014066845
t16153aep,2.59388718940238
t16180aep,0.0191688058502962
t16190aep,0.0191688058502962
t16191aep,0.0191688058502962
t14907aep,0.0249390454647627
t14862aep,0.0381942215318354
t14868aep,0.0160452776372065
t14919aep,0.231247054236223
t14878aep,0.0191688058502962
t14923aep,0.0191688058502962
t28556aep,0.112919307947577
t14840aep,0.0191688058502962
t14842aep,0.0570791773167572
t14895aep,0.0381942215318354
t14858aep,0.0635256238384235
t14866aep,0.0322746640675214
t14865aep,0.00185382026963158
t14844aep,0.0107244732689813
t14848aep,0.0191688058502962
t14876aep,0.0177872879838028
t14852aep,0.0191688058502962
t14901aep,0.369491740577026
t14902aep,0.167592840619152
t14891aep,0.0191688058502962
t14912aep,0.0191688058502962
t14839aep,0.0191688058502962
t1016aep,0.0191688058502962
t24121aep,0.0191688058502962
t999aep,0.012580090653124
t1024aep,0.0566829378647099
t1029aep,0.0191688058502962
t1040aep,0.00625918672103271
t1077aep,0.0191688058502962
t994aep,0.0191688058502962
t7874aep,0.0191688058502962
t7886aep,0.0206337405039142
t7903aep,0.0112763166564072
t7879aep,0.0165376533689666
t26489aep,0.0381942215318354
t7964aep,0.0191688058502962
t7941aep,0.0191688058502962
t7962aep,0.0381942215318354
t7960aep,0.0191688058502962
t7923aep,0.0570791773167572
t7934aep,0.0758265167971628
t7933aep,0.0191688058502962
t7935aep,0.649359676992416
t7870aep,0.0290337305155096
t7860aep,0.0148465969751512
t3108aep,0.0191688058502962
t3031aep,0.0191688058502962
t3074aep,0.0310159361415804
t3075aep,0.0055212425785365
t2990aep,0.0191688058502962
t3049aep,0.0570791773167572
t3084aep,0.00771685952247681
t3100aep,0.0191688058502962
t3102aep,0.0317077937443212
t2999aep,0.0306072506815684
t3003aep,0.0310138794141961
t3093aep,0.0191688058502962
t3014aep,0.0232032586838894
t3091aep,0.0191688058502962
t2997aep,0.0488289765918631
t3096aep,0.0333549450609501
t3025aep,0.0191688058502962
t14697aep,0.0191688058502962
t14645aep,0.00905250075629738
t14690aep,0.0191688058502962
t14734aep,0.542118817999231
t14674aep,0.0191688058502962
t14621aep,0.0191688058502962
t14624aep,0.0131384458173167
t14729aep,0.0318129412961258
t14653aep,0.0079042335166828
t14669aep,0.0381942215318354
t14709aep,0.0111423936837997
t14710aep,0.0231040018256984
t8543aep,0.0055212425785365
t8557aep,0.0191688058502962
t8595aep,0.0191688058502962
t8552aep,0.0234464334130916
t8533aep,0.0269803600924108
t8555aep,0.0229444404674079
t8520aep,0.0493272302699398
t8593aep,0.0329147498185506
t8521aep,0.0121043638249594
t8558aep,0.037679888500801
t8554aep,1.58209182146951e-05
t8539aep,0.0253192993109894
t8568aep,0.00570803698079208
t8569aep,0.01238669445181
t5856aep,0.0532864708368993
t5915aep,0.022578660549954
t5850aep,0.0491795216576162
t5836aep,0.0381942215318354
t5818aep,0.0191688058502962
t5831aep,0.0191688058502962
t5809aep,0.0191688058502962
t25978aep,0.0191688058502962
t5888aep,0.00789753519844754
t27415aep,0.444777003405875
t5912aep,0.0335946633448944
t5879aep,0.00933786924797716
t5880aep,0.0191688058502962
t5824aep,0.0246166977761764
t5854aep,0.0191688058502962
t5900aep,0.0191688058502962
t5812aep,0.0251929163447571
t5811aep,0.0306072506815684
t5927aep,0.0407415796719843
t5902aep,0.0191688058502962
t5909aep,0.0263966077504462
t5863aep,0.0191688058502962
t5867aep,0.0191688058502962
t4761aep,0.100385482497234
t4824aep,0.0191688058502962
t4760aep,0.0191085967600204
t4808aep,0.127170661252936
t4701aep,0.0159262715954269
t4729aep,0.00160087387989353
t4755aep,0.0191688058502962
t4819aep,0.0191688058502962
t4829aep,0.00546087501501723
t4793aep,0.0191688058502962
t4769aep,0.0381942215318354
t4707aep,0.0191688058502962
t4743aep,0.0288562376644471
t4744aep,0.0309848059547225
t4785aep,0.00766403585321217
t4801aep,0.0191688058502962
t8059aep,0.0191688058502962
t8060aep,0.0191688058502962
t8067aep,0.0191688058502962
t8148aep,0.0334700073739625
t8159aep,0.0191688058502962
t8102aep,0.022578660549954
t8100aep,0.0191688058502962
t8101aep,0.0191688058502962
t8042aep,0.0191688058502962
t8044aep,0.0191688058502962
t8045aep,0.0191688058502962
t8120aep,0.0381942215318354
t8144aep,0.0385100331660429
t8037aep,0.0291920996698101
t8053aep,0.0191688058502962
t8094aep,0.00937771423596762
t8118aep,0.0191688058502962
t26499aep,0.0191688058502962
t8153aep,0.0381942215318354
t8155aep,0.0191688058502962
t8064aep,0.026694097688322
t8109aep,0.0381942215318354
t8104aep,0.00405826185724565
t22418aep,0.0381942215318354
t22460aep,0.0191688058502962
t22453aep,0.0191688058502962
t22503aep,0.0447348364544541
t22404aep,0.0191688058502962
t22463aep,0.0191688058502962
t22464aep,0.0449176249959438
t30728aep,0.0191688058502962
t22414aep,0.0191688058502962
t22469aep,0.0191688058502962
t22449aep,0.0477738571546708
t22521aep,0.0191688058502962
t22457aep,0.0131226546884576
t22435aep,0.0149567362252159
t22515aep,0.020732326490031
t22523aep,0.0148465969751512
t22487aep,0.0191688058502962
t22499aep,0.0381942215318354
t22411aep,0.0191688058502962
t22412aep,0.0485519430129931
t22482aep,0.0234464334130916
t22483aep,0.0326639359621224
t11448aep,0.0220790822487156
t11385aep,0.0191688058502962
t11433aep,0.0944390002681869
t11381aep,0.0191688058502962
t11414aep,0.0191688058502962
t11422aep,0.0207166272384193
t11421aep,0.0179002743169046
t11403aep,0.0190506425993824
t11411aep,0.0201092709730086
t11375aep,0.00750036010150182
t11439aep,0.00698899808483603
t11365aep,0.0191688058502962
t11400aep,0.0276465523561426
t11370aep,0.00252019683696887
t11417aep,0.0395587126284213
t11406aep,0.012927985511204
t11404aep,0.0161387764802917
t11405aep,0.0456685163966325
t8660aep,0.0177949287538421
t8679aep,0.0191688058502962
t8643aep,1.25055853691755
t8675aep,0.996491936668523
t8668aep,0.0570791773167572
t8658aep,0.0100119786452204
t1974aep,0.0381942215318354
t24370aep,0.0108254391108843
t1967aep,0.0191688058502962
t1957aep,0.0758265167971628
t24369aep,0.00887421030905963
t2063aep,0.0191688058502962
t24383aep,0.0191688058502962
t15386aep,0.0238764772985089
t15374aep,0.279278546261061
t15368aep,0.0191688058502962
t28648aep,0.0381942215318354
t13388aep,0.0191688058502962
t28022aep,0.10152992615259
t13711aep,0.0191688058502962
t10288aep,0.0191688058502962
t27100aep,0.0570791773167572
t20739aep,0.0191688058502962
t25588aep,0.0703687270420856
t25587aep,0.535185890221146
t25584aep,0.0191688058502962
t4927aep,7.31182890309303
t4925aep,0.195196836850939
t29599aep,0.0191688058502962
t19290aep,0.0643871995338291
t30441aep,0.0955448527519415
t19293aep,0.0138893341370113
t19312aep,0.0483176995165175
t29596aep,1.40890820425832
t19277aep,0.114965642405896
t19270aep,0.0613171097861336
t9544aep,0.0191688058502962
t9529aep,1.2088337757387
t9572aep,0.23655033445461
t14997aep,1.01029944211542
t14983aep,0.0191688058502962
t13140aep,0.227406462864648
t13135aep,0.692110225681348
t12874aep,0.293745042111613
t12887aep,0.00390944453485539
t22383aep,0.0191688058502962
t22371aep,0.034046898939865
t3488aep,1.08517542579877
t3483aep,0.030497637010295
t24984aep,0.0124754380432946
t14190aep,2.5226917843188e-05
t14206aep,0.0570791773167572
t13362aep,0.00420570838652009
t6818aep,0.0191688058502962
t26150aep,0.0191688058502962
t29525aep,0.0691752243797657
t3559aep,0.507655337178354
t3553aep,0.0860092676802557
t18980aep,0.0381942215318354
t3552aep,0.00545052225961094
t3581aep,0.0492580787222601
t3560aep,0.0191688058502962
t16332aep,0.0191688058502962
t16334aep,0.0191688058502962
t18457aep,0.000670061420108048
t18968aep,0.0186070710611955
t18544aep,0.0315042226373344
t29379aep,0.0697803656353244
t28044aep,0.266492382056261
t13737aep,0.0361946211145633
t1594aep,0.0191688058502962
t9230aep,0.0191688058502962
t26783aep,0.0191688058502962
t26221aep,0.00232074052665956
t3629aep,0.0191688058502962
t25441aep,0.0381942215318354
t4574aep,0.0191688058502962
t20618aep,0.0191688058502962
t1174aep,0.0191688058502962
t1194aep,0.0292317621475571
t13015aep,0.0758265167971628
t4113aep,0.0191688058502962
t10152aep,0.0281406999724822
t8408aep,0.0349048427927196
t870aep,0.0191688058502962
t27377aep,0.0191688058502962
t8189aep,0.1312700430412
t26623aep,0.0218150375970409
t30631aep,0.0191688058502962
t30944aep,0.0191688058502962
t2790aep,0.00136891146866165
t2807aep,0.0191688058502962
t25062aep,0.0426072127316045
t16874aep,0.0356503809262977
t29877aep,0.206449390840997
t31130aep,0.0191688058502962
t12721aep,0.0401776983375646
t12710aep,0.0407902741763325
t22151aep,0.00602121720479511
t605aep,0.0167964612921421
t569aep,0.0506404777320981
t587aep,0.00017184557661739
t578aep,1.78199388226814
t619aep,0.0287337499744287
t620aep,0.0398387161192482
t602aep,0.00930421713356538
t595aep,0.09765791404677
t4150aep,0.0191688058502962
t4158aep,0.652571184285908
t4167aep,0.017110915872431
t4169aep,0.122087594699111
t4134aep,1.80479851447344
t4138aep,0.510573200709991
t4139aep,0.0365476193638346
t5292aep,0.253853899376233
t6637aep,0.0191688058502962
t5267aep,0.961723665890118
t14574aep,0.00590594003646491
t14578aep,0.0191688058502962
t14588aep,0.0465364133205112
t17994aep,0.0191688058502962
t17992aep,0.099988517296719
t17989aep,0.0967816895687442
t17984aep,0.00488081099032798
t17965aep,1.42118614321932
t23091aep,5.43163813064269
t23095aep,0.0191688058502962
t23112aep,0.0107880216621913
t23104aep,0.0191688058502962
t11958aep,0.00226732687110334
t11956aep,0.0673907818915422
t9862aep,0.0381942215318354
t8758aep,0.217204364255086
t8757aep,0.0366975533737698
t8760aep,3.26568086087644
t413aep,1.73696587292191
t397aep,1.53054163169524
t396aep,0.0156824430782575
t30356aep,0.0191688058502962
t12512aep,0.0381942215318354
t12503aep,0.0461403157644751
t9643aep,0.000168462974438516
t11947aep,0.0191688058502962
t10854aep,0.038392540233713
t11931aep,0.383311154077816
t11938aep,0.0394639667188246
t10862aep,0.0191688058502962
t7664aep,0.0750942651327602
t18992aep,0.0853761577496535
t27288aep,0.0191688058502962
t4475aep,0.0158603219236783
t20578aep,0.0758265167971628
t20572aep,0.376620392252362
t27286aep,0.120780723014534
t16719aep,0.118605253262074
t19558aep,0.0191688058502962
t428aep,0.0191688058502962
t16724aep,0.0631689468059872
t416aep,0.0191688058502962
t7779aep,0.0191688058502962
t16727aep,0.0131226546884576
t11917aep,0.0313846217735419
t9200aep,0.0191688058502962
t6282aep,0.0191688058502962
t16726aep,0.0191688058502962
t6271aep,0.0197634309205169
t6278aep,0.0191688058502962
t18640aep,0.0191688058502962
t28736aep,0.00611741969715196
t5325aep,0.0191688058502962
t12624aep,0.0674299664731613
t12613aep,0.210327548500126
t12601aep,8.32022623802057
t12588aep,0.036786161897794
t22775aep,0.0288562376644471
t22759aep,0.00833026943307169
t6776aep,0.146370618680493
t6784aep,0.138533185272565
t6769aep,0.545219770084229
t6764aep,0.123669364895224
t20554aep,0.00892354014855084
t19181aep,0.0629710492264935
t19187aep,0.221244196412613
t19156aep,0.0367852301018263
t19194aep,0.0191688058502962
t19154aep,1.03512053513062
t19169aep,0.0312668420756046
t14101aep,0.0266329180625172
t14087aep,0.00746783210259593
t1943aep,0.467452938618694
t1926aep,0.0191688058502962
t1908aep,0.143214233532626
t1916aep,0.974520208587192
t1923aep,0.120052618670491
t1940aep,0.0260144137663756
t1942aep,0.0191688058502962
t1906aep,0.116699263539047
t2924aep,0.0191688058502962
t2896aep,0.0813613978067153
t2912aep,0.43170584550096
t2884aep,0.0191688058502962
t16370aep,0.00313585445037476
t16371aep,0.0787922609612334
t16356aep,0.0960971687851963
t6329aep,0.0798035759403194
t6324aep,1.74961358272421
t6300aep,0.0350489349504964
t6297aep,0.317475969824024
t21369aep,0.503297548128267
t21346aep,0.0191688058502962
t21370aep,0.0237401784400732
t20286aep,0.239285779408059
t27338aep,0.0191688058502962
t12986aep,0.0381942215318354
t5592aep,0.0250637407627463
t5599aep,0.0191688058502962
t5589aep,0.0191688058502962
t20914aep,0.0758265167971628
t20923aep,0.0379093523915779
t2989aep,0.0134452144386938
t13077aep,0.0191688058502962
t13079aep,0.0302002972111168
t13066aep,0.0204917989943867
t24496aep,0.0191688058502962
t18040aep,0.0191688058502962
t18046aep,0.0191688058502962
t18050aep,2.06328887831644
t18039aep,0.0191688058502962
t730aep,0.0315737107209598
t2980aep,0.0191688058502962
t2342aep,0.0191688058502962
t13467aep,0.0191688058502962
t13453aep,0.0191688058502962
t4647aep,0.0121043638249594
t12350aep,0.0191688058502962
t22865aep,0.0191688058502962
t22880aep,0.00630816340224234
t16411aep,0.0492580787222601
t16398aep,0.0570791773167572
t16408aep,0.0191688058502962
t6743aep,0.0552994279084683
t21124aep,0.0191688058502962
t28870aep,0.0758265167971628
t5550aep,0.0144445916924232
t24502aep,1.07322746247399
t8690aep,0.0392958580108981
t10671aep,0.0191688058502962
t28871aep,0.0123592060920024
t12032aep,0.0731972253126353
t12067aep,0.024704717497037
t12038aep,0.0223024391919254
t754aep,0.10721385745252
t749aep,0.00406476893427649
t777aep,0.00353794204510368
t15258aep,0.0837518716522157
t15240aep,0.0668096641101798
t15263aep,0.0502546175413116
t20200aep,0.0130271284571916
t15972aep,0.151898313241695
t15979aep,0.109475190211212
t20666aep,0.0680621943608487
t20673aep,0.0191688058502962
t6634aep,0.0191688058502962
t25250aep,0.0191688058502962
t25249aep,0.0191688058502962
t16657aep,0.131873062079965
t16672aep,0.0400370242241931
t16652aep,0.0191688058502962
t2054aep,0.0439159481952763
t2051aep,0.0191688058502962
t3983aep,0.0381942215318354
t7827aep,0.0334700073739625
t7832aep,0.0381942215318354
t7825aep,0.261773890969077
t25248aep,0.0124788069557949
t11315aep,0.0963499252548762
t11307aep,0.0570791773167572
t4333aep,0.0191688058502962
t14286aep,0.0191688058502962
t14283aep,0.0191688058502962
t7425aep,0.0309705816435198
t6855aep,0.0033591655153329
t6671aep,0.0209452164441698
t6670aep,0.789080794641851
t6682aep,0.0081492407089869
t6665aep,0.0490216810736738
t6669aep,0.000168462974438516
t16483aep,0.0191688058502962
t26372aep,0.0191688058502962
t6029aep,0.17181099078295
t6031aep,0.0191688058502962
t10744aep,0.0381942215318354
t10745aep,0.0191688058502962
t10720aep,0.0191688058502962
t17647aep,0.0191688058502962
t17650aep,0.0303151768831681
t13313aep,0.0381942215318354
t13314aep,0.0191688058502962
t20240aep,0.106292462345035
t19239aep,0.0115632844030125
t9044aep,0.00887421030905963
t19493aep,0.0502695775584637
t27899aep,0.0148465969751512
t19509aep,0.00576962118838654
t29739aep,0.0191688058502962
t19713aep,0.0191688058502962
t10766aep,0.0381942215318354
t19454aep,0.0783875915738965
t19443aep,0.0794176817160739
t15548aep,0.0501257589142136
t15554aep,0.00265272946150597
t16745aep,0.0302577358464025
t1681aep,0.19303609704542
t1698aep,0.0478382911512905
t1677aep,0.0410964110794008
t1679aep,0.327123555460112
t1670aep,0.0886370709570189
t1685aep,0.0255206092886489
t19423aep,0.0666846208634224
t19391aep,0.955402511993867
t19431aep,0.0191688058502962
t19392aep,2.36246743953166
t19413aep,0.0336870453137512
t19409aep,0.0191688058502962
t10529aep,0.0267921321707584
t15736aep,0.0434936237165784
t10347aep,0.00582354014066845
t10353aep,0.0491741888239024
t16011aep,0.0191688058502962
t9598aep,0.0295069812067294
t1869aep,0.0191688058502962
t1866aep,0.0191688058502962
t1852aep,0.0381942215318354
t21993aep,0.140659393707725
t21975aep,1.42060698018791
t20083aep,0.252657423203169
t20087aep,0.00834561235450449
t20117aep,0.10649355375455
t20081aep,0.0131384458173167
t20097aep,0.0570791773167572
t20113aep,0.0758265167971628
t7527aep,0.188816704783048
t7522aep,0.0758265167971628
t7532aep,0.0191688058502962
t21402aep,0.119038847088417
t21410aep,0.0100855237754003
t16817aep,0.0191688058502962
t16809aep,0.0191688058502962
t16793aep,0.0191688058502962
t14179aep,0.0285341261666248
t14168aep,0.180468018565181
t14178aep,0.10526516350823
t14158aep,0.0191688058502962
t1529aep,0.0381942215318354
t8216aep,0.0191688058502962
t22569aep,0.0679481240991354
t22574aep,0.0191688058502962
t22577aep,0.0381942215318354
t22588aep,0.0191688058502962
t11347aep,0.0404025599216405
t9500aep,0.0941172037004184
t10777aep,1.76688863309332
t10782aep,0.0381942215318354
t9503aep,2.15101148021426
t21534aep,0.0191688058502962
t9485aep,0.0334700073739625
t21884aep,0.0381942215318354
t21893aep,0.0137851792219994
t19078aep,0.0191688058502962
t19073aep,0.0381942215318354
t25406aep,0.0381942215318354
t14377aep,0.0191688058502962
t15481aep,0.0191688058502962
t15497aep,0.0885216089266487
t19095aep,0.0191688058502962
t19084aep,0.0381942215318354
t4487aep,0.0191688058502962
t6054aep,0.0191688058502962
t4505aep,2.05386666639765
t6899aep,0.0191688058502962
t11577aep,0.516782901131993
t11592aep,0.0570791773167572
t11579aep,0.0260487054973406
t11578aep,0.00513787432546711
t11588aep,0.0734803076766565
t5712aep,0.0882891452281592
t11595aep,0.0191688058502962
t7215aep,0.0632544836746096
t7236aep,0.0409147119828483
t25947aep,0.0331794444969145
t16037aep,0.0132993966123314
t16030aep,0.0104806322221751
t28760aep,0.0178080210613541
t16038aep,0.0191688058502962
t27211aep,0.0949637305065417
t10622aep,0.00742184283763049
t27220aep,0.01238669445181
t27217aep,0.0191688058502962
t30443aep,0.0118532093248424
t21510aep,0.28382781159381
t21496aep,0.0616678052440196
t4966aep,0.0302979907411281
t17005aep,0.0108565481169027
t19984aep,0.0191688058502962
t29885aep,0.0161387764802917
t19977aep,0.0229575715959455
t26591aep,0.0191688058502962
t8342aep,0.0191688058502962
t27427aep,0.0191688058502962
t27424aep,0.0191688058502962
t11331aep,0.0191688058502962
t11333aep,0.164480602902835
t20470aep,0.0685611249141789
t29969aep,0.0216731000408503
t20458aep,0.00750036010150182
t29964aep,0.0537706933901397
t20479aep,0.0471200278296048
t19597aep,0.012423721275581
t16292aep,0.0191688058502962
t16290aep,0.00293693524991153
t16282aep,0.0191688058502962
t16302aep,0.0191688058502962
t16284aep,0.0191688058502962
t23717aep,0.0381942215318354
t1752aep,0.205600843925688
t24306aep,0.0123592060920024
t1736aep,0.178123341584992
t12346aep,0.0191688058502962
t30760aep,0.0191688058502962
t27864aep,0.0191688058502962
t27402aep,0.0191688058502962
t11254aep,0.0381942215318354
t27403aep,0.0570791773167572
t4066aep,0.0191688058502962
t25257aep,0.0191688058502962
t25256aep,0.0191688058502962
t4079aep,0.21494079585222
t4077aep,0.0191688058502962
t24411aep,0.0156545771398794
t2160aep,0.0191688058502962
t24401aep,0.781652283839515
t27944aep,0.0468339116150122
t27947aep,0.0131052057314994
t13422aep,0.00946349679694085
t27942aep,0.0137948907061617
t16449aep,0.0110299748066934
t16447aep,0.0119451659619805
t16452aep,0.0944390002681869
t16428aep,0.123669364895224
t28490aep,0.0191688058502962
t14454aep,0.0732516682940153
t14476aep,0.167592840619152
t14442aep,0.687509631394754
t14479aep,0.0191688058502962
t3443aep,0.00997804959378417
t3417aep,0.0191688058502962
t8496aep,1.40187580795178
t8469aep,0.011990520460041
t26644aep,0.0191688058502962
t8464aep,0.437884275652159
t8492aep,0.0191688058502962
t8416aep,0.075936388178953
t26637aep,0.021061934913142
t8451aep,0.0570791773167572
t8426aep,0.00629388362945016
t5950aep,0.0298508547924236
t1487aep,0.0191688058502962
t24208aep,0.0381942215318354
t28676aep,0.000903399408317617
t15467aep,0.00785940266827041
t15474aep,0.234480910450796
t21437aep,0.0303151768831681
t21449aep,0.0509377980231905
t21435aep,0.0775149174579008
t8703aep,0.0312825258965015
t8719aep,0.0191688058502962
t8724aep,0.0191688058502962
t21064aep,0.0191688058502962
t21061aep,0.0191688058502962
t30308aep,0.180315031833701
t21079aep,0.0191688058502962
t15887aep,0.0994274586784295
t24932aep,0.0381942215318354
t24930aep,0.0474743340940928
t24926aep,0.0381942215318354
t29561aep,0.00113724320808456
MT_COX1,0.0191688058502962
MT_CYTB,0.0191688058502962
MT_ND4,0.0191688058502962
MT_trna0,0.0191688058502962

