133
ChoanoflagellataEP00035Acanthoecaspectabilis_10737475__GNA14_XENLA_Guanine_nucleotide-binding_protein_subunit_alpha-14_OS_            0.0000000 2.2418769 2.0504885 0.2344876 1.9494747 1.5143079 1.9216911 1.1581743 1.3414056 2.5309335 2.0158086 1.9236432 1.1300864 1.6112892 1.3414231 1.4878643 1.3191465 2.2216649 1.6678295 1.7045235 2.3052657 1.5583383 1.7205232 1.9150462 1.7856941 1.4207801 1.5874294 1.6628391 1.9071655 1.7208981 1.7037101 1.9341992 2.0359375 1.7576062 1.5412518 1.4902279 2.2846364 1.4747176 2.3059458 1.6246767 0.6744167 1.6000339 1.4247169 1.7319513 1.7319513 1.6186541 1.5951800 1.6656470 2.2911063 1.9632224 1.3543730 1.6254985 1.4824376 1.5378995 1.6266104 2.1689449 1.6397392 1.6032127 1.6351569 3.6255502 1.3980324 2.0254436 3.2348618 2.0644831 2.1021225 3.3406659 1.6385251 1.6799391 1.7697351 1.6833190 1.7250704 1.5949457 1.6197769 1.7017871 1.6965818 1.6131430 1.7729194 1.6719223 1.5645248 1.7635013 1.5806710 1.5784997 1.9139900 1.7122169 1.8715052 2.2105418 1.5883402 1.8704703 1.7591470 2.5123164 1.7443881 2.4985445 1.5336267 2.4326755 1.5593154 2.2166525 2.2056256 1.8558755 1.4349364 1.7207730 1.3256696 2.2829169 1.3256696 2.4145842 1.7050940 1.8342700 1.7963969 1.8342700 1.7757275 2.0089915 1.8593643 2.0124157 1.9080844 2.7376449 1.6681365 1.5979389 1.7719523 1.8391025 2.0360880 1.5496797 2.1388704 1.9727647 1.7460802 2.4513028 1.3239884 1.6361998 1.6918046 2.1147179 1.6985491 1.6685021 1.6995854 1.7076962 2.0692366 
ChoanoflagellataEP00035Acanthoecaspectabilis_10739696__GNAQ_RAT_Guanine_nucleotide-binding_protein_G_q__subunit_alpha_OS_             2.2418769 0.0000000 0.2633591 2.5236434 1.7508921 2.0991427 1.2682445 1.8462811 1.6910536 2.1803735 2.2166777 1.9894025 1.8003011 1.6116001 1.7276438 1.6065729 1.8711407 2.0987614 1.6812757 2.0416201 1.9029487 1.9971849 1.9983883 1.6963563 1.9944729 1.2863723 1.8584896 1.9377475 2.0960167 1.8289245 1.7371094 2.1400900 2.0981068 1.8315047 2.1610929 2.1446781 3.0203088 1.9505960 1.9273021 1.7728849 1.2508920 1.7230484 1.8049517 1.9429263 1.9429263 1.8176661 1.8166247 1.7991901 1.9233380 1.7346096 1.7206973 1.8425120 1.8653070 1.8175804 1.8395548 1.6605419 1.8326890 1.8121715 1.8630514 3.4393067 1.7804042 2.2373582 3.5699777 2.4505295 2.3361153 3.1904363 1.8403548 1.8453361 2.0076373 1.9554508 1.9134794 1.8948901 1.8341374 1.8993476 1.8344075 1.7264640 1.7663803 1.7845203 1.9692326 2.0048917 1.8542348 1.8937460 2.0918019 1.8420096 2.1024512 2.5929609 1.9471206 2.0313242 1.9912353 2.0789966 1.8977851 2.2391421 1.3913832 1.9045980 1.8687098 2.3378715 2.3738921 1.7817739 1.8501242 2.0497737 1.8610641 2.2939381 1.8355935 2.1000245 1.8355832 2.0246933 1.7178680 2.0114121 1.7820356 2.1652992 1.8985282 2.1927000 1.8542346 3.1841000 1.8557267 1.8082619 1.9458899 2.1572932 2.4777815 1.9490577 2.9110420 3.1167149 1.8606750 2.3183886 1.7156617 1.9341326 1.9188861 2.0136920 1.8191961 1.8874252 1.8179718 1.9360075 2.0222297 
ChoanoflagellataEP00037Helgoecanana_10784991__GNAQ_DROME_G_protein_alpha_q_subunit_OS_                                                2.0504885 0.2633591 0.0000000 2.2396545 1.6557587 2.1661739 1.3335363 1.7941349 1.6026426 2.2171284 2.1614552 1.9932354 1.7758775 1.4739092 1.7442461 1.5884025 1.7331442 2.2582770 1.6278376 1.8800860 1.7722510 1.9675962 1.8733568 1.7149199 1.9134062 1.2927334 1.8169465 1.8519579 1.8508899 1.6576813 1.6304954 1.9492125 1.9233221 1.7136607 2.1062978 2.0131661 2.8736363 2.1089119 1.8188612 1.7233940 1.1631546 1.5990131 1.7557589 1.8047837 1.8047837 1.7809109 1.7273375 1.7118061 1.8963908 1.6931446 1.6863500 1.7417302 1.8000214 1.7327676 1.7418677 1.5745548 1.7318914 1.7190720 1.7497975 3.3287857 1.6167220 2.1108589 3.7642309 2.4334965 2.3144296 2.8747651 1.7300333 1.7629367 1.9691811 1.9072980 1.8671214 1.7787912 1.7531872 1.8002910 1.7194848 1.7077089 1.6839225 1.7333832 1.7104883 1.8438289 1.7392446 1.7961736 1.9295454 1.7579687 2.0899652 2.3982877 1.8689002 1.8573998 1.9075341 2.0512883 1.8111002 2.2566146 1.4023858 1.8986993 1.8666228 2.0207762 2.1894269 1.6476565 1.7099335 1.9334149 1.8073680 2.2340503 1.7826489 2.0285967 1.7521554 2.0315522 1.5828019 2.0182377 1.7061704 2.1448015 1.8374286 2.1056792 1.8552489 3.0455192 1.8165128 1.7267266 1.7963470 1.9335713 2.3583678 1.9019588 2.8567615 2.9387541 1.7842217 2.1084622 1.6678429 1.6833713 1.8098409 2.0286354 1.7566902 1.7965004 1.7518658 1.6850047 2.0025735 
ChoanoflagellataEP00037Helgoecanana_10815126__GNA14_XENLA_Guanine_nucleotide-binding_protein_subunit_alpha-14_OS_                     0.2344876 2.5236434 2.2396545 0.0000000 2.2044085 1.6753372 2.1539326 1.1310195 1.3187795 2.7074539 2.1509199 2.0043049 1.2730678 1.6245571 1.4657986 1.5385992 1.3848825 2.3223540 1.8058153 1.8614220 2.6423277 1.6008088 1.6863459 1.9925303 1.7953888 1.7702832 1.6070337 1.6115498 1.9377710 1.6726360 1.7057734 1.9898383 1.9631466 1.6872725 1.6893830 1.6115859 2.3717428 1.5084638 2.3031663 1.6282975 0.6364368 1.7517349 1.2625415 1.6998364 1.6998364 1.6165425 1.5942382 1.6286461 2.2786079 1.9503888 1.2712066 1.6276444 1.5197277 1.5628129 1.6299073 2.2095336 1.6281241 1.5957045 1.6596343 3.6925323 1.2849664 2.1702109 3.2862745 2.2416259 2.1795939 3.4851282 1.6443789 1.6634240 1.6529370 1.6553041 1.7070347 1.5814369 1.5792934 1.7072242 1.6026844 1.5993672 1.6919490 1.6430109 1.6412334 1.7024675 1.6483869 1.7011136 1.9301941 1.6896299 1.9823149 1.8712980 1.6651125 1.8980202 1.7518526 2.4990621 1.7004322 2.5302967 1.6277460 2.6427084 1.6017492 2.2753800 2.0792633 1.8424095 1.6222732 1.7631757 1.1389791 2.3725278 1.1389791 2.3824988 1.6672047 1.7663625 1.7863593 1.7663625 1.7879862 2.1055809 1.7833896 1.9987841 1.8678152 2.5687247 1.6790521 1.6851861 1.7159740 2.0200064 2.2083649 1.6534710 2.2969776 1.8824979 1.7021239 2.5149426 1.2538142 1.6627741 1.6500733 2.1594818 1.6600222 1.6089624 1.6610470 1.7168322 2.1139428 
ChoanoflagellataEP00039Didymoecacostata_10864092__GNAQ_CANLF_Guanine_nucleotide-binding_protein_G_q__subunit_alpha_OS_                1.9494747 1.7508921 1.6557587 2.2044085 0.0000000 1.9478105 1.4068760 1.7430158 1.8344690 2.2340927 1.7979333 1.6456839 1.4834926 1.5057754 1.7958765 1.8927033 1.7005491 1.7376918 1.6902946 1.8988077 2.5827447 1.8449098 1.8581417 1.8697160 2.0494954 1.2353669 1.6021377 1.5534914 1.8544330 1.6264787 1.6883707 1.8792206 1.7685105 1.6625869 1.9577935 1.9613149 2.4461005 1.5086207 2.1937803 1.5572905 0.7100736 1.4373353 1.3084808 1.6347354 1.6347354 1.6261697 1.6458058 1.6217055 2.0884715 1.8831625 1.3495422 1.6950638 1.5101515 1.8087178 1.6937431 1.9939337 1.6818652 1.6560189 1.7110261 3.3988209 1.5456898 1.8415513 3.3585265 2.1520930 1.9044995 3.3485263 1.5862429 1.6898786 1.6266029 1.8198196 1.7240463 1.6294121 1.7089008 1.8971454 1.7196739 1.6680587 1.8342272 1.6514197 1.7694528 2.0123872 1.6410714 1.7814821 1.9337610 1.7039758 1.9811881 2.0230961 1.9741654 2.0766557 2.1154274 2.2835630 1.6811532 2.2401723 1.3962314 2.4925762 1.7645773 2.1810653 1.9533797 1.9438251 1.6647495 2.0618256 1.6990000 2.3075771 1.6773554 2.2646590 1.5664362 2.1689553 1.8847568 2.1543664 1.5755723 2.3612850 1.7721523 2.1815450 1.7681700 3.0221099 1.6625813 1.6001355 1.5777730 1.7175932 2.0059168 1.7416512 2.0596112 2.0800735 1.6077468 2.2375928 1.2181243 1.5752186 1.6712072 1.7744408 1.5832373 1.6681767 1.5813541 1.5936425 1.6844735 
ChoanoflagellataEP00039Didymoecacostata_10872254__GNA11_BOVIN_Guanine_nucleotide-binding_protein_subunit_alpha-11_OS_                 1.5143079 2.0991427 2.1661739 1.6753372 1.9478105 0.0000000 2.0879627 1.1868691 1.4182970 2.6374670 1.8200540 1.7008689 1.2791661 1.7028310 1.5097590 1.7130342 1.4753777 1.8384817 1.6711619 1.7237775 2.5659551 1.6447528 1.6325708 1.6440361 1.6757012 1.1033377 1.5000150 1.4854714 1.7837379 1.5231755 1.4702251 1.8430151 1.8585608 1.5120997 1.5156027 1.4500950 2.4929533 1.2495434 2.0044368 1.4886189 0.5508850 1.4629926 1.1220076 1.6022567 1.6022567 1.4559147 1.5125039 1.5098805 2.2734608 1.9281806 1.0605944 1.4722249 1.3201784 1.4366222 1.5092557 2.1552067 1.4881107 1.4931253 1.5124532 3.6246879 1.4708998 2.0149764 2.9202842 2.1132940 2.1067959 2.8650779 1.4604056 1.4804792 1.6280975 1.7733334 1.7287231 1.4467390 1.5300368 1.5636790 1.5027968 1.4275305 1.6036424 1.4164267 1.4638720 1.5707045 1.5994922 1.7860804 1.8021397 1.7513632 1.5703330 1.7954117 1.6253587 1.7203329 1.7265467 2.4275636 1.7362753 2.4423072 1.5748783 2.6043554 1.6778641 2.7856418 2.3160144 1.5432167 1.3422946 1.5627235 1.3080311 2.4438150 1.3080311 2.5652582 1.6602618 1.8347299 1.5160480 1.8347299 1.5097569 2.0262709 1.5260429 1.8380481 1.5579515 2.3012545 1.4760294 1.4480560 1.5479085 1.7494650 1.8492361 1.4777299 2.2288742 1.9140830 1.4639267 2.4014798 1.0643486 1.6024886 1.5420409 1.7697984 1.4895762 1.5344681 1.4904459 1.5972506 1.8050818 
ChoanoflagellataEP00040Diaphanoecagrandis_10910043__GNA14_XENLA_Guanine_nucleotide-binding_protein_subunit_alpha-14_OS_               1.9216911 1.2682445 1.3335363 2.1539326 1.4068760 2.0879627 0.0000000 1.5619723 1.7179653 2.5248259 1.9902662 1.8619941 1.7394354 1.5666262 1.7266215 1.7130407 1.7119968 1.9092240 1.7083142 2.0420226 2.0267241 1.8670019 1.8704154 1.9232074 2.0403709 1.4230729 1.7340119 1.7620316 1.9723570 1.8575668 1.7146180 2.0309268 2.0674470 1.7625257 1.7414165 1.7778039 2.3707198 1.5400635 1.8862914 1.7023217 0.8906694 1.6271529 1.5491784 1.8060020 1.8060020 1.8045780 1.7399603 1.7901431 2.1320916 2.0180037 1.6086961 1.7820279 1.5328269 1.6960040 1.7853390 1.8971950 1.7624811 1.7801485 1.7969772 3.3716476 1.6090761 1.7601583 3.5704571 2.2155273 2.2367886 3.2371104 1.6852895 1.7071172 1.9039559 1.9688704 1.8514770 1.6956670 1.7875210 2.1466385 1.8103699 1.8035412 1.8428861 1.8055846 1.9161802 1.9585065 1.8129482 1.8572039 2.2305914 1.9047257 2.1909456 2.2461847 1.8928705 1.9345633 2.1770413 2.1714304 1.7135848 2.3475909 1.5938234 2.1665187 1.8895289 2.5717877 2.7319615 1.9153942 1.7729653 1.9466341 2.0939019 2.4639020 2.0629668 1.8969924 1.6571992 2.2698889 1.8077563 2.2534830 1.6672773 1.8659102 1.8455129 1.9021960 1.8462868 2.6764248 1.7281579 1.5926727 1.7107336 1.7634972 1.9583053 1.7932601 2.2581587 2.5397967 1.7282391 2.6104901 1.5319163 1.5787782 1.6951254 1.9413307 1.7040816 1.7006882 1.6907677 1.6165618 1.9480152 
ChoanoflagellataEP00040Diaphanoecagrandis_10921743__GNAQ_DROME_G_protein_alpha_q_subunit_OS_                                          1.1581743 1.8462811 1.7941349 1.1310195 1.7430158 1.1868691 1.5619723 0.0000000 1.1230089 3.4009182 1.6242560 1.6242560 1.0379432 1.4279926 1.1978552 1.4728073 0.9232924 1.5971412 1.4245778 1.3517047 1.6370862 1.4689852 1.3417997 1.4268847 1.4732638 9.0000000 1.3637420 1.4429892 1.5924558 1.3363790 1.4160563 1.7856775 1.6804934 1.3707178 1.5523059 1.5374661 1.9306009 1.6747058 1.2948194 1.3530765 0.6312112 0.9800999 1.3721701 1.5495841 1.5495841 1.3581023 1.3550400 1.3170681 1.6023540 1.2205091 1.2709088 1.3011681 0.9908342 1.3289539 1.2997079 1.3255574 1.3011681 1.3404636 1.3101500 3.6696038 1.3183866 1.4743208 5.7707820 1.8605689 1.8077936 3.1221912 1.3566299 1.3267122 1.3403285 1.4975600 1.3996637 1.3340424 1.4037823 1.3656683 1.3788881 1.4096466 1.4299207 1.3947204 1.4653525 1.2785768 1.3500653 1.4334701 1.6627395 1.5672624 1.5007879 2.2324454 1.3815885 1.3681653 1.8140191 2.2857528 1.4260686 2.2629623 1.0086048 5.4970770 1.4042521 1.3849879 1.9289775 1.4895804 1.3692150 1.2982883 1.4947997 2.4866808 1.5069155 2.2596992 1.3566431 1.6142494 1.4916216 1.6230959 1.3953282 1.7539198 1.2899508 1.5442290 1.2899508 2.7851795 1.3494387 1.4195771 1.3603115 1.5078157 1.6501149 1.3159578 2.1067391 1.9294570 1.3147676 1.5764888 1.3185537 1.4996963 1.4358009 1.5731567 1.3702627 1.4322247 1.3638905 1.5208459 1.4801019 
ChoanoflagellataEP00045Choanoecaperplexa_11081482__GNAQ_CANLF_Guanine_nucleotide-binding_protein_G_q__subunit_alpha_OS_               1.3414056 1.6910536 1.6026426 1.3187795 1.8344690 1.4182970 1.7179653 1.1230089 0.0000000 1.8497204 1.6624694 1.5645674 0.7559367 1.1145483 0.7950670 1.3166742 0.3530915 1.4887801 1.1784578 1.3885119 1.7181765 1.1688905 1.2323475 1.3109180 1.2295584 1.0759834 1.0582346 1.0207203 1.2372631 1.0100052 1.0011808 1.2427425 1.3023007 1.0548203 1.1684459 1.1441880 2.0329811 1.2043560 1.6281878 0.9958763 0.4575702 1.1046190 0.8128478 1.1011426 1.1011426 1.0430670 1.0487279 1.0191721 1.4244936 1.2129729 0.8915284 1.0284029 0.9005052 0.9952713 1.0267797 1.2316111 1.0273914 1.0178043 1.0168157 2.4989769 0.8307662 1.6396021 2.5148969 1.6932792 1.7941043 2.3335641 1.0203421 1.0381413 1.1796188 1.0858278 1.0578894 1.1056603 1.0283877 1.0456470 1.0122301 1.0096043 1.1637787 0.9965582 1.2810586 1.1669638 0.9962312 1.0530546 1.5512954 1.3555124 1.2870258 1.3641044 1.2831251 1.2537153 1.3742043 1.7390169 0.9893799 1.9756054 1.4202172 1.8940283 1.0087771 1.5820480 1.4720358 1.3189458 1.1917230 1.1997535 0.8775996 1.9903503 0.8775996 1.8981767 1.0207632 1.3613839 1.1650576 1.3613839 1.0871291 1.8398111 1.1395462 1.5177355 1.1908490 2.1571804 1.0036580 1.0232180 1.0109779 1.2660841 1.6877527 1.1744929 1.7792243 1.5815699 1.0038956 1.5249948 0.7365102 1.0163178 1.0275151 1.3641027 0.9647273 1.0051892 0.9652705 1.0023141 1.3308931 
ChoanoflagellataEP00045Choanoecaperplexa_11087923__GNAQ_GEOCY_Guanine_nucleotide-binding_protein_G_q__subunit_alpha_OS_               2.5309335 2.1803735 2.2171284 2.7074539 2.2340927 2.6374670 2.5248259 3.4009182 1.8497204 0.0000000 0.2402931 0.1040310 1.5266374 2.0094215 2.1808394 1.9721408 1.7668191 1.2648668 2.0247678 2.1798938 1.7364127 2.2359118 2.3597137 2.4695133 2.3528274 1.4625799 2.2465022 2.2434488 3.0036616 2.1622165 2.4932402 2.5233326 2.7947918 2.3336494 8.9999980 8.9999980 3.0302294 7.7664216 2.2535061 2.2389168 9.0000000 1.7485366 8.2847627 2.1270660 2.1270660 2.3873567 2.1978174 2.3186272 1.9593901 1.8234113 8.3031566 2.3491568 2.0531798 2.3191417 2.4311968 2.0058817 2.2945759 2.2817424 2.4583766 3.3515037 2.2521524 3.4929895 3.2441613 3.0387370 2.7805890 8.7071794 2.3380051 2.4155918 3.2456918 3.3717351 3.2738821 2.3329665 2.2747561 2.8573106 2.3585793 2.0234855 1.8128196 2.0045049 2.0869921 2.6243636 1.9144133 2.3769686 2.0137083 2.4283339 2.2298220 8.9999989 2.5311687 2.6775685 2.4452053 2.5401787 2.1715290 2.7249277 1.5815535 1.6358153 2.3272757 2.2774394 8.9999986 1.9883172 2.0266550 2.5965472 8.3983599 2.8396847 8.3983599 2.4647492 1.9053539 2.4671906 2.0468953 2.4671906 2.2046408 2.5078111 2.6065540 2.7330033 2.7202582 8.9999987 2.1891531 2.1959997 2.1564071 2.4712980 2.2655307 2.3451526 2.7244997 3.2586209 2.1411239 2.4985733 8.4829993 2.3560940 2.2961877 2.3578781 2.2838239 2.2228475 2.2724444 2.3780743 2.3514797 
ChoanoflagellataEP00045Choanoecaperplexa_11087924__GNAQ_HOMAM_Guanine_nucleotide-binding_protein_G_q__subunit_alpha_OS_               2.0158086 2.2166777 2.1614552 2.1509199 1.7979333 1.8200540 1.9902662 1.6242560 1.6624694 0.2402931 0.0000000 0.0480370 1.5019600 1.4045085 1.7903532 1.6048020 1.6017791 0.9640912 1.5932282 1.6194216 2.0068097 1.6985219 1.7830615 1.6888832 1.7195954 1.4625799 1.6578928 1.7138313 1.8540376 1.6337928 1.8522190 1.9880982 2.0335306 1.6797824 1.6889654 1.6447315 2.4794092 1.5480743 1.8442653 1.6159997 0.7398424 1.5191283 1.2384522 1.7679816 1.7679816 1.6602688 1.6253716 1.6678745 2.3162742 1.9819633 1.2931739 1.6468457 1.5379434 1.6656651 1.6791888 2.2202463 1.6360213 1.6418759 1.6974860 3.3690356 1.5223449 2.0945393 3.8976168 2.1182895 1.8899574 3.5637028 1.6459850 1.6635574 1.7668461 1.8584513 1.7801745 1.6651268 1.5934207 1.6876653 1.6330665 1.4903627 1.5059258 1.4551419 1.6734454 1.8000537 1.4616335 1.6539087 1.7147789 1.8646595 1.6468868 2.0996384 2.0131640 1.7694074 1.8990259 2.4192642 1.5493304 2.3232428 1.4296087 1.9689250 1.6927935 2.4544415 1.5363855 1.7153421 1.7348588 1.8058099 1.4885436 2.6822463 1.4885436 2.3145157 1.4721706 1.8017061 1.6518764 1.8017061 1.6584417 2.0594506 1.7480732 1.8424879 1.7855281 2.6028558 1.6328742 1.6469114 1.6076428 1.7606203 1.7602834 1.7248404 2.2003885 2.1026278 1.6053213 2.4979097 1.2683953 1.7867166 1.6641987 1.8061320 1.6691041 1.6379699 1.6643730 1.7551749 1.8047266 
ChoanoflagellataEP00045Choanoecaperplexa_11087928__GNAQ_MOUSE_Guanine_nucleotide-binding_protein_G_q__subunit_alpha_OS_               1.9236432 1.9894025 1.9932354 2.0043049 1.6456839 1.7008689 1.8619941 1.6242560 1.5645674 0.1040310 0.0480370 0.0000000 1.3818048 1.3695790 1.7908442 1.5432785 1.5068843 0.8831464 1.4822155 1.5314858 1.7093009 1.6250265 1.6824610 1.5646192 1.6511546 1.4625799 1.5557275 1.6171186 1.7116195 1.5247119 1.7442078 1.8779021 1.9287899 1.6004100 1.6889654 1.6447315 2.3281774 1.5480743 1.6963592 1.5483795 0.7398424 1.3331671 1.2384522 1.7122743 1.7122743 1.6361233 1.5656437 1.6225436 1.9593901 1.7454316 1.2931739 1.6330720 1.4648779 1.6154325 1.6609877 2.0058817 1.6114489 1.6074818 1.6729788 3.3362884 1.4202636 2.0416626 3.8218515 1.9820838 1.7573360 3.5230379 1.5785570 1.6133266 1.6650624 1.7907701 1.7142303 1.5918047 1.5242923 1.6022431 1.5552564 1.4334704 1.4410879 1.4078464 1.5947588 1.6979510 1.4490841 1.6197608 1.6080605 1.8156696 1.5964237 2.0996384 1.9113147 1.7315020 1.7367293 2.2353863 1.4886955 2.2457386 1.2236490 1.9689250 1.6106159 2.1471195 1.5363855 1.5708351 1.6239246 1.7034073 1.4885436 2.5687643 1.4885436 2.1641818 1.4029015 1.7364206 1.5232712 1.7364206 1.5565521 1.9563694 1.7087649 1.8238412 1.7455233 2.6028558 1.5394593 1.5938113 1.5171985 1.6864520 1.6311245 1.7105386 2.1100845 1.9992541 1.5365656 2.2902149 1.2683953 1.6984958 1.5803524 1.6991503 1.5591246 1.5402319 1.5545772 1.6852425 1.6942350 
ChoanoflagellataEP00047Mylnosigafluctuans_11114050__GNA11_MELGA_Guanine_nucleotide-binding_protein_subunit_alpha-11_OS_               1.1300864 1.8003011 1.7758775 1.2730678 1.4834926 1.2791661 1.7394354 1.0379432 0.7559367 1.5266374 1.5019600 1.3818048 0.0000000 1.1432713 0.7174864 1.2900484 0.7081028 1.4557194 1.2951938 1.2461945 2.0062202 1.2235801 1.2786898 1.4733145 1.3268340 0.8814422 1.1052642 1.1045858 1.3009317 1.1139480 1.1965066 1.3018752 1.3631528 1.1177595 1.4153799 1.3181148 2.0227030 1.0827341 1.6720124 1.0724779 0.4823517 1.1904772 0.8478466 1.1774360 1.1774360 1.0576636 1.0495307 1.0631191 1.5705681 1.3977188 0.7932889 1.1062422 1.0001414 1.0637954 1.1149441 1.1986370 1.1093771 1.0221860 1.1341420 2.6219954 0.9263267 1.6908649 2.6758307 1.5724501 1.6071150 3.0684051 1.1090114 1.1281049 1.2127371 1.1589546 1.1345178 1.0941518 1.1598628 1.2011913 1.1591749 1.1092714 1.2793540 1.1264699 1.2003554 1.3563075 1.1344331 1.1203225 1.5667758 1.4084666 1.3952929 1.4584436 1.4117503 1.4656975 1.5137118 2.0461715 1.0703670 2.1503198 1.1694358 1.7727519 1.0176475 1.6028164 1.5212705 1.3434762 1.2500215 1.3416928 1.0476836 2.1835696 1.0476836 2.0628278 1.0467980 1.4329624 1.2637795 1.4329624 1.0631242 1.8304787 1.2637464 1.5117578 1.2569551 1.9211861 1.1070751 1.1514723 1.0680558 1.2379688 1.5230887 1.1273054 1.7358210 1.5839294 1.1020440 1.7075763 0.7678028 1.0524667 1.0586244 1.4366562 1.0497797 1.0471171 1.0503804 1.0669427 1.3895757 
ChoanoflagellataEP00050Salpingoecakvevrii_11194988__GNA14_XENLA_Guanine_nucleotide-binding_protein_subunit_alpha-14_OS_               1.6112892 1.6116001 1.4739092 1.6245571 1.5057754 1.7028310 1.5666262 1.4279926 1.1145483 2.0094215 1.4045085 1.3695790 1.1432713 0.0000000 1.2151484 1.2628094 1.2055964 1.7081589 1.2562189 1.2893186 1.8349341 1.2097359 1.2233176 1.5089288 1.1708146 0.9692546 1.1800416 1.1224666 1.2339304 1.0664439 1.1748612 1.3777077 1.3653089 1.1579097 1.6227656 1.4801730 1.8925281 1.0773486 1.5997442 1.1063053 0.5071691 1.0590477 0.8956085 1.2272273 1.2272273 1.0719214 1.1828396 1.1165023 1.6599191 1.3746147 0.8764262 1.1237686 1.0331502 1.1529006 1.1369374 1.4878963 1.1136825 1.1224446 1.1505436 2.3232519 1.0778908 1.6367833 2.9235841 1.7025072 1.6596349 2.8069552 1.1790646 1.1333587 1.2224135 1.1880203 1.1900068 1.1467392 1.1205718 1.2049505 1.1076149 1.1444250 1.2064115 1.1057377 1.1611757 1.2840248 1.1683883 1.1533259 1.4796608 1.2881637 1.4050219 1.8900767 1.2835933 1.3687542 1.4989083 1.9135506 1.0332529 2.0147906 0.9102076 1.7431456 1.1951550 1.6916029 0.7722773 1.3970022 1.1964897 1.3865339 1.0154040 2.2379338 1.0154040 1.9175030 1.0417464 1.6152166 1.3190535 1.6152166 1.1222746 1.7674350 1.1384278 1.3340217 1.1589896 2.3973483 1.0930629 1.1422913 1.1202769 1.2185855 1.6511694 1.2001443 1.7605520 1.7151391 1.0333873 1.4562820 0.9223744 1.0984608 1.1023486 1.4635947 1.0713694 1.1150803 1.0720081 1.1088101 1.4532786 
ChoanoflagellataEP00050Salpingoecakvevrii_11200041__GNAQ_CANLF_Guanine_nucleotide-binding_protein_G_q__subunit_alpha_OS_              1.3414231 1.7276438 1.7442461 1.4657986 1.7958765 1.5097590 1.7266215 1.1978552 0.7950670 2.1808394 1.7903532 1.7908442 0.7174864 1.2151484 0.0000000 1.3791640 0.8485941 1.5956040 1.3136033 1.5161375 1.6357286 1.3181744 1.3428898 1.4246075 1.3843729 0.9447424 1.1524721 1.1611731 1.3380155 1.1679146 1.1733854 1.4245793 1.4991894 1.1821731 1.3969409 1.3474887 2.0159861 1.2196049 1.8074621 1.0774101 0.5480261 1.2175622 0.9159319 1.1811085 1.1811085 1.1832017 1.1315355 1.1859586 1.6836498 1.4128134 0.9748665 1.2281665 1.0165460 1.0948127 1.2258305 1.3951574 1.2444817 1.1643651 1.2439965 2.6160617 0.9530021 1.6947839 2.9253786 1.7812702 1.9084047 2.6029133 1.0701106 1.1284231 1.2007409 1.1943461 1.1525966 1.1561483 1.1253911 1.1344929 1.1133318 1.1319357 1.2639050 1.1264220 1.2695467 1.3535282 1.0590750 1.1660305 1.6477070 1.3495664 1.4336648 1.5259390 1.3155799 1.4234583 1.7034336 1.9021658 1.1504950 2.1368113 1.3035772 2.3175626 1.1125095 1.6389911 2.1453925 1.3712465 1.1572790 1.2893850 1.1644995 2.2255784 1.1644995 2.0281433 1.1252656 1.6446753 1.3284563 1.6446753 1.1414580 1.6133984 1.1366290 1.6698701 1.1265284 2.4088941 1.1095848 1.1354073 1.0801858 1.3053833 1.6100117 1.2268998 1.8372938 1.8156016 1.1382125 1.5343802 0.9191683 1.1319049 1.1342356 1.5358401 1.0829378 1.1391445 1.0835638 1.1416418 1.4759443 
ChoanoflagellataEP00050Salpingoecakvevrii_11212111__GNAQ_HOMAM_Guanine_nucleotide-binding_protein_G_q__subunit_alpha_OS_              1.4878643 1.6065729 1.5884025 1.5385992 1.8927033 1.7130342 1.7130407 1.4728073 1.3166742 1.9721408 1.6048020 1.5432785 1.2900484 1.2628094 1.3791640 0.0000000 1.3018287 1.6563028 1.0398119 1.2731878 1.7573617 1.0460525 1.1662667 1.2349317 1.1651913 0.9043789 1.0170357 1.0204281 1.1345272 0.9428384 1.0356363 1.3532948 1.5138252 0.9916125 1.3663563 1.2771211 2.1123613 1.0834835 1.5030176 0.9530860 0.5398150 1.0130392 0.7696563 1.1070192 1.1070192 0.9844622 1.0091279 0.9759598 1.3307355 1.2098480 0.8107385 0.9649977 0.9522438 1.0891623 0.9967850 1.2398396 0.9655776 0.9748482 1.0070034 2.7508502 1.0040611 1.8290491 2.7123372 1.7776320 1.5297776 2.3365012 1.0702702 1.0517743 1.1215997 1.1177655 1.0699669 0.9968064 0.9558315 1.0240154 0.9342079 1.0258058 1.2800312 1.0273622 1.1955557 1.3086771 1.0676802 1.0387920 1.5939124 1.3534796 1.3061017 1.5714980 1.4323416 1.2017748 1.5664084 1.7883475 1.1133945 2.1614667 1.3768786 1.5454599 1.1358069 1.5016431 1.5811257 1.3966723 1.1531047 1.2359739 1.0716723 2.0274618 1.0893327 2.0213108 1.0612552 1.5519500 1.2849431 1.5619502 0.9457539 1.5201419 1.0770436 1.4686182 1.0366147 1.9698782 1.0215746 1.1549043 1.0381416 1.4379977 1.7026873 1.2328815 1.8471960 1.6835233 0.9930200 1.6475487 0.7953206 1.1007823 1.0066362 1.3654958 0.9979574 1.0202150 0.9947710 1.1398388 1.4136816 
ChoanoflagellateaMonosigabrevicollisUP000001357_11430276__GNAQ_MOUSE_Guanine_nucleotide-binding_protein_G_q__subunit_alpha_OS_        1.3191465 1.8711407 1.7331442 1.3848825 1.7005491 1.4753777 1.7119968 0.9232924 0.3530915 1.7668191 1.6017791 1.5068843 0.7081028 1.2055964 0.8485941 1.3018287 0.0000000 1.5534005 1.2621778 1.3267267 2.1164739 1.2098206 1.2297411 1.3505260 1.2747944 1.0704187 1.0959518 1.0604841 1.3818414 1.1128485 1.1272344 1.3098332 1.4332619 1.1248423 1.1894529 1.1560524 1.9148757 1.2167883 1.9185417 1.0549510 0.4135910 1.1331121 0.8326355 1.2528146 1.2528146 1.0282149 1.0777017 1.0364620 1.6732370 1.3339033 0.9198028 1.0187527 0.9764307 1.0802980 1.0282426 1.4362817 1.0272027 1.0504715 1.0254243 2.5078619 0.8499083 1.6783137 3.0435731 1.5950211 1.7185178 2.3891498 1.1184647 1.1224577 1.1751630 1.1368791 1.1155890 1.1202021 1.0868675 1.1455805 1.0818198 1.1798434 1.3665439 1.1654666 1.2835225 1.2540089 1.0514266 1.0642151 1.5513315 1.2556639 1.3817237 1.2279796 1.2987515 1.3896039 1.5013535 1.7950807 1.0838093 2.1130379 1.3923881 1.9078903 1.0645657 1.5702153 1.4378415 1.3897008 1.1712810 1.1955596 0.9493099 2.1920151 0.9493099 2.0356091 1.0727280 1.5036561 1.3207070 1.5036561 1.1423843 1.8767040 1.2374833 1.5926598 1.2727495 2.0154985 1.0665503 1.1202267 1.0245986 1.3586793 1.7508494 1.1829552 1.7686303 1.4356711 1.0841190 1.6544187 0.7785060 1.0606997 1.1189183 1.4818374 1.0175185 1.1296238 1.0142423 1.0676246 1.4115440 
ChoanoflagellateaMonosigabrevicollisUP000001357_11433699__GPA17_CAEBR_Guanine_nucleotide-binding_protein_alpha-17_subunit_OS_         2.2216649 2.0987614 2.2582770 2.3223540 1.7376918 1.8384817 1.9092240 1.5971412 1.4887801 1.2648668 0.9640912 0.8831464 1.4557194 1.7081589 1.5956040 1.6563028 1.5534005 0.0000000 1.7535503 1.7171516 2.3300755 1.6187790 1.7111512 1.6439430 1.7485348 1.6827676 1.6143534 1.6745092 1.8064275 1.5875257 1.7053208 2.0780434 2.0857434 1.7141568 1.5058540 1.4227086 2.6037558 1.3308518 2.1569025 1.5908326 0.6667461 1.5635254 1.2794359 1.7182981 1.7182981 1.6323946 1.6751412 1.6290090 2.3282016 1.9821618 1.3993881 1.6582977 1.5470163 1.6636358 1.6917771 1.9089192 1.6738823 1.6819635 1.6974493 3.3120422 1.4114857 2.0275662 3.8260586 2.0292197 1.7491452 2.5740223 1.6686635 1.7286546 1.6686244 1.7355358 1.6662517 1.6234863 1.6658784 1.7657489 1.6501224 1.6817125 1.9622671 1.7207869 1.7568094 1.7327602 1.6151722 1.6961478 1.7205182 1.9491963 1.6717513 2.0520979 1.9544585 1.8750376 1.9098384 2.5764044 1.7124484 2.3140365 1.5678104 2.5835046 1.5230316 2.4578946 1.9849087 1.7442791 1.7217648 1.7831210 1.4433325 2.2514521 1.4433325 2.2495012 1.5627943 1.7884395 1.6657404 1.7884395 1.6437044 2.0021942 1.7939297 1.8793703 1.8041295 2.8055361 1.5680385 1.7326403 1.5760410 1.7332193 1.7642419 1.8668165 1.8717072 1.8210651 1.5741974 2.3628467 1.2370821 1.6675462 1.6367083 1.7891647 1.5680974 1.6067327 1.5634696 1.6416936 1.8370526 
FilastreaCapsasporaowczarzakiUP000008743_12980394__GNAQ_XENLA_Guanine_nucleotide-binding_protein_G_q__subunit_alpha_OS_               1.6678295 1.6812757 1.6278376 1.8058153 1.6902946 1.6711619 1.7083142 1.4245778 1.1784578 2.0247678 1.5932282 1.4822155 1.2951938 1.2562189 1.3136033 1.0398119 1.2621778 1.7535503 0.0000000 1.0637629 1.5644305 0.8805944 0.7537515 1.0101727 0.9065439 1.3333818 1.0079790 1.0310940 1.2238453 1.0525260 1.0900533 1.3439370 1.3867771 1.0319728 1.3852645 1.3449581 1.9120492 1.2141059 1.5037380 0.9809233 0.5759400 1.0984166 0.7290022 1.1779623 1.1779623 1.0461593 1.0252226 1.0137644 1.5475785 1.4896430 0.7325054 1.0049641 1.0627600 0.9742830 1.0231455 1.2342945 1.0084701 1.0272023 1.0317735 2.7584858 0.8232592 1.6465224 2.5404755 1.7046044 1.7008446 2.5199035 0.9956485 1.0304274 0.9826996 1.0908294 1.0116156 1.0251185 1.0522244 1.1345153 1.0300022 0.9802112 1.2516118 0.9759560 1.1541647 1.1643753 1.0567859 1.0651300 1.4524585 1.2666101 1.4342836 1.3536177 1.2791043 1.1887200 1.3679661 1.7074614 1.0841165 2.0677284 1.7289051 1.6764294 0.9829914 1.5636694 1.0689094 1.4569044 1.0996656 1.2099695 1.0334754 1.9146953 1.0510703 1.8866290 1.0341769 1.4621673 1.2929656 1.4719311 0.9430036 1.7919493 1.1021006 1.4776535 1.1530804 2.1694043 0.9793583 1.0731887 1.0037580 1.3565351 1.6148026 1.1045980 2.1328028 1.9450241 0.9702185 1.7558715 0.7497070 1.0092625 0.9999762 1.4889152 0.9755623 0.9739833 0.9724554 1.0282940 1.5027360 
FilastreaCapsasporaowczarzakiUP000008743_12981327__GNAQ_RAT_Guanine_nucleotide-binding_protein_G_q__subunit_alpha_OS_                 1.7045235 2.0416201 1.8800860 1.8614220 1.8988077 1.7237775 2.0420226 1.3517047 1.3885119 2.1798938 1.6194216 1.5314858 1.2461945 1.2893186 1.5161375 1.2731878 1.3267267 1.7171516 1.0637629 0.0000000 2.2583592 0.9937280 0.9900549 1.1953964 0.9993047 1.2415491 0.9286914 0.9580708 1.1376886 0.9849293 1.0897559 1.1501102 1.2795432 0.9529816 1.4504226 1.4336553 2.0370001 0.8339298 1.7220509 0.9593722 0.5354068 1.0493842 0.5887223 1.0440053 1.0440053 1.0069530 0.9767232 0.9630315 1.6512780 1.4156736 0.5476316 0.9455222 1.0498957 0.9705686 0.9466300 1.5975377 0.9593322 0.9662378 0.9381039 2.5133891 0.7931073 1.4556219 2.9321472 1.3809494 1.4069632 2.3021473 0.9340277 0.9599522 0.9923642 0.9938249 0.9371187 0.9669879 0.9549849 0.9602889 0.9515543 0.9453178 1.1747655 0.9419894 1.0865216 1.0930373 0.9637967 0.9998658 1.3477466 1.1069692 1.1371561 1.1371677 1.0980720 1.1744679 1.5349234 1.4707728 0.9090755 2.0395612 1.3827133 1.5984181 0.9314456 1.5736146 1.4467584 1.0990789 1.0250971 1.1130291 0.9202644 2.0502080 0.9263241 1.6635437 0.9063338 1.4536835 1.1138689 1.4557090 1.0395732 1.8798831 1.0092392 1.2125695 0.9879020 1.7677035 0.9130007 1.0237356 0.9255898 1.2777353 1.3911169 1.1362737 1.7627312 1.6243304 0.9119514 1.4906368 0.6009053 0.9598860 0.9156912 1.3391282 0.9142935 0.9005915 0.9113246 0.9540970 1.3034018 
HaptophytaEP00319Phaeocystisglobosa_14066940__GPA1_COCH4_Guanine_nucleotide-binding_protein_subunit_alpha_OS_                         2.3052657 1.9029487 1.7722510 2.6423277 2.5827447 2.5659551 2.0267241 1.6370862 1.7181765 1.7364127 2.0068097 1.7093009 2.0062202 1.8349341 1.6357286 1.7573617 2.1164739 2.3300755 1.5644305 2.2583592 0.0000000 2.0958262 1.9297179 1.8524514 1.4925257 1.7045647 1.8564233 1.9763638 1.6800978 1.7699187 1.7576941 1.9923295 2.4432479 1.8232835 9.0000000 9.0000000 2.5265315 9.0000000 1.9143347 1.6737743 9.0000000 1.9199081 9.0000000 1.5091146 1.5091146 1.8892658 1.6723051 1.8194131 1.8273171 1.8560947 9.0000000 1.7844733 1.7664472 1.7590030 1.8077666 1.7964418 1.7624720 1.7460101 1.8142376 2.6752841 1.3087819 2.3540576 2.0757194 2.9572687 2.3406963 2.5704457 1.7870864 1.6371991 1.8581930 1.8439124 1.8439124 1.8203124 1.7214414 1.8561604 1.6845799 1.5684446 1.5512731 1.5512731 1.8799125 2.0522571 1.7046146 1.7532480 2.5485954 2.0109288 1.9717645 9.0000000 2.3757657 2.0323083 2.1700329 2.3742417 1.7985169 2.2462076 2.1475532 2.3202744 1.6926660 1.9898571 3.1367216 1.7544249 1.5759261 2.0430819 1.2818749 2.0956548 1.2818749 2.5051373 1.8217347 2.3358936 1.8319661 2.3358936 1.9400676 2.1122833 2.0089247 2.3371651 2.2684076 9.0000000 1.4830262 1.5987745 1.7208426 2.0197847 2.0382926 1.8308744 2.7583368 2.8833897 1.6531266 2.1568731 9.0000000 1.6042709 1.6595145 1.8164526 1.6163324 1.6027682 1.6184069 1.6189849 1.8308005 
IchthyosporeaEP00123Amoebidiumparasiticum_14564355__GNAQ_MOUSE_Guanine_nucleotide-binding_protein_G_q__subunit_alpha_OS_              1.5583383 1.9971849 1.9675962 1.6008088 1.8449098 1.6447528 1.8670019 1.4689852 1.1688905 2.2359118 1.6985219 1.6250265 1.2235801 1.2097359 1.3181744 1.0460525 1.2098206 1.6187790 0.8805944 0.9937280 2.0958262 0.0000000 0.3898048 1.0902201 0.4519678 1.0939285 0.9642758 0.9563067 1.0577283 0.9809887 1.0976194 1.2897678 1.3787898 0.9994029 1.5758278 1.6015944 2.0574078 1.1823408 1.6130649 0.9472407 0.4671970 1.0930326 0.6059477 1.1443125 1.1443125 0.9438542 1.0121710 0.9686673 1.5865392 1.3617299 0.6481195 0.9761417 1.0583562 0.8846888 0.9857426 1.3082228 0.9883331 0.9874157 0.9797214 2.5388402 0.7897759 1.5356765 2.4107083 1.6523804 1.8245662 2.3501724 0.9950730 1.0188055 1.0279047 1.0320580 0.9560014 0.9771351 0.9575886 0.9802910 0.9811789 1.0100317 1.2037839 1.0006464 1.1054532 1.1321035 1.0301223 1.0023696 1.4306956 1.2038798 1.3607346 1.1787338 1.2714801 1.0893567 1.3617239 1.7357461 1.0131002 2.2038480 1.2069330 1.4953946 0.9460205 1.4897177 1.3182626 1.2143513 1.0568494 1.0010648 0.8953142 2.0697529 0.9013705 1.7926903 0.9414800 1.3729703 1.1878112 1.3750597 0.9315571 1.6590887 1.0366920 1.1845757 1.0205945 1.9985115 0.9419731 1.0425552 0.9978492 1.4036109 1.4940789 1.0171671 1.7471674 1.7495614 0.9905258 1.6623179 0.6438436 0.9623063 0.9655617 1.3641067 0.9625789 0.9683433 0.9642145 0.9712327 1.3089534 
IchthyosporeaEP00123Amoebidiumparasiticum_14565896__GNA11_MOUSE_Guanine_nucleotide-binding_protein_subunit_alpha-11_OS_               1.7205232 1.9983883 1.8733568 1.6863459 1.8581417 1.6325708 1.8704154 1.3417997 1.2323475 2.3597137 1.7830615 1.6824610 1.2786898 1.2233176 1.3428898 1.1662667 1.2297411 1.7111512 0.7537515 0.9900549 1.9297179 0.3898048 0.0000000 1.0928336 0.4929310 1.0322707 1.0665409 1.0221011 1.1282095 1.0303579 1.0495592 1.2631950 1.3135412 0.9857514 1.5603403 1.5709097 2.0915677 1.2926640 1.8426845 0.9271573 0.4980127 1.0566827 0.6416401 1.1423561 1.1423561 0.9905284 1.0176245 0.9707427 1.7074586 1.6293249 0.6158801 0.9992335 1.0463462 0.9010893 0.9909630 1.4603771 1.0076055 1.0131358 1.0020761 2.7552875 0.7974376 1.6173427 2.4055478 1.6984162 1.6685233 2.4848577 0.9761095 1.0347242 0.9946342 1.0215819 0.9688505 0.9850477 1.0442911 1.0048581 1.0012862 1.0435968 1.2202833 1.0186535 1.1280296 1.1308013 1.0050152 1.0811330 1.4297079 1.2617677 1.4783881 1.2295128 1.3354040 1.2005533 1.3893206 1.6295933 1.0130689 2.0899005 1.4055337 1.6785184 0.9723297 1.5213920 1.2795062 1.2390314 1.1455337 1.0862084 0.9352673 2.0373290 0.9411476 1.7413493 0.9650448 1.4217540 1.1927582 1.4237796 0.9324406 1.9236380 1.1123614 1.3360993 1.1092159 1.8620970 0.9918890 1.0457997 1.0072124 1.2950437 1.4743579 1.0754603 1.7412428 1.6339911 1.0062894 1.8668266 0.6734932 0.9990640 0.9839924 1.3303517 0.9998922 0.9748239 0.9967854 1.0122183 1.3454705 
IchthyosporeaEP00126Sphaerothecumdestruens_14599113__GNAQ_XENLA_Guanine_nucleotide-binding_protein_G_q__subunit_alpha_OS_             1.9150462 1.6963563 1.7149199 1.9925303 1.8697160 1.6440361 1.9232074 1.4268847 1.3109180 2.4695133 1.6888832 1.5646192 1.4733145 1.5089288 1.4246075 1.2349317 1.3505260 1.6439430 1.0101727 1.1953964 1.8524514 1.0902201 1.0928336 0.0000000 1.1017065 1.3638363 1.0719068 1.1480616 1.2950957 1.0805060 1.2192784 1.3230500 1.3709837 1.1777933 1.2859372 1.2892667 2.3234658 1.0792593 1.6066820 1.0928159 0.4145301 1.3810418 0.6769735 1.3070113 1.3070113 1.1447177 1.1009378 1.1400946 1.7203206 1.6352688 0.7006040 1.1245008 1.1352484 1.1958215 1.1462843 1.7294295 1.1243850 1.0768894 1.1397712 2.6191492 1.0076041 1.7198690 2.4850160 1.5670237 1.7531790 2.3165256 1.1392001 1.1103882 1.1232026 1.0773323 1.0141933 1.1689205 1.1408949 1.1257722 1.1351822 1.0456590 1.2614022 1.0096716 1.2567261 1.3432743 1.1398118 1.1646125 1.4812703 1.2978587 1.5013022 1.2487737 1.3144893 1.3998790 1.5011171 1.7668499 1.1665038 2.1196176 1.4680161 1.8184946 1.0948647 1.8053822 1.2497772 1.4655293 1.1907742 1.2728867 0.9367228 2.2785888 0.9367228 1.8225597 1.0984793 1.4298295 1.3076913 1.4298295 1.1431081 1.8288389 1.2131532 1.5431238 1.2313980 2.0417834 1.1573156 1.1881673 1.1116800 1.4719591 1.5838715 1.2575158 1.8838100 1.7350871 1.1504950 2.2572403 0.6527988 1.1840392 1.1453661 1.4151359 1.1195518 1.1442098 1.1160991 1.2115599 1.4241155 
IchthyosporeaSphaeroformaarcticaUP000054560_14621151__GNAQ_HOMAM_Guanine_nucleotide-binding_protein_G_q__subunit_alpha_OS_            1.7856941 1.9944729 1.9134062 1.7953888 2.0494954 1.6757012 2.0403709 1.4732638 1.2295584 2.3528274 1.7195954 1.6511546 1.3268340 1.1708146 1.3843729 1.1651913 1.2747944 1.7485348 0.9065439 0.9993047 1.4925257 0.4519678 0.4929310 1.1017065 0.0000000 1.3531964 1.0578353 1.0968393 1.1573305 1.0004747 1.0932361 1.2646639 1.3434628 1.0229416 1.4766946 1.4870197 1.9288434 1.0601091 1.6644415 1.0288336 0.4584965 1.2447979 0.5797059 1.2036681 1.2036681 0.9631506 0.9986021 0.9702388 1.9325588 1.5581834 0.5949905 0.9671188 1.0840105 0.9954736 0.9826491 2.0258923 0.9668302 0.9837189 0.9947525 2.7993018 0.8715776 1.5998688 3.0530670 1.7106697 1.7362658 2.4085790 1.0909691 1.0700811 1.0192970 1.1017731 1.0344577 0.9917412 1.0184742 1.0621215 0.9606540 1.0347957 1.3302877 1.0086435 1.1409416 1.0898663 1.0682448 1.0804145 1.6155030 1.3695170 1.4191509 1.2330118 1.3786580 1.2232315 1.6027797 1.9300228 1.1420854 2.2391548 1.3166389 1.6421160 1.0316363 1.7067056 1.4147075 1.4490296 1.1497943 1.1168515 0.9641988 2.2306245 0.9701662 1.7544480 1.0639621 1.6340805 1.3572438 1.6359751 0.9574945 1.7939970 1.0114231 1.3092177 1.0114231 1.8985039 0.9697471 1.0319265 0.9991573 1.4853380 1.5751786 1.1172497 1.8498979 1.7585129 0.9450956 1.7100945 0.5850703 1.0401223 0.9915611 1.3998313 0.9661185 0.9734901 0.9627315 1.0582676 1.4194192 
MetazoaAnnelidaEP00103Capitellateleta_55803__GNAQ_CANLF_Guanine_nucleotide-binding_protein_G_q__subunit_alpha_OS_                     1.4207801 1.2863723 1.2927334 1.7702832 1.2353669 1.1033377 1.4230729 9.0000000 1.0759834 1.4625799 1.4625799 1.4625799 0.8814422 0.9692546 0.9447424 0.9043789 1.0704187 1.6827676 1.3333818 1.2415491 1.7045647 1.0939285 1.0322707 1.3638363 1.3531964 0.0000000 0.2511999 0.0850897 0.4445355 0.1757977 0.2300213 0.2879380 0.5245652 0.1606513 9.0000000 9.0000000 1.8406398 9.0000000 1.6477021 0.0855476 9.0000000 0.2858548 9.0000000 0.2117369 0.2117369 0.3508407 0.2215353 0.3838126 0.3156505 0.3366071 9.0000000 0.4341060 0.2647349 0.5271574 0.4592002 0.1414419 0.4615015 0.2718592 0.4772711 1.0471059 9.0000000 1.3603740 0.7889086 0.9068542 1.5591112 1.0529178 0.1719918 0.2353453 2.3888689 0.8043116 0.8043116 0.1242789 0.3582109 0.3176645 0.4113627 0.5691579 0.5746979 0.5746979 0.5782214 0.7261036 0.6676104 0.6748887 1.1457517 0.7120331 0.6387647 9.0000000 0.9400979 0.8757283 1.2392294 1.4832682 0.5542437 1.9210518 1.0069051 0.9431407 0.4537400 0.2338808 9.0000000 0.6753375 0.7490184 0.7355786 9.0000000 1.6997978 9.0000000 1.1994597 0.5199549 1.2349706 0.7333095 1.2349706 0.3815513 1.2489778 0.5226503 1.1195599 0.5226503 9.0000000 0.3727748 0.2959077 0.3417272 0.4629357 0.6626439 0.4330714 0.7463968 9.0000000 0.3335468 0.2765493 9.0000000 0.2958824 0.2776106 0.5928624 0.1799899 0.2998058 0.1799899 0.2895310 0.5801623 
MetazoaAnnelidaHelobdellarobusta_90592__GNAQ_RAT_Guanine_nucleotide-binding_protein_G_q__subunit_alpha_OS_                            1.5874294 1.8584896 1.8169465 1.6070337 1.6021377 1.5000150 1.7340119 1.3637420 1.0582346 2.2465022 1.6578928 1.5557275 1.1052642 1.1800416 1.1524721 1.0170357 1.0959518 1.6143534 1.0079790 0.9286914 1.8564233 0.9642758 1.0665409 1.0719068 1.0578353 0.2511999 0.0000000 0.1308784 0.4260226 0.2162671 0.3136577 0.5174910 0.5709005 0.2253620 1.0357711 0.9506164 1.6975882 0.7843853 1.4344033 0.1283996 0.0367288 0.2600256 0.0671232 0.2803845 0.2803845 0.2749313 0.2500427 0.2581102 0.4984304 0.4621575 0.1383573 0.2618059 0.2844748 0.3619819 0.2692225 0.2496287 0.2621145 0.2375294 0.2692390 2.0036801 0.3136497 1.2796775 2.0466620 1.0640093 1.2752799 1.9780024 0.1851438 0.2069193 0.2673242 0.3378024 0.2418908 0.1525677 0.2356096 0.2506147 0.2503851 0.3554080 0.5676995 0.3486862 0.6972487 0.8854464 0.5027508 0.4939860 1.2639873 0.8268175 0.9333178 0.9393881 0.8633229 0.9194117 0.9740514 1.4812028 0.4427185 1.9584982 1.1132730 1.5850158 0.2764298 0.3889134 1.3408385 1.0636635 0.7350252 0.8253309 0.5810497 1.7617651 0.5761759 1.5687097 0.4218426 0.9030095 0.9969017 0.8990208 0.2758968 1.3431578 0.4030356 1.0125440 0.4221261 1.5689988 0.2193156 0.3656841 0.2154280 0.8601593 1.0834972 0.4965096 1.2469593 1.3294328 0.1943523 0.5713969 0.0458881 0.3284222 0.1821882 0.9396489 0.1741518 0.1874219 0.1721927 0.3266272 0.9091388 
